56.000000000 -0.004239 1.005601 0.000000 0.000000 0.000000 -0.017367 0.999849
56.092626333 -0.003601 1.005171 0.000000 0.000000 0.000000 -0.016403 0.999865
56.136488199 -0.004426 1.007427 0.000000 0.000000 0.000000 -0.014559 0.999894
56.234569073 -0.003369 1.008261 0.000000 0.000000 0.000000 -0.013016 0.999915
56.291095257 0.000151 1.009524 0.000000 0.000000 0.000000 -0.010692 0.999943
56.384810448 0.001230 1.010317 0.000000 0.000000 0.000000 -0.009726 0.999953
56.432573795 0.002872 1.013141 0.000000 0.000000 0.000000 -0.008784 0.999961
56.517774343 0.005436 1.011971 0.000000 0.000000 0.000000 -0.007926 0.999969
56.566277504 0.006786 1.013191 0.000000 0.000000 0.000000 -0.007267 0.999974
56.658776283 0.007575 1.013816 0.000000 0.000000 0.000000 -0.007169 0.999974
56.719421625 0.007223 1.014407 0.000000 0.000000 0.000000 -0.007054 0.999975
56.806190968 0.006133 1.014493 0.000000 0.000000 0.000000 -0.006954 0.999976
56.859033823 0.005040 1.015179 0.000000 0.000000 0.000000 -0.006973 0.999976
56.956225157 0.005398 1.013519 0.000000 0.000000 0.000000 -0.006966 0.999976
56.992516994 0.003508 1.013778 0.000000 0.000000 0.000000 -0.007172 0.999974
57.085117579 0.002357 1.014431 0.000000 0.000000 0.000000 -0.007274 0.999974
57.135342836 0.001388 1.014669 0.000000 0.000000 0.000000 -0.007348 0.999973
57.226917267 0.001677 1.014157 0.000000 0.000000 0.000000 -0.007112 0.999975
57.280653477 0.001170 1.014423 0.000000 0.000000 0.000000 -0.007242 0.999974
57.376023293 0.000980 1.014502 0.000000 0.000000 0.000000 -0.007174 0.999974
57.421943903 0.000326 1.015004 0.000000 0.000000 0.000000 -0.007391 0.999973
57.506844759 -0.000654 1.017821 0.000000 0.000000 0.000000 -0.007753 0.999970
57.561612844 -0.000132 1.019948 0.000000 0.000000 0.000000 -0.008319 0.999965
57.661116600 0.001399 1.020719 0.000000 0.000000 0.000000 -0.008716 0.999962
57.713097334 0.000533 1.018997 0.000000 0.000000 0.000000 -0.008697 0.999962
57.818692207 0.000021 1.018484 0.000000 0.000000 0.000000 -0.008920 0.999960
57.857132435 0.000092 1.016858 0.000000 0.000000 0.000000 -0.009305 0.999957
57.942367077 0.000379 1.016462 0.000000 0.000000 0.000000 -0.009211 0.999958
57.993121147 -0.000559 1.017798 0.000000 0.000000 0.000000 -0.009286 0.999957
58.084053516 -0.001039 1.018880 0.000000 0.000000 0.000000 -0.008945 0.999960
58.134043932 0.002052 1.018745 0.000000 0.000000 0.000000 -0.008782 0.999961
58.226578236 0.001863 1.018785 0.000000 0.000000 0.000000 -0.008905 0.999960
58.278188705 0.001651 1.018565 0.000000 0.000000 0.000000 -0.008646 0.999963
58.375108480 0.001097 1.019470 0.000000 0.000000 0.000000 -0.008692 0.999962
58.432198524 -0.000335 1.018561 0.000000 0.000000 0.000000 -0.008778 0.999961
58.513686180 -0.001158 1.018600 0.000000 0.000000 0.000000 -0.008478 0.999964
58.577755451 -0.000923 1.018253 0.000000 0.000000 0.000000 -0.008404 0.999965
58.663658381 -0.002128 1.017738 0.000000 0.000000 0.000000 -0.008670 0.999962
58.721382856 -0.002135 1.018192 0.000000 0.000000 0.000000 -0.008540 0.999964
58.811643362 -0.001431 1.015644 0.000000 0.000000 0.000000 -0.008445 0.999964
58.859117508 -0.002312 1.014152 0.000000 0.000000 0.000000 -0.008742 0.999962
58.954252720 -0.001279 1.012978 0.000000 0.000000 0.000000 -0.009307 0.999957
59.016629219 0.000740 1.012699 0.000000 0.000000 0.000000 -0.009702 0.999953
59.106379747 0.000427 1.011734 0.000000 0.000000 0.000000 -0.010538 0.999944
59.158839226 0.002103 1.011872 0.000000 0.000000 0.000000 -0.010243 0.999948
59.239713192 0.005846 1.014621 0.000000 0.000000 0.000000 -0.010544 0.999944
59.295119047 0.006595 1.017043 0.000000 0.000000 0.000000 -0.010792 0.999942
59.400145054 0.006922 1.017306 0.000000 0.000000 0.000000 -0.010716 0.999943
59.447155952 0.005759 1.017191 0.000000 0.000000 0.000000 -0.010937 0.999940
59.543852329 0.006516 1.018273 0.000000 0.000000 0.000000 -0.010929 0.999940
59.590034962 0.007029 1.018751 0.000000 0.000000 0.000000 -0.010927 0.999940
59.665421247 0.009356 1.018924 0.000000 0.000000 0.000000 -0.010772 0.999942
59.720851421 0.007416 1.020184 0.000000 0.000000 0.000000 -0.010140 0.999949
59.805132151 0.006465 1.020613 0.000000 0.000000 0.000000 -0.010188 0.999948
59.860359430 0.006510 1.019427 0.000000 0.000000 0.000000 -0.010298 0.999947
59.957119226 0.007195 1.019362 0.000000 0.000000 0.000000 -0.010370 0.999946
60.005816936 0.008374 1.018721 0.000000 0.000000 0.000000 -0.010127 0.999949
60.089397669 0.009053 1.018444 0.000000 0.000000 0.000000 -0.009985 0.999950
60.138172865 0.009772 1.019780 0.000000 0.000000 0.000000 -0.009765 0.999952
60.220950127 0.009552 1.020144 0.000000 0.000000 0.000000 -0.010357 0.999946
60.272440672 0.011011 1.019342 0.000000 0.000000 0.000000 -0.010191 0.999948
60.365985632 0.011768 1.019791 0.000000 0.000000 0.000000 -0.009993 0.999950
60.419920921 0.011109 1.019635 0.000000 0.000000 0.000000 -0.010284 0.999947
60.517887354 0.011166 1.020025 0.000000 0.000000 0.000000 -0.010457 0.999945
60.576246977 0.013026 1.019825 0.000000 0.000000 0.000000 -0.010816 0.999942
60.661265135 0.013849 1.020096 0.000000 0.000000 0.000000 -0.011248 0.999937
60.720116138 0.013685 1.019050 0.000000 0.000000 0.000000 -0.010991 0.999940
60.806773424 0.013259 1.019138 0.000000 0.000000 0.000000 -0.011113 0.999938
60.856551170 0.013790 1.018237 0.000000 0.000000 0.000000 -0.011199 0.999937
60.954911470 0.014913 1.017188 0.000000 0.000000 0.000000 -0.011736 0.999931
61.012297630 0.014414 1.016588 0.000000 0.000000 0.000000 -0.011919 0.999929
61.109639168 0.011510 1.016833 0.000000 0.000000 0.000000 -0.011994 0.999928
61.157109976 0.010922 1.017957 0.000000 0.000000 0.000000 -0.012433 0.999923
61.239634752 0.008464 1.017802 0.000000 0.000000 0.000000 -0.012144 0.999926
61.291578770 0.007313 1.017739 0.000000 0.000000 0.000000 -0.012399 0.999923
61.377224922 0.006704 1.017184 0.000000 0.000000 0.000000 -0.012928 0.999916
61.424571276 0.005114 1.016348 0.000000 0.000000 0.000000 -0.013250 0.999912
61.517945051 0.004197 1.015090 0.000000 0.000000 0.000000 -0.013063 0.999915
61.571182013 0.001354 1.014647 0.000000 0.000000 0.000000 -0.013701 0.999906
61.674693108 0.001235 1.013113 0.000000 0.000000 0.000000 -0.014037 0.999901
61.731230259 -0.000272 1.014327 0.000000 0.000000 0.000000 -0.014692 0.999892
61.823836803 0.001719 1.012464 0.000000 0.000000 0.000000 -0.014542 0.999894
61.867137194 0.001981 1.011524 0.000000 0.000000 0.000000 -0.014765 0.999891
61.957184315 0.002327 1.011642 0.000000 0.000000 0.000000 -0.014579 0.999894
62.007257462 0.001127 1.012114 0.000000 0.000000 0.000000 -0.014787 0.999891
62.096065044 0.002668 1.013150 0.000000 0.000000 0.000000 -0.014406 0.999896
62.149833441 0.004094 1.014214 0.000000 0.000000 0.000000 -0.014562 0.999894
62.231528997 0.019574 1.010904 0.000000 0.000000 0.000000 -0.014337 0.999897
62.288254261 0.029950 1.011521 0.000000 0.000000 0.000000 -0.014125 0.999900
62.372793436 0.044576 1.011146 0.000000 0.000000 0.000000 -0.014033 0.999902
62.437046528 0.054599 1.008743 0.000000 0.000000 0.000000 -0.013959 0.999903
62.518205643 0.069451 1.006901 0.000000 0.000000 0.000000 -0.013757 0.999905
62.573649645 0.078395 1.005049 0.000000 0.000000 0.000000 -0.013576 0.999908
62.658019066 0.093721 1.005867 0.000000 0.000000 0.000000 -0.013098 0.999914
62.708748341 0.106358 1.004984 0.000000 0.000000 0.000000 -0.012947 0.999916
62.802901506 0.122814 1.004627 0.000000 0.000000 0.000000 -0.012887 0.999917
62.862125397 0.132311 1.002890 0.000000 0.000000 0.000000 -0.012328 0.999924
62.944721937 0.147446 1.001574 0.000000 0.000000 0.000000 -0.012204 0.999926
63.001682520 0.156582 1.000873 0.000000 0.000000 0.000000 -0.012046 0.999927
63.096352816 0.173534 0.998492 0.000000 0.000000 0.000000 -0.012195 0.999926
63.140980959 0.182181 0.996907 0.000000 0.000000 0.000000 -0.011981 0.999928
63.224403381 0.196516 0.991991 0.000000 0.000000 0.000000 -0.012513 0.999922
63.278097630 0.206332 0.991537 0.000000 0.000000 0.000000 -0.012769 0.999918
63.378735542 0.224186 0.991027 0.000000 0.000000 0.000000 -0.012711 0.999919
63.429337263 0.233459 0.990131 0.000000 0.000000 0.000000 -0.012289 0.999924
63.507558107 0.248070 0.989352 0.000000 0.000000 0.000000 -0.012368 0.999924
63.561244726 0.255884 0.989203 0.000000 0.000000 0.000000 -0.012048 0.999927
63.651183605 0.272075 0.991184 0.000000 0.000000 0.000000 -0.011921 0.999929
63.722069025 0.282985 0.990203 0.000000 0.000000 0.000000 -0.011578 0.999933
63.818211794 0.298584 0.988944 0.000000 0.000000 0.000000 -0.011509 0.999934
63.867984533 0.308344 0.989245 0.000000 0.000000 0.000000 -0.011473 0.999934
63.954170942 0.323334 0.988661 0.000000 0.000000 0.000000 -0.011598 0.999933
64.007827759 0.332753 0.987582 0.000000 0.000000 0.000000 -0.011672 0.999932
64.098969221 0.349120 0.987035 0.000000 0.000000 0.000000 -0.011394 0.999935
64.150251389 0.357154 0.988856 0.000000 0.000000 0.000000 -0.010930 0.999940
64.240028858 0.371326 0.989770 0.000000 0.000000 0.000000 -0.010889 0.999941
64.291742325 0.380563 0.988642 0.000000 0.000000 0.000000 -0.010351 0.999946
64.384911537 0.396886 0.987939 0.000000 0.000000 0.000000 -0.010137 0.999949
64.438662767 0.406471 0.988230 0.000000 0.000000 0.000000 -0.009811 0.999952
64.529100657 0.419839 0.988194 0.000000 0.000000 0.000000 -0.009641 0.999954
64.581606388 0.429267 0.987604 0.000000 0.000000 0.000000 -0.009467 0.999955
64.666499376 0.444038 0.987219 0.000000 0.000000 0.000000 -0.009547 0.999954
64.719514608 0.451519 0.986855 0.000000 0.000000 0.000000 -0.009886 0.999951
64.801486015 0.464604 0.988515 0.000000 0.000000 0.000000 -0.009691 0.999953
64.853920698 0.474852 0.989085 0.000000 0.000000 0.000000 -0.009482 0.999955
64.943417788 0.490608 0.990005 0.000000 0.000000 0.000000 -0.009230 0.999957
64.995023489 0.499880 0.989180 0.000000 0.000000 0.000000 -0.009052 0.999959
65.076430798 0.513936 0.988271 0.000000 0.000000 0.000000 -0.008988 0.999960
65.137303352 0.526438 0.989418 0.000000 0.000000 0.000000 -0.009035 0.999959
65.235720634 0.544308 0.988207 0.000000 0.000000 0.000000 -0.008841 0.999961
65.286878586 0.554337 0.988242 0.000000 0.000000 0.000000 -0.008887 0.999961
65.388996363 0.573053 0.988235 0.000000 0.000000 0.000000 -0.008809 0.999961
65.443364143 0.583696 0.988210 0.000000 0.000000 0.000000 -0.008677 0.999962
65.533442974 0.599533 0.988044 0.000000 0.000000 0.000000 -0.008941 0.999960
65.583643198 0.608789 0.988340 0.000000 0.000000 0.000000 -0.008398 0.999965
65.666572094 0.623098 0.986640 0.000000 0.000000 0.000000 -0.008493 0.999964
65.718314648 0.631568 0.984896 0.000000 0.000000 0.000000 -0.008815 0.999961
65.813969851 0.649077 0.984746 0.000000 0.000000 0.000000 -0.009127 0.999958
65.860479355 0.657654 0.985835 0.000000 0.000000 0.000000 -0.009291 0.999957
65.949100494 0.674933 0.985905 0.000000 0.000000 0.000000 -0.009212 0.999958
66.006313324 0.685935 0.987232 0.000000 0.000000 0.000000 -0.008783 0.999961
66.091695070 0.701737 0.987812 0.000000 0.000000 0.000000 -0.008602 0.999963
66.150105000 0.714194 0.988410 0.000000 0.000000 0.000000 -0.008874 0.999961
66.245607138 0.729408 0.988127 0.000000 0.000000 0.000000 -0.008764 0.999962
66.289936066 0.736331 0.989075 0.000000 0.000000 0.000000 -0.008411 0.999965
66.374847174 0.753410 0.988764 0.000000 0.000000 0.000000 -0.008349 0.999965
66.427448988 0.764609 0.988643 0.000000 0.000000 0.000000 -0.008334 0.999965
66.515174389 0.781188 0.988197 0.000000 0.000000 0.000000 -0.008260 0.999966
66.565155268 0.791248 0.988048 0.000000 0.000000 0.000000 -0.008484 0.999964
66.668905973 0.810648 0.987064 0.000000 0.000000 0.000000 -0.008636 0.999963
66.720251560 0.821515 0.987924 0.000000 0.000000 0.000000 -0.008207 0.999966
66.818524122 0.841985 0.990974 0.000000 0.000000 0.000000 -0.007733 0.999970
66.862034321 0.849823 0.989852 0.000000 0.000000 0.000000 -0.007368 0.999973
66.948162079 0.865387 0.991024 0.000000 0.000000 0.000000 -0.007193 0.999974
66.998103142 0.873504 0.991075 0.000000 0.000000 0.000000 -0.007400 0.999973
67.100195885 0.892782 0.989845 0.000000 0.000000 0.000000 -0.007517 0.999972
67.157076359 0.903174 0.989403 0.000000 0.000000 0.000000 -0.007445 0.999972
67.269846916 0.925324 0.988297 0.000000 0.000000 0.000000 -0.007377 0.999973
67.325706720 0.935257 0.990337 0.000000 0.000000 0.000000 -0.007027 0.999975
67.417520761 0.952684 0.988567 0.000000 0.000000 0.000000 -0.007007 0.999975
67.475314379 0.963445 0.987884 0.000000 0.000000 0.000000 -0.006894 0.999976
67.587245464 0.983846 0.987153 0.000000 0.000000 0.000000 -0.006578 0.999978
67.657504320 0.997976 0.986918 0.000000 0.000000 0.000000 -0.006741 0.999977
67.744100571 1.016543 0.985780 0.000000 0.000000 0.000000 -0.006847 0.999977
67.809964418 1.029491 0.985329 0.000000 0.000000 0.000000 -0.006333 0.999980
67.907867193 1.044561 0.986721 0.000000 0.000000 0.000000 -0.005986 0.999982
67.955658197 1.055133 0.988646 0.000000 0.000000 0.000000 -0.006265 0.999980
68.043772697 1.072345 0.989873 0.000000 0.000000 0.000000 -0.006300 0.999980
68.092056751 1.083548 0.990892 0.000000 0.000000 0.000000 -0.006633 0.999978
68.198954105 1.105747 0.989193 0.000000 0.000000 0.000000 -0.006719 0.999977
68.239401817 1.115809 0.990145 0.000000 0.000000 0.000000 -0.006023 0.999982
68.334116697 1.133116 0.990942 0.000000 0.000000 0.000000 -0.005500 0.999985
68.393169165 1.145802 0.991112 0.000000 0.000000 0.000000 -0.005411 0.999985
68.488315105 1.163640 0.989773 0.000000 0.000000 0.000000 -0.005323 0.999986
68.548655272 1.176765 0.989957 0.000000 0.000000 0.000000 -0.005414 0.999985
68.628951550 1.192850 0.988381 0.000000 0.000000 0.000000 -0.005505 0.999985
68.688163757 1.204988 0.987599 0.000000 0.000000 0.000000 -0.005325 0.999986
68.771270037 1.220388 0.987475 0.000000 0.000000 0.000000 -0.005050 0.999987
68.824939728 1.230159 0.987448 0.000000 0.000000 0.000000 -0.004898 0.999988
68.927378178 1.248691 0.987819 0.000000 0.000000 0.000000 -0.004344 0.999991
68.988554239 1.262061 0.987289 0.000000 0.000000 0.000000 -0.004325 0.999991
69.091393948 1.280595 0.988570 0.000000 0.000000 0.000000 -0.004703 0.999989
69.142657280 1.290003 0.987429 0.000000 0.000000 0.000000 -0.004315 0.999991
69.226943970 1.308117 0.987344 0.000000 0.000000 0.000000 -0.004021 0.999992
69.291504383 1.321196 0.986931 0.000000 0.000000 0.000000 -0.003496 0.999994
69.395749092 1.340445 0.987616 0.000000 0.000000 0.000000 -0.003559 0.999994
69.444655418 1.350093 0.985353 0.000000 0.000000 0.000000 -0.003385 0.999994
69.543005466 1.369204 0.984832 0.000000 0.000000 0.000000 -0.002894 0.999996
69.595045090 1.380607 0.984537 0.000000 0.000000 0.000000 -0.003091 0.999995
69.695927858 1.398822 0.984495 0.000000 0.000000 0.000000 -0.002613 0.999997
69.753221989 1.409371 0.983896 0.000000 0.000000 0.000000 -0.002304 0.999997
69.852281094 1.428679 0.983511 0.000000 0.000000 0.000000 -0.002727 0.999996
69.909631014 1.440271 0.982424 0.000000 0.000000 0.000000 -0.002924 0.999996
70.003495455 1.459474 0.982779 0.000000 0.000000 0.000000 -0.002808 0.999996
70.055417776 1.470345 0.983372 0.000000 0.000000 0.000000 -0.003099 0.999995
70.137858391 1.485830 0.983675 0.000000 0.000000 0.000000 -0.003088 0.999995
70.199167728 1.497259 0.983247 0.000000 0.000000 0.000000 -0.002882 0.999996
70.302878618 1.517105 0.983573 0.000000 0.000000 0.000000 -0.003076 0.999995
70.369396687 1.530858 0.984758 0.000000 0.000000 0.000000 -0.003344 0.999994
70.461210728 1.547576 0.985973 0.000000 0.000000 0.000000 -0.002978 0.999996
70.509778738 1.557003 0.985508 0.000000 0.000000 0.000000 -0.003241 0.999995
70.599387646 1.572867 0.986216 0.000000 0.000000 0.000000 -0.003295 0.999995
70.656033039 1.584629 0.987645 0.000000 0.000000 0.000000 -0.003118 0.999995
70.768153429 1.604888 0.987999 0.000000 0.000000 0.000000 -0.003193 0.999995
70.815999985 1.614978 0.987581 0.000000 0.000000 0.000000 -0.003756 0.999993
70.900581121 1.630145 0.988777 0.000000 0.000000 0.000000 -0.003669 0.999993
70.955633402 1.642370 0.989766 0.000000 0.000000 0.000000 -0.003792 0.999993
71.042252779 1.660835 0.989775 0.000000 0.000000 0.000000 -0.003130 0.999995
71.103641987 1.672820 0.991123 0.000000 0.000000 0.000000 -0.002736 0.999996
71.186776161 1.688819 0.990994 0.000000 0.000000 0.000000 -0.002498 0.999997
71.250498533 1.701500 0.991165 0.000000 0.000000 0.000000 -0.002715 0.999996
71.341936827 1.708779 0.990846 0.000000 0.000000 0.000000 0.004896 0.999988
71.393325806 1.713176 0.991237 0.000000 0.000000 0.000000 0.009921 0.999951
71.487019539 1.718242 0.989250 0.000000 0.000000 0.000000 0.018920 0.999821
71.537977695 1.717638 0.989901 0.000000 0.000000 0.000000 0.025140 0.999684
71.626116753 1.723139 0.990003 0.000000 0.000000 0.000000 0.034714 0.999397
71.682151079 1.728011 0.991001 0.000000 0.000000 0.000000 0.040098 0.999196
71.763496399 1.731983 0.990797 0.000000 0.000000 0.000000 0.048339 0.998831
71.820455313 1.735100 0.991284 0.000000 0.000000 0.000000 0.054850 0.998495
71.918866396 1.740786 0.990792 0.000000 0.000000 0.000000 0.064332 0.997929
71.975845575 1.742898 0.992489 0.000000 0.000000 0.000000 0.069965 0.997549
72.068582535 1.748527 0.994294 0.000000 0.000000 0.000000 0.079460 0.996838
72.122643709 1.750110 0.993409 0.000000 0.000000 0.000000 0.084788 0.996399
72.217851877 1.764951 0.994864 0.000000 0.000000 0.000000 0.085318 0.996354
72.265589714 1.773484 0.996674 0.000000 0.000000 0.000000 0.085500 0.996338
72.354194641 1.788665 0.998883 0.000000 0.000000 0.000000 0.086124 0.996284
72.403216600 1.796652 0.999434 0.000000 0.000000 0.000000 0.086998 0.996208
72.504085302 1.814634 1.002236 0.000000 0.000000 0.000000 0.086745 0.996231
72.559812546 1.826483 1.005021 0.000000 0.000000 0.000000 0.086015 0.996294
72.641114473 1.842024 1.008845 0.000000 0.000000 0.000000 0.085716 0.996320
72.695553064 1.853777 1.011351 0.000000 0.000000 0.000000 0.085841 0.996309
72.784453154 1.870495 1.013848 0.000000 0.000000 0.000000 0.086054 0.996290
72.839464188 1.874926 1.013339 0.000000 0.000000 0.000000 0.091202 0.995832
72.931765556 1.881305 1.013835 0.000000 0.000000 0.000000 0.099719 0.995016
72.986810684 1.883099 1.011805 0.000000 0.000000 0.000000 0.104779 0.994496
73.071648121 1.887959 1.013773 0.000000 0.000000 0.000000 0.112178 0.993688
73.129702330 1.891497 1.014768 0.000000 0.000000 0.000000 0.118140 0.992997
73.227200508 1.894140 1.016086 0.000000 0.000000 0.000000 0.127267 0.991868
73.271549940 1.893659 1.016912 0.000000 0.000000 0.000000 0.131724 0.991286
73.365193605 1.908417 1.021483 0.000000 0.000000 0.000000 0.132743 0.991151
73.410813332 1.915783 1.024614 0.000000 0.000000 0.000000 0.133406 0.991061
73.495560646 1.929018 1.028725 0.000000 0.000000 0.000000 0.132834 0.991138
73.549853325 1.936889 1.033494 0.000000 0.000000 0.000000 0.133102 0.991102
73.635336399 1.953280 1.039021 0.000000 0.000000 0.000000 0.132460 0.991188
73.700213671 1.965134 1.042136 0.000000 0.000000 0.000000 0.132266 0.991214
73.794411182 1.981385 1.045952 0.000000 0.000000 0.000000 0.131629 0.991299
73.851395130 1.994879 1.051102 0.000000 0.000000 0.000000 0.131554 0.991309
73.934927464 2.008766 1.054946 0.000000 0.000000 0.000000 0.131102 0.991369
73.994324923 2.013270 1.056326 0.000000 0.000000 0.000000 0.135928 0.990719
74.076428652 2.019847 1.056796 0.000000 0.000000 0.000000 0.142960 0.989728
74.138641834 2.022811 1.056824 0.000000 0.000000 0.000000 0.149028 0.988833
74.232690811 2.029262 1.058767 0.000000 0.000000 0.000000 0.158480 0.987362
74.284757137 2.031535 1.059659 0.000000 0.000000 0.000000 0.163996 0.986461
74.368963718 2.033587 1.062045 0.000000 0.000000 0.000000 0.171438 0.985195
74.424954653 2.034971 1.063279 0.000000 0.000000 0.000000 0.176995 0.984212
74.512892008 2.038299 1.064994 0.000000 0.000000 0.000000 0.184998 0.982739
74.568120718 2.044568 1.066098 0.000000 0.000000 0.000000 0.185922 0.982565
74.659038782 2.056283 1.070621 0.000000 0.000000 0.000000 0.186440 0.982466
74.720528126 2.065965 1.074891 0.000000 0.000000 0.000000 0.186400 0.982474
74.807915449 2.079920 1.081342 0.000000 0.000000 0.000000 0.186458 0.982463
74.867791891 2.090812 1.085326 0.000000 0.000000 0.000000 0.186006 0.982549
74.956265450 2.104816 1.090467 0.000000 0.000000 0.000000 0.185510 0.982642
75.006022692 2.115370 1.093896 0.000000 0.000000 0.000000 0.185696 0.982607
75.093890429 2.130921 1.098818 0.000000 0.000000 0.000000 0.185846 0.982579
75.151803017 2.141621 1.103169 0.000000 0.000000 0.000000 0.185662 0.982614
75.237923384 2.158275 1.108024 0.000000 0.000000 0.000000 0.185698 0.982607
75.289012432 2.168923 1.110648 0.000000 0.000000 0.000000 0.185328 0.982677
75.377345324 2.184540 1.114710 0.000000 0.000000 0.000000 0.185332 0.982676
75.433693886 2.195516 1.118185 0.000000 0.000000 0.000000 0.185579 0.982629
75.537194490 2.214328 1.124730 0.000000 0.000000 0.000000 0.185407 0.982662
75.586070776 2.222528 1.125439 0.000000 0.000000 0.000000 0.185556 0.982634
75.689361572 2.239602 1.135186 0.000000 0.000000 0.000000 0.186246 0.982503
75.744805098 2.250136 1.140273 0.000000 0.000000 0.000000 0.186550 0.982445
75.826009274 2.263768 1.146457 0.000000 0.000000 0.000000 0.186336 0.982486
75.899021864 2.269718 1.148707 0.000000 0.000000 0.000000 0.192666 0.981264
75.992537260 2.273980 1.151093 0.000000 0.000000 0.000000 0.200828 0.979626
76.056124210 2.275177 1.150692 0.000000 0.000000 0.000000 0.207043 0.978332
76.141805172 2.277943 1.153099 0.000000 0.000000 0.000000 0.215279 0.976553
76.196712971 2.278889 1.153344 0.000000 0.000000 0.000000 0.220447 0.975399
76.279946327 2.283097 1.154568 0.000000 0.000000 0.000000 0.227736 0.973723
76.336917877 2.285458 1.155492 0.000000 0.000000 0.000000 0.233682 0.972313
76.431858301 2.288716 1.156288 0.000000 0.000000 0.000000 0.241925 0.970295
76.487337351 2.295786 1.161284 0.000000 0.000000 0.000000 0.242104 0.970250
76.576975346 2.307628 1.169382 0.000000 0.000000 0.000000 0.242751 0.970089
76.635664701 2.316817 1.175015 0.000000 0.000000 0.000000 0.242136 0.970242
76.736702204 2.334351 1.182875 0.000000 0.000000 0.000000 0.241547 0.970389
76.784813404 2.341886 1.188709 0.000000 0.000000 0.000000 0.241165 0.970484
76.872728825 2.356610 1.196401 0.000000 0.000000 0.000000 0.240910 0.970547
76.940669060 2.366507 1.202441 0.000000 0.000000 0.000000 0.240963 0.970534
77.039191484 2.382054 1.211694 0.000000 0.000000 0.000000 0.240968 0.970533
77.091496944 2.392951 1.216803 0.000000 0.000000 0.000000 0.240301 0.970699
77.178045034 2.398172 1.220375 0.000000 0.000000 0.000000 0.246873 0.969048
77.233334064 2.401679 1.224718 0.000000 0.000000 0.000000 0.251070 0.967969
77.321522951 2.405616 1.228302 0.000000 0.000000 0.000000 0.258841 0.965920
77.385615587 2.407279 1.229640 0.000000 0.000000 0.000000 0.264167 0.964477
77.482558012 2.421067 1.237129 0.000000 0.000000 0.000000 0.265015 0.964244
77.535058022 2.428565 1.241543 0.000000 0.000000 0.000000 0.264908 0.964274
77.635596514 2.443422 1.250639 0.000000 0.000000 0.000000 0.264712 0.964328
77.687636852 2.453922 1.256007 0.000000 0.000000 0.000000 0.264546 0.964373
77.783472538 2.468102 1.264971 0.000000 0.000000 0.000000 0.264955 0.964261
77.833787918 2.476149 1.268180 0.000000 0.000000 0.000000 0.264493 0.964387
77.940711260 2.493610 1.277095 0.000000 0.000000 0.000000 0.264221 0.964462
77.985099792 2.502432 1.282691 0.000000 0.000000 0.000000 0.263921 0.964544
78.074628830 2.517514 1.291798 0.000000 0.000000 0.000000 0.263476 0.964666
78.126539230 2.526221 1.295426 0.000000 0.000000 0.000000 0.263045 0.964783
78.225707769 2.531917 1.300921 0.000000 0.000000 0.000000 0.271119 0.962546
78.287621975 2.536180 1.303967 0.000000 0.000000 0.000000 0.277817 0.960634
78.371752024 2.548704 1.311312 0.000000 0.000000 0.000000 0.278343 0.960482
78.425225496 2.557774 1.316503 0.000000 0.000000 0.000000 0.279156 0.960246
78.525620699 2.572691 1.324974 0.000000 0.000000 0.000000 0.279394 0.960176
78.588539600 2.581574 1.331170 0.000000 0.000000 0.000000 0.279108 0.960260
78.670593977 2.592485 1.339754 0.000000 0.000000 0.000000 0.279463 0.960157
78.735427380 2.601079 1.346719 0.000000 0.000000 0.000000 0.280088 0.959974
78.827690363 2.613971 1.357239 0.000000 0.000000 0.000000 0.279978 0.960006
78.889282465 2.622789 1.363535 0.000000 0.000000 0.000000 0.280235 0.959932
78.986895561 2.639208 1.372583 0.000000 0.000000 0.000000 0.279886 0.960033
79.038242817 2.647526 1.378677 0.000000 0.000000 0.000000 0.279823 0.960052
79.133278370 2.652283 1.381253 0.000000 0.000000 0.000000 0.287956 0.957644
79.188038111 2.653677 1.385612 0.000000 0.000000 0.000000 0.292798 0.956174
79.274859905 2.656366 1.389167 0.000000 0.000000 0.000000 0.301090 0.953596
79.325020790 2.662446 1.392011 0.000000 0.000000 0.000000 0.301563 0.953446
79.419587612 2.676190 1.400079 0.000000 0.000000 0.000000 0.301697 0.953404
79.476016521 2.684055 1.405944 0.000000 0.000000 0.000000 0.301890 0.953343
79.572896481 2.699721 1.416866 0.000000 0.000000 0.000000 0.302021 0.953301
79.625355482 2.706144 1.423571 0.000000 0.000000 0.000000 0.302432 0.953171
79.715934038 2.720127 1.433952 0.000000 0.000000 0.000000 0.301906 0.953338
79.766192913 2.727910 1.440830 0.000000 0.000000 0.000000 0.301963 0.953320
79.851100206 2.741527 1.450296 0.000000 0.000000 0.000000 0.301647 0.953420
79.911969662 2.753143 1.457610 0.000000 0.000000 0.000000 0.301937 0.953328
80.005322218 2.766699 1.468993 0.000000 0.000000 0.000000 0.302096 0.953278
80.049822092 2.772283 1.471355 0.000000 0.000000 0.000000 0.302384 0.953186
80.144307137 2.784871 1.478877 0.000000 0.000000 0.000000 0.302438 0.953169
80.194717646 2.797218 1.485631 0.000000 0.000000 0.000000 0.302685 0.953091
80.283586025 2.801387 1.489111 0.000000 0.000000 0.000000 0.309599 0.950867
80.339012861 2.804200 1.492100 0.000000 0.000000 0.000000 0.313581 0.949562
80.432806969 2.808775 1.494841 0.000000 0.000000 0.000000 0.321609 0.946873
80.481657505 2.811420 1.495995 0.000000 0.000000 0.000000 0.326804 0.945092
80.570667744 2.815268 1.497082 0.000000 0.000000 0.000000 0.334782 0.942296
80.629180193 2.818500 1.499416 0.000000 0.000000 0.000000 0.340189 0.940357
80.725515127 2.819103 1.504382 0.000000 0.000000 0.000000 0.348389 0.937350
80.785824299 2.821438 1.504807 0.000000 0.000000 0.000000 0.354138 0.935193
80.885531425 2.825521 1.507483 0.000000 0.000000 0.000000 0.363212 0.931706
80.931448936 2.826399 1.507787 0.000000 0.000000 0.000000 0.367515 0.930018
81.023196459 2.837266 1.516158 0.000000 0.000000 0.000000 0.368672 0.929560
81.074112654 2.843963 1.521620 0.000000 0.000000 0.000000 0.369976 0.929041
81.169610262 2.856936 1.531905 0.000000 0.000000 0.000000 0.369917 0.929065
81.221564293 2.864055 1.540310 0.000000 0.000000 0.000000 0.369829 0.929100
81.317089081 2.877665 1.552219 0.000000 0.000000 0.000000 0.369833 0.929098
81.373459816 2.884971 1.557595 0.000000 0.000000 0.000000 0.369745 0.929133
81.468533754 2.896603 1.569141 0.000000 0.000000 0.000000 0.369561 0.929206
81.523016691 2.905008 1.578279 0.000000 0.000000 0.000000 0.368975 0.929439
81.598726511 2.916125 1.589136 0.000000 0.000000 0.000000 0.368596 0.929590
81.657386780 2.919646 1.589989 0.000000 0.000000 0.000000 0.373053 0.927810
81.743980408 2.924926 1.593366 0.000000 0.000000 0.000000 0.380110 0.924941
81.802433014 2.927917 1.595792 0.000000 0.000000 0.000000 0.385654 0.922644
81.892469883 2.932294 1.600368 0.000000 0.000000 0.000000 0.393891 0.919157
81.951400280 2.933105 1.602546 0.000000 0.000000 0.000000 0.399397 0.916778
82.051398516 2.936711 1.606452 0.000000 0.000000 0.000000 0.407872 0.913039
82.098116398 2.937553 1.607780 0.000000 0.000000 0.000000 0.412429 0.910990
82.188131332 2.945604 1.616791 0.000000 0.000000 0.000000 0.412932 0.910762
82.248149872 2.951940 1.624968 0.000000 0.000000 0.000000 0.413388 0.910555
82.336132288 2.960406 1.636345 0.000000 0.000000 0.000000 0.413427 0.910537
82.396090031 2.968966 1.644714 0.000000 0.000000 0.000000 0.413418 0.910541
82.493404388 2.981728 1.658079 0.000000 0.000000 0.000000 0.413611 0.910454
82.545469284 2.989518 1.664976 0.000000 0.000000 0.000000 0.413321 0.910585
82.645762682 3.004117 1.679603 0.000000 0.000000 0.000000 0.413713 0.910407
82.703368902 3.012162 1.687016 0.000000 0.000000 0.000000 0.413896 0.910324
82.786747932 3.023809 1.697313 0.000000 0.000000 0.000000 0.414211 0.910181
82.854153395 3.033524 1.706955 0.000000 0.000000 0.000000 0.414057 0.910251
82.943068027 3.045246 1.719004 0.000000 0.000000 0.000000 0.414129 0.910218
83.009804964 3.053769 1.728801 0.000000 0.000000 0.000000 0.413800 0.910368
83.085191727 3.063812 1.742317 0.000000 0.000000 0.000000 0.414269 0.910155
83.153803349 3.072170 1.751257 0.000000 0.000000 0.000000 0.414637 0.909987
83.241653681 3.079870 1.763650 0.000000 0.000000 0.000000 0.414533 0.910034
83.297069788 3.083297 1.767152 0.000000 0.000000 0.000000 0.418428 0.908250
83.389735460 3.084947 1.770154 0.000000 0.000000 0.000000 0.425875 0.904782
83.453119040 3.086562 1.770334 0.000000 0.000000 0.000000 0.431006 0.902349
83.537900448 3.088029 1.773216 0.000000 0.000000 0.000000 0.438536 0.898714
83.597048283 3.088013 1.776291 0.000000 0.000000 0.000000 0.444038 0.896008
83.717325926 3.091990 1.781930 0.000000 0.000000 0.000000 0.453989 0.891007
83.749479055 3.090899 1.781066 0.000000 0.000000 0.000000 0.457110 0.889410
83.838826418 3.095425 1.782757 0.000000 0.000000 0.000000 0.464243 0.885708
83.901724577 3.097130 1.784621 0.000000 0.000000 0.000000 0.469297 0.883041
83.992516994 3.098840 1.785769 0.000000 0.000000 0.000000 0.476562 0.879141
84.051721573 3.102569 1.787766 0.000000 0.000000 0.000000 0.481753 0.876307
84.156426907 3.106297 1.790075 0.000000 0.000000 0.000000 0.490233 0.871591
84.200500965 3.107968 1.791644 0.000000 0.000000 0.000000 0.494371 0.869251
84.283172131 3.116303 1.802027 0.000000 0.000000 0.000000 0.495140 0.868813
84.341853619 3.123551 1.812422 0.000000 0.000000 0.000000 0.495167 0.868798
84.440338135 3.132285 1.828507 0.000000 0.000000 0.000000 0.495284 0.868731
84.490278244 3.138506 1.837290 0.000000 0.000000 0.000000 0.495112 0.868829
84.590413809 3.147987 1.852661 0.000000 0.000000 0.000000 0.494890 0.868956
84.637861252 3.149455 1.856908 0.000000 0.000000 0.000000 0.498267 0.867024
84.731191397 3.150752 1.859529 0.000000 0.000000 0.000000 0.505149 0.863032
84.795961142 3.151946 1.862618 0.000000 0.000000 0.000000 0.510041 0.860150
84.885035038 3.152829 1.868596 0.000000 0.000000 0.000000 0.517479 0.855696
84.942189693 3.157008 1.876709 0.000000 0.000000 0.000000 0.518219 0.855248
85.035698891 3.163822 1.891517 0.000000 0.000000 0.000000 0.518870 0.854853
85.087255955 3.167481 1.898160 0.000000 0.000000 0.000000 0.518874 0.854851
85.177431345 3.174547 1.912073 0.000000 0.000000 0.000000 0.518906 0.854831
85.234461546 3.181176 1.922604 0.000000 0.000000 0.000000 0.518504 0.855075
85.317269802 3.188088 1.938006 0.000000 0.000000 0.000000 0.518531 0.855059
85.371974707 3.193293 1.946649 0.000000 0.000000 0.000000 0.518332 0.855179
85.478625298 3.197313 1.952515 0.000000 0.000000 0.000000 0.526151 0.850391
85.528799295 3.199068 1.955318 0.000000 0.000000 0.000000 0.530718 0.847549
85.623463392 3.201793 1.961643 0.000000 0.000000 0.000000 0.537870 0.843028
85.673765659 3.202681 1.965338 0.000000 0.000000 0.000000 0.541329 0.840811
85.763669968 3.209262 1.979364 0.000000 0.000000 0.000000 0.541877 0.840458
85.820935726 3.214095 1.986206 0.000000 0.000000 0.000000 0.542306 0.840181
85.910727024 3.221307 1.999387 0.000000 0.000000 0.000000 0.542325 0.840169
85.964876890 3.225303 2.007267 0.000000 0.000000 0.000000 0.542346 0.840155
86.051109076 3.231637 2.020692 0.000000 0.000000 0.000000 0.541996 0.840381
86.103527308 3.235058 2.032212 0.000000 0.000000 0.000000 0.541695 0.840575
86.201452255 3.242937 2.050690 0.000000 0.000000 0.000000 0.540841 0.841125
86.242657185 3.246673 2.061240 0.000000 0.000000 0.000000 0.540365 0.841431
86.334985495 3.251537 2.078280 0.000000 0.000000 0.000000 0.540275 0.841489
86.382092714 3.251744 2.080966 0.000000 0.000000 0.000000 0.543149 0.839636
86.472083092 3.252099 2.085124 0.000000 0.000000 0.000000 0.550267 0.834989
86.523828268 3.253248 2.087093 0.000000 0.000000 0.000000 0.553959 0.832544
86.615870237 3.255031 2.089985 0.000000 0.000000 0.000000 0.560218 0.828345
86.670076370 3.254630 2.092361 0.000000 0.000000 0.000000 0.564975 0.825108
86.774803400 3.261676 2.107116 0.000000 0.000000 0.000000 0.565376 0.824833
86.820199966 3.265288 2.112701 0.000000 0.000000 0.000000 0.565629 0.824660
86.919469357 3.273798 2.128623 0.000000 0.000000 0.000000 0.565685 0.824621
86.967871189 3.278554 2.135017 0.000000 0.000000 0.000000 0.565382 0.824829
87.056761026 3.285334 2.150018 0.000000 0.000000 0.000000 0.565036 0.825067
87.109259605 3.290982 2.162490 0.000000 0.000000 0.000000 0.565184 0.824965
87.192007065 3.297372 2.176853 0.000000 0.000000 0.000000 0.564865 0.825184
87.253980637 3.302278 2.187435 0.000000 0.000000 0.000000 0.564945 0.825129
87.349741697 3.304605 2.194063 0.000000 0.000000 0.000000 0.571774 0.820411
87.405018091 3.305653 2.198011 0.000000 0.000000 0.000000 0.575860 0.817548
87.485984564 3.308722 2.201150 0.000000 0.000000 0.000000 0.581790 0.813339
87.543567896 3.309275 2.204651 0.000000 0.000000 0.000000 0.585962 0.810339
87.634330273 3.310607 2.204952 0.000000 0.000000 0.000000 0.593185 0.805066
87.686902761 3.309849 2.207377 0.000000 0.000000 0.000000 0.597479 0.801884
87.787247896 3.311815 2.210752 0.000000 0.000000 0.000000 0.605194 0.796078
87.837472916 3.313612 2.218783 0.000000 0.000000 0.000000 0.606309 0.795229
87.916748285 3.315008 2.232711 0.000000 0.000000 0.000000 0.606431 0.795136
87.986268759 3.318596 2.244865 0.000000 0.000000 0.000000 0.606328 0.795215
88.086726427 3.320685 2.263346 0.000000 0.000000 0.000000 0.606381 0.795174
88.150101423 3.323719 2.274831 0.000000 0.000000 0.000000 0.606669 0.794955
88.240933418 3.326673 2.279993 0.000000 0.000000 0.000000 0.612935 0.790133
88.297403812 3.328597 2.285074 0.000000 0.000000 0.000000 0.616647 0.787240
88.386169910 3.329129 2.290322 0.000000 0.000000 0.000000 0.622975 0.782242
88.450335503 3.330789 2.293563 0.000000 0.000000 0.000000 0.628603 0.777726
88.535275698 3.331591 2.300450 0.000000 0.000000 0.000000 0.635162 0.772379
88.605426788 3.331189 2.303805 0.000000 0.000000 0.000000 0.640643 0.767839
88.683759212 3.332183 2.306566 0.000000 0.000000 0.000000 0.646480 0.762931
88.750116110 3.333632 2.313964 0.000000 0.000000 0.000000 0.647178 0.762339
88.851769447 3.337750 2.332199 0.000000 0.000000 0.000000 0.647140 0.762371
88.916266441 3.338664 2.342110 0.000000 0.000000 0.000000 0.646954 0.762529
89.002526760 3.340536 2.356694 0.000000 0.000000 0.000000 0.646994 0.762495
89.057895184 3.344659 2.364918 0.000000 0.000000 0.000000 0.647045 0.762452
89.140100241 3.347450 2.381365 0.000000 0.000000 0.000000 0.647145 0.762367
89.195465088 3.348663 2.387428 0.000000 0.000000 0.000000 0.650587 0.759432
89.289087772 3.349863 2.391071 0.000000 0.000000 0.000000 0.656623 0.754219
89.344048738 3.349546 2.392448 0.000000 0.000000 0.000000 0.659883 0.751368
89.440391302 3.348681 2.398907 0.000000 0.000000 0.000000 0.666597 0.745419
89.492968559 3.344878 2.403113 0.000000 0.000000 0.000000 0.670484 0.741924
89.607647657 3.345179 2.421740 0.000000 0.000000 0.000000 0.671167 0.741306
89.672281504 3.346823 2.433342 0.000000 0.000000 0.000000 0.670754 0.741680
89.768073082 3.348125 2.450142 0.000000 0.000000 0.000000 0.670416 0.741986
89.829360723 3.348026 2.461857 0.000000 0.000000 0.000000 0.670128 0.742245
89.918611765 3.352091 2.478176 0.000000 0.000000 0.000000 0.670012 0.742350
89.983339548 3.351139 2.489994 0.000000 0.000000 0.000000 0.669840 0.742506
90.075467348 3.355266 2.506158 0.000000 0.000000 0.000000 0.669934 0.742420
90.136802912 3.357793 2.520023 0.000000 0.000000 0.000000 0.669731 0.742604
90.217718840 3.359634 2.536155 0.000000 0.000000 0.000000 0.669668 0.742661
90.282570362 3.359832 2.550083 0.000000 0.000000 0.000000 0.669853 0.742494
90.377734184 3.360377 2.569268 0.000000 0.000000 0.000000 0.669929 0.742425
90.428593874 3.362912 2.578122 0.000000 0.000000 0.000000 0.670279 0.742109
90.510604858 3.362801 2.594134 0.000000 0.000000 0.000000 0.670374 0.742023
90.568803549 3.362271 2.605539 0.000000 0.000000 0.000000 0.670560 0.741855
90.669097900 3.364290 2.623559 0.000000 0.000000 0.000000 0.670247 0.742138
90.734403133 3.366589 2.636292 0.000000 0.000000 0.000000 0.670171 0.742206
90.817264557 3.368107 2.652163 0.000000 0.000000 0.000000 0.670637 0.741785
90.874949217 3.369203 2.662824 0.000000 0.000000 0.000000 0.670984 0.741472
90.977848291 3.370855 2.682733 0.000000 0.000000 0.000000 0.670944 0.741508
91.038990498 3.372260 2.694970 0.000000 0.000000 0.000000 0.670773 0.741663
91.132968187 3.374480 2.713161 0.000000 0.000000 0.000000 0.670555 0.741860
91.184181929 3.375024 2.723573 0.000000 0.000000 0.000000 0.670374 0.742023
91.277483940 3.376557 2.739149 0.000000 0.000000 0.000000 0.670692 0.741736
91.333750963 3.378922 2.748385 0.000000 0.000000 0.000000 0.670844 0.741599
91.435931683 3.383127 2.767028 0.000000 0.000000 0.000000 0.670719 0.741712
91.490885019 3.384972 2.780964 0.000000 0.000000 0.000000 0.670643 0.741780
91.596405983 3.385725 2.801345 0.000000 0.000000 0.000000 0.670488 0.741920
91.657889366 3.384733 2.811840 0.000000 0.000000 0.000000 0.670295 0.742095
91.744920015 3.386043 2.828014 0.000000 0.000000 0.000000 0.670417 0.741985
91.803375244 3.386304 2.837242 0.000000 0.000000 0.000000 0.670494 0.741915
91.889576912 3.386508 2.853512 0.000000 0.000000 0.000000 0.670581 0.741836
91.950321198 3.389270 2.867419 0.000000 0.000000 0.000000 0.670596 0.741823
92.040585995 3.390490 2.884451 0.000000 0.000000 0.000000 0.670563 0.741852
92.095539570 3.390677 2.895522 0.000000 0.000000 0.000000 0.670555 0.741860
92.180634975 3.392585 2.911736 0.000000 0.000000 0.000000 0.670984 0.741472
92.233907700 3.393372 2.922923 0.000000 0.000000 0.000000 0.671097 0.741369
92.324627161 3.394269 2.940683 0.000000 0.000000 0.000000 0.671211 0.741267
92.377721786 3.394633 2.954228 0.000000 0.000000 0.000000 0.670939 0.741513
92.477380037 3.395956 2.974814 0.000000 0.000000 0.000000 0.670978 0.741477
92.527386665 3.396160 2.984805 0.000000 0.000000 0.000000 0.670883 0.741563
92.615924358 3.400393 3.002238 0.000000 0.000000 0.000000 0.670835 0.741607
92.672314167 3.401302 3.014063 0.000000 0.000000 0.000000 0.670897 0.741551
92.773890257 3.402391 3.033533 0.000000 0.000000 0.000000 0.670920 0.741530
92.833395958 3.403388 3.048593 0.000000 0.000000 0.000000 0.670685 0.741742
92.924817085 3.404409 3.068037 0.000000 0.000000 0.000000 0.670865 0.741580
92.988978386 3.405554 3.080470 0.000000 0.000000 0.000000 0.670826 0.741615
93.100240469 3.411140 3.103094 0.000000 0.000000 0.000000 0.671399 0.741096
93.152472734 3.413360 3.112360 0.000000 0.000000 0.000000 0.671205 0.741272
93.248969555 3.414518 3.130712 0.000000 0.000000 0.000000 0.671003 0.741454
93.302347898 3.416717 3.142982 0.000000 0.000000 0.000000 0.670912 0.741537
93.402684212 3.418740 3.159833 0.000000 0.000000 0.000000 0.670895 0.741553
93.454676867 3.419684 3.170419 0.000000 0.000000 0.000000 0.671024 0.741435
93.552758694 3.419515 3.187992 0.000000 0.000000 0.000000 0.671426 0.741071
93.613630056 3.422301 3.196799 0.000000 0.000000 0.000000 0.671478 0.741025
93.707502604 3.424059 3.216247 0.000000 0.000000 0.000000 0.671276 0.741207
93.764230251 3.425724 3.227796 0.000000 0.000000 0.000000 0.671222 0.741257
93.873910427 3.427783 3.249435 0.000000 0.000000 0.000000 0.671084 0.741381
93.914932251 3.430662 3.258947 0.000000 0.000000 0.000000 0.671133 0.741337
94.005584240 3.431450 3.275641 0.000000 0.000000 0.000000 0.670890 0.741557
94.060539484 3.432615 3.285306 0.000000 0.000000 0.000000 0.670885 0.741562
94.156020403 3.436193 3.302882 0.000000 0.000000 0.000000 0.670647 0.741776
94.210253716 3.437725 3.313873 0.000000 0.000000 0.000000 0.670430 0.741973
94.306135893 3.440772 3.333598 0.000000 0.000000 0.000000 0.670072 0.742296
94.372974396 3.441128 3.346600 0.000000 0.000000 0.000000 0.670128 0.742245
94.471097946 3.443940 3.361471 0.000000 0.000000 0.000000 0.670393 0.742006
94.529613972 3.445771 3.371153 0.000000 0.000000 0.000000 0.670387 0.742012
94.627149820 3.446528 3.390142 0.000000 0.000000 0.000000 0.670311 0.742080
94.671769142 3.448891 3.401095 0.000000 0.000000 0.000000 0.670145 0.742231
94.763330460 3.450650 3.419811 0.000000 0.000000 0.000000 0.670273 0.742115
94.822440624 3.452492 3.431360 0.000000 0.000000 0.000000 0.670300 0.742090
94.912670851 3.455106 3.449162 0.000000 0.000000 0.000000 0.669595 0.742727
94.978972197 3.455357 3.462212 0.000000 0.000000 0.000000 0.669671 0.742658
95.068254471 3.457387 3.482713 0.000000 0.000000 0.000000 0.669649 0.742677
95.123470068 3.459112 3.494684 0.000000 0.000000 0.000000 0.669491 0.742820
95.210581541 3.459607 3.512911 0.000000 0.000000 0.000000 0.669477 0.742833
95.261231899 3.459854 3.525071 0.000000 0.000000 0.000000 0.669739 0.742597
95.358219862 3.462851 3.543866 0.000000 0.000000 0.000000 0.669824 0.742520
95.405269146 3.463730 3.554838 0.000000 0.000000 0.000000 0.669895 0.742456
95.495450497 3.462698 3.556646 0.000000 0.000000 0.000000 0.669834 0.742511
95.556711435 3.462109 3.558812 0.000000 0.000000 0.000000 0.669338 0.742958
95.654532194 3.461405 3.559849 0.000000 0.000000 0.000000 0.669294 0.742998
95.718507051 3.462379 3.560705 0.000000 0.000000 0.000000 0.669570 0.742749
95.809733868 3.461206 3.558011 0.000000 0.000000 0.000000 0.669810 0.742533
95.869915009 3.462150 3.555178 0.000000 0.000000 0.000000 0.669644 0.742682
95.968504429 3.463671 3.555295 0.000000 0.000000 0.000000 0.669485 0.742825
96.013655424 3.462869 3.556510 0.000000 0.000000 0.000000 0.669020 0.743244
96.105460644 3.462663 3.558316 0.000000 0.000000 0.000000 0.668910 0.743344
96.151817083 3.463847 3.557110 0.000000 0.000000 0.000000 0.669067 0.743202
96.249305487 3.465036 3.555516 0.000000 0.000000 0.000000 0.669615 0.742708
96.313171148 3.468311 3.554407 0.000000 0.000000 0.000000 0.669678 0.742652
96.411842108 3.469450 3.554586 0.000000 0.000000 0.000000 0.669440 0.742866
96.483254194 3.468817 3.555185 0.000000 0.000000 0.000000 0.669489 0.742822
96.576039553 3.469148 3.555784 0.000000 0.000000 0.000000 0.669447 0.742860
96.634468794 3.468044 3.555326 0.000000 0.000000 0.000000 0.669418 0.742886
96.723625898 3.468703 3.554982 0.000000 0.000000 0.000000 0.669316 0.742978
96.781600475 3.467957 3.555525 0.000000 0.000000 0.000000 0.669257 0.743031
96.866395235 3.469550 3.556721 0.000000 0.000000 0.000000 0.669179 0.743101
96.921135187 3.468729 3.557064 0.000000 0.000000 0.000000 0.669273 0.743017
97.019036293 3.466248 3.558155 0.000000 0.000000 0.000000 0.669258 0.743030
97.060910940 3.466562 3.558600 0.000000 0.000000 0.000000 0.669403 0.742899
97.153807163 3.465823 3.558981 0.000000 0.000000 0.000000 0.669590 0.742730
97.211027622 3.465875 3.560233 0.000000 0.000000 0.000000 0.669752 0.742584
97.305245876 3.465453 3.559958 0.000000 0.000000 0.000000 0.669993 0.742367
97.364989996 3.467006 3.558312 0.000000 0.000000 0.000000 0.670073 0.742295
97.465471268 3.465809 3.559110 0.000000 0.000000 0.000000 0.669980 0.742379
97.531141281 3.466256 3.560109 0.000000 0.000000 0.000000 0.670118 0.742255
97.607466698 3.468036 3.560674 0.000000 0.000000 0.000000 0.669852 0.742495
97.670571327 3.469437 3.559782 0.000000 0.000000 0.000000 0.669338 0.742958
97.761371374 3.470374 3.559379 0.000000 0.000000 0.000000 0.669078 0.743192
97.826786518 3.469481 3.558698 0.000000 0.000000 0.000000 0.668852 0.743395
97.904732704 3.467954 3.560450 0.000000 0.000000 0.000000 0.668736 0.743500
97.972033739 3.467736 3.560349 0.000000 0.000000 0.000000 0.668487 0.743724
98.065672398 3.466343 3.561595 0.000000 0.000000 0.000000 0.668132 0.744043
98.120881319 3.463006 3.562106 0.000000 0.000000 0.000000 0.667661 0.744466
98.209275961 3.462640 3.559537 0.000000 0.000000 0.000000 0.667857 0.744290
98.266049623 3.461758 3.558687 0.000000 0.000000 0.000000 0.667676 0.744452
98.353181839 3.462794 3.557603 0.000000 0.000000 0.000000 0.667631 0.744493
98.403073549 3.463132 3.555851 0.000000 0.000000 0.000000 0.667463 0.744643
98.490382910 3.462123 3.555123 0.000000 0.000000 0.000000 0.667201 0.744878
98.542252064 3.462950 3.556509 0.000000 0.000000 0.000000 0.667070 0.744995
98.624454260 3.462939 3.556412 0.000000 0.000000 0.000000 0.666998 0.745060
98.685510397 3.462415 3.554892 0.000000 0.000000 0.000000 0.666971 0.745083
98.779605627 3.461323 3.555081 0.000000 0.000000 0.000000 0.666968 0.745086
98.838194609 3.461351 3.552971 0.000000 0.000000 0.000000 0.666485 0.745519
98.929908276 3.463729 3.551379 0.000000 0.000000 0.000000 0.666434 0.745564
98.986426353 3.464780 3.547087 0.000000 0.000000 0.000000 0.666696 0.745329
99.090990067 3.465422 3.549389 0.000000 0.000000 0.000000 0.666592 0.745423
99.137984037 3.466711 3.547513 0.000000 0.000000 0.000000 0.666488 0.745516
99.222180128 3.465475 3.546959 0.000000 0.000000 0.000000 0.666603 0.745413
99.274515629 3.464734 3.544823 0.000000 0.000000 0.000000 0.666201 0.745772
99.372492313 3.466282 3.546348 0.000000 0.000000 0.000000 0.666137 0.745829
99.430688858 3.468132 3.544955 0.000000 0.000000 0.000000 0.665976 0.745973
99.544572830 3.465552 3.544253 0.000000 0.000000 0.000000 0.666082 0.745879
99.586899042 3.465906 3.544723 0.000000 0.000000 0.000000 0.665942 0.746003
99.684531927 3.466742 3.543922 0.000000 0.000000 0.000000 0.665941 0.746004
99.732462883 3.466151 3.543752 0.000000 0.000000 0.000000 0.665748 0.746177
99.817482233 3.466200 3.543950 0.000000 0.000000 0.000000 0.665887 0.746053
99.865893364 3.466753 3.543218 0.000000 0.000000 0.000000 0.666019 0.745935
99.974117994 3.467072 3.541116 0.000000 0.000000 0.000000 0.665667 0.746249
100.008396149 3.466086 3.540613 0.000000 0.000000 0.000000 0.665839 0.746095
100.099959850 3.467939 3.541738 0.000000 0.000000 0.000000 0.666276 0.745705
100.157341719 3.468503 3.541688 0.000000 0.000000 0.000000 0.666680 0.745344
100.251402378 3.469162 3.541695 0.000000 0.000000 0.000000 0.667050 0.745013
100.296842813 3.468949 3.542206 0.000000 0.000000 0.000000 0.667137 0.744935
100.386153460 3.470808 3.542434 0.000000 0.000000 0.000000 0.666807 0.745231
100.438560963 3.472990 3.541750 0.000000 0.000000 0.000000 0.666494 0.745510
100.523025513 3.473872 3.541552 0.000000 0.000000 0.000000 0.666781 0.745254
100.578892708 3.473397 3.541422 0.000000 0.000000 0.000000 0.666913 0.745135
100.666844606 3.471818 3.541095 0.000000 0.000000 0.000000 0.667205 0.744874
100.717916250 3.471855 3.541027 0.000000 0.000000 0.000000 0.667348 0.744746
100.814438343 3.471228 3.540005 0.000000 0.000000 0.000000 0.667461 0.744645
100.859156370 3.470836 3.540974 0.000000 0.000000 0.000000 0.667791 0.744349
100.952885628 3.470858 3.542734 0.000000 0.000000 0.000000 0.667692 0.744437
101.000487804 3.472122 3.541955 0.000000 0.000000 0.000000 0.667875 0.744273
101.085479736 3.472887 3.543294 0.000000 0.000000 0.000000 0.667701 0.744429
101.136031866 3.473557 3.544826 0.000000 0.000000 0.000000 0.667752 0.744384
101.229514122 3.473752 3.545341 0.000000 0.000000 0.000000 0.667753 0.744383
101.274351120 3.472094 3.546594 0.000000 0.000000 0.000000 0.668042 0.744123
101.373620749 3.471020 3.546982 0.000000 0.000000 0.000000 0.668285 0.743905
101.426921129 3.470515 3.546767 0.000000 0.000000 0.000000 0.668144 0.744032
101.521782160 3.470087 3.547877 0.000000 0.000000 0.000000 0.668233 0.743952
101.570658922 3.470496 3.547077 0.000000 0.000000 0.000000 0.668253 0.743934
101.657437325 3.469025 3.547346 0.000000 0.000000 0.000000 0.668123 0.744050
101.713495970 3.469298 3.547743 0.000000 0.000000 0.000000 0.668081 0.744088
101.799236774 3.468317 3.547639 0.000000 0.000000 0.000000 0.668020 0.744143
101.849389791 3.466463 3.546178 0.000000 0.000000 0.000000 0.668069 0.744099
101.945839167 3.464221 3.546614 0.000000 0.000000 0.000000 0.668423 0.743781
101.999189854 3.463019 3.546497 0.000000 0.000000 0.000000 0.668470 0.743739
102.086042404 3.462679 3.546298 0.000000 0.000000 0.000000 0.668310 0.743883
102.136522293 3.463228 3.546996 0.000000 0.000000 0.000000 0.668363 0.743835
102.221495152 3.464094 3.547805 0.000000 0.000000 0.000000 0.668441 0.743765
102.276251078 3.464804 3.548761 0.000000 0.000000 0.000000 0.668535 0.743680
102.367645025 3.465428 3.548488 0.000000 0.000000 0.000000 0.668314 0.743880
102.423708200 3.465630 3.549505 0.000000 0.000000 0.000000 0.668347 0.743849
102.525077105 3.465761 3.550729 0.000000 0.000000 0.000000 0.668340 0.743856
102.574762106 3.466118 3.552064 0.000000 0.000000 0.000000 0.668301 0.743891
102.674291134 3.464860 3.553097 0.000000 0.000000 0.000000 0.668502 0.743710
