56.000000000 -0.001688 0.998912 0.000000 0.000000 0.000000 -0.008669 0.999962
56.092626333 -0.002715 0.984375 0.000000 0.000000 0.000000 -0.008936 0.999960
56.136488199 -0.008663 0.977799 0.000000 0.000000 0.000000 -0.009737 0.999953
56.234569073 -0.011010 0.974601 0.000000 0.000000 0.000000 -0.010433 0.999946
56.291095257 -0.013623 0.972580 0.000000 0.000000 0.000000 -0.010884 0.999941
56.384810448 -0.013956 0.972033 0.000000 0.000000 0.000000 -0.010994 0.999940
56.432573795 -0.014114 0.972845 0.000000 0.000000 0.000000 -0.011061 0.999939
56.517774343 -0.013302 0.973557 0.000000 0.000000 0.000000 -0.010977 0.999940
56.566277504 -0.013666 0.972817 0.000000 0.000000 0.000000 -0.010403 0.999946
56.658776283 -0.014429 0.973429 0.000000 0.000000 0.000000 -0.010193 0.999948
56.719421625 -0.015517 0.973643 0.000000 0.000000 0.000000 -0.010117 0.999949
56.806190968 -0.014799 0.972934 0.000000 0.000000 0.000000 -0.009857 0.999951
56.859033823 -0.015554 0.973605 0.000000 0.000000 0.000000 -0.009843 0.999952
56.956225157 -0.015948 0.972856 0.000000 0.000000 0.000000 -0.009686 0.999953
56.992516994 -0.016853 0.973335 0.000000 0.000000 0.000000 -0.009320 0.999957
57.085117579 -0.017125 0.973918 0.000000 0.000000 0.000000 -0.009119 0.999958
57.135342836 -0.017260 0.974300 0.000000 0.000000 0.000000 -0.009244 0.999957
57.226917267 -0.017960 0.974849 0.000000 0.000000 0.000000 -0.009203 0.999958
57.280653477 -0.018394 0.974134 0.000000 0.000000 0.000000 -0.008989 0.999960
57.376023293 -0.018495 0.973863 0.000000 0.000000 0.000000 -0.008932 0.999960
57.421943903 -0.018413 0.974693 0.000000 0.000000 0.000000 -0.008691 0.999962
57.506844759 -0.017875 0.975891 0.000000 0.000000 0.000000 -0.008809 0.999961
57.561612844 -0.018958 0.975752 0.000000 0.000000 0.000000 -0.008732 0.999962
57.661116600 -0.019819 0.976055 0.000000 0.000000 0.000000 -0.008635 0.999963
57.713097334 -0.020296 0.976187 0.000000 0.000000 0.000000 -0.008399 0.999965
57.818692207 -0.020610 0.975573 0.000000 0.000000 0.000000 -0.008469 0.999964
57.857132435 -0.021083 0.975621 0.000000 0.000000 0.000000 -0.008338 0.999965
57.942367077 -0.020329 0.976009 0.000000 0.000000 0.000000 -0.008256 0.999966
57.993121147 -0.020948 0.977532 0.000000 0.000000 0.000000 -0.008499 0.999964
58.084053516 -0.020761 0.976680 0.000000 0.000000 0.000000 -0.008688 0.999962
58.134043932 -0.021144 0.977257 0.000000 0.000000 0.000000 -0.008960 0.999960
58.226578236 -0.020821 0.977643 0.000000 0.000000 0.000000 -0.008878 0.999961
58.278188705 -0.023321 0.976411 0.000000 0.000000 0.000000 -0.008692 0.999962
58.375108480 -0.023913 0.976671 0.000000 0.000000 0.000000 -0.008812 0.999961
58.432198524 -0.023111 0.976454 0.000000 0.000000 0.000000 -0.009100 0.999959
58.513686180 -0.022516 0.976491 0.000000 0.000000 0.000000 -0.009140 0.999958
58.577755451 -0.022300 0.977700 0.000000 0.000000 0.000000 -0.009350 0.999956
58.663658381 -0.022286 0.977477 0.000000 0.000000 0.000000 -0.009501 0.999955
58.721382856 -0.021374 0.976598 0.000000 0.000000 0.000000 -0.009510 0.999955
58.811643362 -0.021067 0.976077 0.000000 0.000000 0.000000 -0.009588 0.999954
58.859117508 -0.020697 0.976891 0.000000 0.000000 0.000000 -0.009488 0.999955
58.954252720 -0.020934 0.976816 0.000000 0.000000 0.000000 -0.009542 0.999954
59.016629219 -0.020093 0.977604 0.000000 0.000000 0.000000 -0.009209 0.999958
59.106379747 -0.020615 0.980104 0.000000 0.000000 0.000000 -0.009527 0.999955
59.158839226 -0.022038 0.982725 0.000000 0.000000 0.000000 -0.009448 0.999955
59.239713192 -0.023429 0.984049 0.000000 0.000000 0.000000 -0.009513 0.999955
59.295119047 -0.024740 0.984982 0.000000 0.000000 0.000000 -0.009506 0.999955
59.400145054 -0.024985 0.985589 0.000000 0.000000 0.000000 -0.009503 0.999955
59.447155952 -0.025121 0.985062 0.000000 0.000000 0.000000 -0.009940 0.999951
59.543852329 -0.024792 0.986019 0.000000 0.000000 0.000000 -0.010163 0.999948
59.590034962 -0.025609 0.986456 0.000000 0.000000 0.000000 -0.010126 0.999949
59.665421247 -0.026326 0.987528 0.000000 0.000000 0.000000 -0.010164 0.999948
59.720851421 -0.026972 0.987568 0.000000 0.000000 0.000000 -0.010007 0.999950
59.805132151 -0.024961 0.987421 0.000000 0.000000 0.000000 -0.009963 0.999950
59.860359430 -0.025614 0.986805 0.000000 0.000000 0.000000 -0.009935 0.999951
59.957119226 -0.026538 0.985812 0.000000 0.000000 0.000000 -0.009952 0.999950
60.005816936 -0.026835 0.986160 0.000000 0.000000 0.000000 -0.009906 0.999951
60.089397669 -0.026765 0.986707 0.000000 0.000000 0.000000 -0.009785 0.999952
60.138172865 -0.024996 0.988034 0.000000 0.000000 0.000000 -0.009981 0.999950
60.220950127 -0.025969 0.988723 0.000000 0.000000 0.000000 -0.010048 0.999950
60.272440672 -0.025811 0.987518 0.000000 0.000000 0.000000 -0.010061 0.999949
60.365985632 -0.026076 0.986466 0.000000 0.000000 0.000000 -0.010378 0.999946
60.419920921 -0.024684 0.986591 0.000000 0.000000 0.000000 -0.010690 0.999943
60.517887354 -0.025340 0.987034 0.000000 0.000000 0.000000 -0.010856 0.999941
60.576246977 -0.025738 0.987306 0.000000 0.000000 0.000000 -0.010932 0.999940
60.661265135 -0.025465 0.987361 0.000000 0.000000 0.000000 -0.011185 0.999937
60.720116138 -0.024546 0.986912 0.000000 0.000000 0.000000 -0.011139 0.999938
60.806773424 -0.023969 0.987677 0.000000 0.000000 0.000000 -0.011080 0.999939
60.856551170 -0.021410 0.988733 0.000000 0.000000 0.000000 -0.011605 0.999933
60.954911470 -0.021154 0.988057 0.000000 0.000000 0.000000 -0.011522 0.999934
61.012297630 -0.022099 0.987870 0.000000 0.000000 0.000000 -0.011470 0.999934
61.109639168 -0.023043 0.988353 0.000000 0.000000 0.000000 -0.011510 0.999934
61.157109976 -0.023589 0.988614 0.000000 0.000000 0.000000 -0.011773 0.999931
61.239634752 -0.023546 0.990138 0.000000 0.000000 0.000000 -0.011791 0.999930
61.291578770 -0.025200 0.990871 0.000000 0.000000 0.000000 -0.011939 0.999929
61.377224922 -0.026207 0.992261 0.000000 0.000000 0.000000 -0.011832 0.999930
61.424571276 -0.026123 0.994203 0.000000 0.000000 0.000000 -0.011936 0.999929
61.517945051 -0.026196 0.995156 0.000000 0.000000 0.000000 -0.011642 0.999932
61.571182013 -0.025394 0.995603 0.000000 0.000000 0.000000 -0.011864 0.999930
61.674693108 -0.024283 0.996088 0.000000 0.000000 0.000000 -0.011937 0.999929
61.731230259 -0.024877 0.996364 0.000000 0.000000 0.000000 -0.011999 0.999928
61.823836803 -0.025379 0.996060 0.000000 0.000000 0.000000 -0.012141 0.999926
61.867137194 -0.024253 0.997370 0.000000 0.000000 0.000000 -0.012226 0.999925
61.957184315 -0.023711 0.999263 0.000000 0.000000 0.000000 -0.011776 0.999931
62.007257462 -0.023542 0.999487 0.000000 0.000000 0.000000 -0.011791 0.999930
62.096065044 -0.023762 1.000294 0.000000 0.000000 0.000000 -0.011659 0.999932
62.149833441 -0.023006 1.000096 0.000000 0.000000 0.000000 -0.011851 0.999930
62.231528997 -0.009264 0.999694 0.000000 0.000000 0.000000 -0.011814 0.999930
62.288254261 0.000085 1.001288 0.000000 0.000000 0.000000 -0.011838 0.999930
62.372793436 0.013805 1.000592 0.000000 0.000000 0.000000 -0.011710 0.999931
62.437046528 0.024250 1.000166 0.000000 0.000000 0.000000 -0.011800 0.999930
62.518205643 0.037001 1.000013 0.000000 0.000000 0.000000 -0.011783 0.999931
62.573649645 0.047537 1.001364 0.000000 0.000000 0.000000 -0.011752 0.999931
62.658019066 0.062227 1.001121 0.000000 0.000000 0.000000 -0.011972 0.999928
62.708748341 0.070769 1.002316 0.000000 0.000000 0.000000 -0.011768 0.999931
62.802901506 0.087015 1.003069 0.000000 0.000000 0.000000 -0.011746 0.999931
62.862125397 0.096872 1.004121 0.000000 0.000000 0.000000 -0.011557 0.999933
62.944721937 0.109623 1.003946 0.000000 0.000000 0.000000 -0.011448 0.999934
63.001682520 0.118746 1.004983 0.000000 0.000000 0.000000 -0.011057 0.999939
63.096352816 0.134634 1.005171 0.000000 0.000000 0.000000 -0.011011 0.999939
63.140980959 0.141295 1.004955 0.000000 0.000000 0.000000 -0.010994 0.999940
63.224403381 0.153938 1.004087 0.000000 0.000000 0.000000 -0.010886 0.999941
63.278097630 0.163186 1.003454 0.000000 0.000000 0.000000 -0.010716 0.999943
63.378735542 0.180251 1.003779 0.000000 0.000000 0.000000 -0.010177 0.999948
63.429337263 0.188716 1.003670 0.000000 0.000000 0.000000 -0.010083 0.999949
63.507558107 0.201531 1.003646 0.000000 0.000000 0.000000 -0.009801 0.999952
63.561244726 0.210643 1.003808 0.000000 0.000000 0.000000 -0.009624 0.999954
63.651183605 0.224262 1.003757 0.000000 0.000000 0.000000 -0.009312 0.999957
63.722069025 0.235480 1.003399 0.000000 0.000000 0.000000 -0.009229 0.999957
63.818211794 0.251748 1.003243 0.000000 0.000000 0.000000 -0.009058 0.999959
63.867984533 0.260026 1.002743 0.000000 0.000000 0.000000 -0.009109 0.999959
63.954170942 0.274446 1.001515 0.000000 0.000000 0.000000 -0.008847 0.999961
64.007827759 0.283222 1.001317 0.000000 0.000000 0.000000 -0.008803 0.999961
64.098969221 0.299591 1.002855 0.000000 0.000000 0.000000 -0.008831 0.999961
64.150251389 0.308838 1.003350 0.000000 0.000000 0.000000 -0.008758 0.999962
64.240028858 0.324805 1.002163 0.000000 0.000000 0.000000 -0.008740 0.999962
64.291742325 0.333728 1.002312 0.000000 0.000000 0.000000 -0.008792 0.999961
64.384911537 0.349101 1.001471 0.000000 0.000000 0.000000 -0.008429 0.999964
64.438662767 0.358378 1.000849 0.000000 0.000000 0.000000 -0.008422 0.999965
64.529100657 0.373301 1.001035 0.000000 0.000000 0.000000 -0.008154 0.999967
64.581606388 0.382071 1.000734 0.000000 0.000000 0.000000 -0.008084 0.999967
64.666499376 0.395501 0.999963 0.000000 0.000000 0.000000 -0.007881 0.999969
64.719514608 0.403865 0.998766 0.000000 0.000000 0.000000 -0.007768 0.999970
64.801486015 0.417673 0.999708 0.000000 0.000000 0.000000 -0.007537 0.999972
64.853920698 0.425893 0.998675 0.000000 0.000000 0.000000 -0.007593 0.999971
64.943417788 0.440529 0.999229 0.000000 0.000000 0.000000 -0.007596 0.999971
64.995023489 0.449217 0.998848 0.000000 0.000000 0.000000 -0.007451 0.999972
65.076430798 0.464154 0.998831 0.000000 0.000000 0.000000 -0.007515 0.999972
65.137303352 0.475601 0.998206 0.000000 0.000000 0.000000 -0.007550 0.999971
65.235720634 0.492298 0.998973 0.000000 0.000000 0.000000 -0.007410 0.999973
65.286878586 0.501109 0.998774 0.000000 0.000000 0.000000 -0.007361 0.999973
65.388996363 0.518246 0.999848 0.000000 0.000000 0.000000 -0.007267 0.999974
65.443364143 0.526021 0.999032 0.000000 0.000000 0.000000 -0.007231 0.999974
65.533442974 0.541528 0.998023 0.000000 0.000000 0.000000 -0.006785 0.999977
65.583643198 0.550567 0.997532 0.000000 0.000000 0.000000 -0.007096 0.999975
65.666572094 0.566109 0.996758 0.000000 0.000000 0.000000 -0.007006 0.999975
65.718314648 0.575681 0.996403 0.000000 0.000000 0.000000 -0.006880 0.999976
65.813969851 0.591899 0.993985 0.000000 0.000000 0.000000 -0.006723 0.999977
65.860479355 0.600600 0.992062 0.000000 0.000000 0.000000 -0.006895 0.999976
65.949100494 0.614791 0.990910 0.000000 0.000000 0.000000 -0.006869 0.999976
66.006313324 0.623821 0.990716 0.000000 0.000000 0.000000 -0.006870 0.999976
66.091695070 0.638485 0.990432 0.000000 0.000000 0.000000 -0.006868 0.999976
66.150105000 0.647526 0.989152 0.000000 0.000000 0.000000 -0.006910 0.999976
66.245607138 0.662318 0.989831 0.000000 0.000000 0.000000 -0.006790 0.999977
66.289936066 0.668915 0.989549 0.000000 0.000000 0.000000 -0.006660 0.999978
66.374847174 0.682305 0.987827 0.000000 0.000000 0.000000 -0.006629 0.999978
66.427448988 0.691108 0.985936 0.000000 0.000000 0.000000 -0.006399 0.999980
66.515174389 0.704778 0.984933 0.000000 0.000000 0.000000 -0.006283 0.999980
66.565155268 0.713765 0.982223 0.000000 0.000000 0.000000 -0.005892 0.999983
66.668905973 0.730942 0.981149 0.000000 0.000000 0.000000 -0.005606 0.999984
66.720251560 0.737895 0.980806 0.000000 0.000000 0.000000 -0.005371 0.999986
66.818524122 0.754730 0.980238 0.000000 0.000000 0.000000 -0.005368 0.999986
66.862034321 0.760706 0.978861 0.000000 0.000000 0.000000 -0.005162 0.999987
66.948162079 0.774145 0.978327 0.000000 0.000000 0.000000 -0.004624 0.999989
66.998103142 0.781729 0.978493 0.000000 0.000000 0.000000 -0.004550 0.999990
67.100195885 0.799168 0.977349 0.000000 0.000000 0.000000 -0.004311 0.999991
67.157076359 0.809221 0.977842 0.000000 0.000000 0.000000 -0.004094 0.999992
67.269846916 0.827455 0.976148 0.000000 0.000000 0.000000 -0.004223 0.999991
67.325706720 0.835678 0.977267 0.000000 0.000000 0.000000 -0.003936 0.999992
67.417520761 0.851404 0.976622 0.000000 0.000000 0.000000 -0.003976 0.999992
67.475314379 0.862741 0.975554 0.000000 0.000000 0.000000 -0.003912 0.999992
67.587245464 0.882858 0.976408 0.000000 0.000000 0.000000 -0.003816 0.999993
67.657504320 0.895757 0.977934 0.000000 0.000000 0.000000 -0.003466 0.999994
67.744100571 0.910235 0.977749 0.000000 0.000000 0.000000 -0.003136 0.999995
67.809964418 0.921556 0.977620 0.000000 0.000000 0.000000 -0.003130 0.999995
67.907867193 0.937193 0.978884 0.000000 0.000000 0.000000 -0.002906 0.999996
67.955658197 0.946710 0.978942 0.000000 0.000000 0.000000 -0.002924 0.999996
68.043772697 0.962108 0.980158 0.000000 0.000000 0.000000 -0.002822 0.999996
68.092056751 0.971155 0.981335 0.000000 0.000000 0.000000 -0.002594 0.999997
68.198954105 0.988554 0.982732 0.000000 0.000000 0.000000 -0.002214 0.999998
68.239401817 0.996351 0.983484 0.000000 0.000000 0.000000 -0.002201 0.999998
68.334116697 1.012505 0.983860 0.000000 0.000000 0.000000 -0.001833 0.999998
68.393169165 1.023281 0.984109 0.000000 0.000000 0.000000 -0.001929 0.999998
68.488315105 1.040466 0.984974 0.000000 0.000000 0.000000 -0.001596 0.999999
68.548655272 1.051584 0.985603 0.000000 0.000000 0.000000 -0.001633 0.999999
68.628951550 1.066586 0.985083 0.000000 0.000000 0.000000 -0.001367 0.999999
68.688163757 1.077746 0.985984 0.000000 0.000000 0.000000 -0.001451 0.999999
68.771270037 1.092145 0.987379 0.000000 0.000000 0.000000 -0.001141 0.999999
68.824939728 1.102136 0.987129 0.000000 0.000000 0.000000 -0.001202 0.999999
68.927378178 1.119546 0.987358 0.000000 0.000000 0.000000 -0.001056 0.999999
68.988554239 1.130747 0.986167 0.000000 0.000000 0.000000 -0.000776 1.000000
69.091393948 1.149527 0.986535 0.000000 0.000000 0.000000 -0.000965 1.000000
69.142657280 1.159400 0.986290 0.000000 0.000000 0.000000 -0.000875 1.000000
69.226943970 1.173334 0.986010 0.000000 0.000000 0.000000 -0.000985 1.000000
69.291504383 1.182623 0.986366 0.000000 0.000000 0.000000 -0.001393 0.999999
69.395749092 1.200767 0.985823 0.000000 0.000000 0.000000 -0.001246 0.999999
69.444655418 1.210992 0.986731 0.000000 0.000000 0.000000 -0.001173 0.999999
69.543005466 1.227252 0.985313 0.000000 0.000000 0.000000 -0.001147 0.999999
69.595045090 1.238683 0.983932 0.000000 0.000000 0.000000 -0.001385 0.999999
69.695927858 1.256805 0.984713 0.000000 0.000000 0.000000 -0.001201 0.999999
69.753221989 1.266020 0.985058 0.000000 0.000000 0.000000 -0.001026 0.999999
69.852281094 1.283921 0.985745 0.000000 0.000000 0.000000 -0.001091 0.999999
69.909631014 1.295424 0.986739 0.000000 0.000000 0.000000 -0.001134 0.999999
70.003495455 1.313021 0.987891 0.000000 0.000000 0.000000 -0.000723 1.000000
70.055417776 1.322871 0.987360 0.000000 0.000000 0.000000 -0.000480 1.000000
70.137858391 1.338345 0.987308 0.000000 0.000000 0.000000 -0.000317 1.000000
70.199167728 1.350063 0.987946 0.000000 0.000000 0.000000 -0.000182 1.000000
70.302878618 1.367841 0.988043 0.000000 0.000000 0.000000 0.000225 1.000000
70.369396687 1.381387 0.987227 0.000000 0.000000 0.000000 0.000392 1.000000
70.461210728 1.399498 0.986570 0.000000 0.000000 0.000000 0.000400 1.000000
70.509778738 1.409700 0.988233 0.000000 0.000000 0.000000 0.000835 1.000000
70.599387646 1.425547 0.987578 0.000000 0.000000 0.000000 0.000989 1.000000
70.656033039 1.436213 0.988388 0.000000 0.000000 0.000000 0.001165 0.999999
70.768153429 1.456180 0.988441 0.000000 0.000000 0.000000 0.001361 0.999999
70.815999985 1.465633 0.988433 0.000000 0.000000 0.000000 0.001528 0.999999
70.900581121 1.481417 0.988070 0.000000 0.000000 0.000000 0.001691 0.999999
70.955633402 1.491016 0.987335 0.000000 0.000000 0.000000 0.001814 0.999998
71.042252779 1.505861 0.984981 0.000000 0.000000 0.000000 0.001581 0.999999
71.103641987 1.517827 0.983101 0.000000 0.000000 0.000000 0.001297 0.999999
71.186776161 1.532553 0.982831 0.000000 0.000000 0.000000 0.001457 0.999999
71.250498533 1.545233 0.981801 0.000000 0.000000 0.000000 0.001677 0.999999
71.341936827 1.550979 0.982149 0.000000 0.000000 0.000000 0.008280 0.999966
71.393325806 1.552156 0.982888 0.000000 0.000000 0.000000 0.012077 0.999927
71.487019539 1.554838 0.982160 0.000000 0.000000 0.000000 0.018259 0.999833
71.537977695 1.555265 0.981978 0.000000 0.000000 0.000000 0.021472 0.999769
71.626116753 1.558721 0.980109 0.000000 0.000000 0.000000 0.026151 0.999658
71.682151079 1.558695 0.977690 0.000000 0.000000 0.000000 0.029109 0.999576
71.763496399 1.561481 0.975797 0.000000 0.000000 0.000000 0.034830 0.999393
71.820455313 1.563713 0.975238 0.000000 0.000000 0.000000 0.038550 0.999257
71.918866396 1.565458 0.974647 0.000000 0.000000 0.000000 0.045307 0.998973
71.975845575 1.563902 0.972733 0.000000 0.000000 0.000000 0.048956 0.998801
72.068582535 1.560392 0.973163 0.000000 0.000000 0.000000 0.053391 0.998574
72.122643709 1.560105 0.972431 0.000000 0.000000 0.000000 0.057072 0.998370
72.217851877 1.576900 0.974826 0.000000 0.000000 0.000000 0.057028 0.998373
72.265589714 1.585509 0.974275 0.000000 0.000000 0.000000 0.057213 0.998362
72.354194641 1.601631 0.975134 0.000000 0.000000 0.000000 0.057484 0.998346
72.403216600 1.609798 0.975226 0.000000 0.000000 0.000000 0.057618 0.998339
72.504085302 1.627425 0.977650 0.000000 0.000000 0.000000 0.057802 0.998328
72.559812546 1.640822 0.979678 0.000000 0.000000 0.000000 0.057723 0.998333
72.641114473 1.657086 0.982133 0.000000 0.000000 0.000000 0.057939 0.998320
72.695553064 1.666587 0.982586 0.000000 0.000000 0.000000 0.058013 0.998316
72.784453154 1.682123 0.985016 0.000000 0.000000 0.000000 0.057913 0.998322
72.839464188 1.686018 0.985249 0.000000 0.000000 0.000000 0.061802 0.998088
72.931765556 1.689306 0.986125 0.000000 0.000000 0.000000 0.066793 0.997767
72.986810684 1.692042 0.984801 0.000000 0.000000 0.000000 0.070585 0.997506
73.071648121 1.695485 0.983170 0.000000 0.000000 0.000000 0.075731 0.997128
73.129702330 1.695312 0.981294 0.000000 0.000000 0.000000 0.079459 0.996838
73.227200508 1.698218 0.982909 0.000000 0.000000 0.000000 0.086263 0.996272
73.271549940 1.694181 0.982677 0.000000 0.000000 0.000000 0.088630 0.996065
73.365193605 1.707783 0.985256 0.000000 0.000000 0.000000 0.088663 0.996062
73.410813332 1.713497 0.986920 0.000000 0.000000 0.000000 0.088687 0.996060
73.495560646 1.726830 0.991603 0.000000 0.000000 0.000000 0.088584 0.996069
73.549853325 1.736666 0.993865 0.000000 0.000000 0.000000 0.088677 0.996060
73.635336399 1.751946 0.995532 0.000000 0.000000 0.000000 0.088614 0.996066
73.700213671 1.762562 0.998265 0.000000 0.000000 0.000000 0.088715 0.996057
73.794411182 1.777805 1.000750 0.000000 0.000000 0.000000 0.088844 0.996046
73.851395130 1.787503 1.003020 0.000000 0.000000 0.000000 0.089053 0.996027
73.934927464 1.803381 1.006775 0.000000 0.000000 0.000000 0.089046 0.996028
73.994324923 1.808911 1.009359 0.000000 0.000000 0.000000 0.093114 0.995655
74.076428652 1.814900 1.010312 0.000000 0.000000 0.000000 0.098824 0.995105
74.138641834 1.817914 1.010371 0.000000 0.000000 0.000000 0.102608 0.994722
74.232690811 1.822845 1.010123 0.000000 0.000000 0.000000 0.109158 0.994024
74.284757137 1.823880 1.009989 0.000000 0.000000 0.000000 0.112746 0.993624
74.368963718 1.827957 1.009274 0.000000 0.000000 0.000000 0.118297 0.992978
74.424954653 1.831078 1.008349 0.000000 0.000000 0.000000 0.122320 0.992491
74.512892008 1.831580 1.008651 0.000000 0.000000 0.000000 0.128341 0.991730
74.568120718 1.837837 1.011114 0.000000 0.000000 0.000000 0.128129 0.991758
74.659038782 1.849783 1.015963 0.000000 0.000000 0.000000 0.128347 0.991729
74.720528126 1.861386 1.018773 0.000000 0.000000 0.000000 0.128472 0.991713
74.807915449 1.876703 1.023730 0.000000 0.000000 0.000000 0.128595 0.991697
74.867791891 1.887555 1.026794 0.000000 0.000000 0.000000 0.128607 0.991696
74.956265450 1.902733 1.030967 0.000000 0.000000 0.000000 0.128770 0.991674
75.006022692 1.912259 1.033199 0.000000 0.000000 0.000000 0.128756 0.991676
75.093890429 1.927184 1.037187 0.000000 0.000000 0.000000 0.128467 0.991714
75.151803017 1.936844 1.041156 0.000000 0.000000 0.000000 0.128479 0.991712
75.237923384 1.952074 1.045101 0.000000 0.000000 0.000000 0.128493 0.991710
75.289012432 1.961791 1.047317 0.000000 0.000000 0.000000 0.128554 0.991702
75.377345324 1.976661 1.051392 0.000000 0.000000 0.000000 0.128682 0.991686
75.433693886 1.986119 1.054550 0.000000 0.000000 0.000000 0.128420 0.991720
75.537194490 2.001205 1.058427 0.000000 0.000000 0.000000 0.128878 0.991660
75.586070776 2.009615 1.061080 0.000000 0.000000 0.000000 0.128642 0.991691
75.689361572 2.027844 1.066237 0.000000 0.000000 0.000000 0.128468 0.991714
75.744805098 2.038235 1.070654 0.000000 0.000000 0.000000 0.128512 0.991708
75.826009274 2.050032 1.071879 0.000000 0.000000 0.000000 0.127975 0.991777
75.899021864 2.055029 1.073117 0.000000 0.000000 0.000000 0.133014 0.991114
75.992537260 2.057427 1.072725 0.000000 0.000000 0.000000 0.139371 0.990240
76.056124210 2.059356 1.071375 0.000000 0.000000 0.000000 0.143547 0.989643
76.141805172 2.059932 1.069501 0.000000 0.000000 0.000000 0.148765 0.988873
76.196712971 2.060621 1.069761 0.000000 0.000000 0.000000 0.152794 0.988258
76.279946327 2.062278 1.069164 0.000000 0.000000 0.000000 0.157511 0.987517
76.336917877 2.063712 1.069381 0.000000 0.000000 0.000000 0.161556 0.986864
76.431858301 2.065371 1.068763 0.000000 0.000000 0.000000 0.167901 0.985804
76.487337351 2.070261 1.070223 0.000000 0.000000 0.000000 0.168292 0.985737
76.576975346 2.081347 1.075109 0.000000 0.000000 0.000000 0.168525 0.985697
76.635664701 2.091331 1.079030 0.000000 0.000000 0.000000 0.168736 0.985661
76.736702204 2.108836 1.085620 0.000000 0.000000 0.000000 0.168834 0.985645
76.784813404 2.118773 1.089203 0.000000 0.000000 0.000000 0.169043 0.985609
76.872728825 2.133375 1.095850 0.000000 0.000000 0.000000 0.169235 0.985576
76.940669060 2.145211 1.100924 0.000000 0.000000 0.000000 0.169889 0.985463
77.039191484 2.161529 1.107239 0.000000 0.000000 0.000000 0.170075 0.985431
77.091496944 2.172781 1.112884 0.000000 0.000000 0.000000 0.170348 0.985384
77.178045034 2.178615 1.114642 0.000000 0.000000 0.000000 0.176208 0.984353
77.233334064 2.180033 1.112821 0.000000 0.000000 0.000000 0.180223 0.983626
77.321522951 2.182162 1.113466 0.000000 0.000000 0.000000 0.186145 0.982522
77.385615587 2.180930 1.112953 0.000000 0.000000 0.000000 0.190151 0.981755
77.482558012 2.192669 1.118972 0.000000 0.000000 0.000000 0.190848 0.981620
77.535058022 2.201156 1.121920 0.000000 0.000000 0.000000 0.190828 0.981623
77.635596514 2.218639 1.129412 0.000000 0.000000 0.000000 0.190983 0.981593
77.687636852 2.227828 1.131688 0.000000 0.000000 0.000000 0.190942 0.981601
77.783472538 2.242918 1.136912 0.000000 0.000000 0.000000 0.190994 0.981591
77.833787918 2.249657 1.140499 0.000000 0.000000 0.000000 0.190562 0.981675
77.940711260 2.267771 1.148365 0.000000 0.000000 0.000000 0.190328 0.981721
77.985099792 2.276417 1.151982 0.000000 0.000000 0.000000 0.190356 0.981715
78.074628830 2.291249 1.159197 0.000000 0.000000 0.000000 0.190447 0.981698
78.126539230 2.299285 1.164315 0.000000 0.000000 0.000000 0.190363 0.981714
78.225707769 2.304168 1.167194 0.000000 0.000000 0.000000 0.197243 0.980355
78.287621975 2.305197 1.166963 0.000000 0.000000 0.000000 0.201210 0.979548
78.371752024 2.316165 1.170173 0.000000 0.000000 0.000000 0.201121 0.979566
78.425225496 2.323736 1.173306 0.000000 0.000000 0.000000 0.200948 0.979602
78.525620699 2.339072 1.179794 0.000000 0.000000 0.000000 0.201551 0.979478
78.588539600 2.348267 1.184096 0.000000 0.000000 0.000000 0.201816 0.979424
78.670593977 2.361874 1.189916 0.000000 0.000000 0.000000 0.201950 0.979396
78.735427380 2.372062 1.193557 0.000000 0.000000 0.000000 0.201943 0.979397
78.827690363 2.387955 1.200147 0.000000 0.000000 0.000000 0.201954 0.979395
78.889282465 2.397889 1.206870 0.000000 0.000000 0.000000 0.202027 0.979380
78.986895561 2.414418 1.212593 0.000000 0.000000 0.000000 0.202090 0.979367
79.038242817 2.424437 1.217655 0.000000 0.000000 0.000000 0.202403 0.979302
79.133278370 2.428057 1.219257 0.000000 0.000000 0.000000 0.208581 0.978005
79.188038111 2.426812 1.220958 0.000000 0.000000 0.000000 0.211894 0.977293
79.274859905 2.430505 1.221440 0.000000 0.000000 0.000000 0.218125 0.975921
79.325020790 2.436070 1.219188 0.000000 0.000000 0.000000 0.218934 0.975740
79.419587612 2.450115 1.226964 0.000000 0.000000 0.000000 0.219241 0.975671
79.476016521 2.457971 1.230885 0.000000 0.000000 0.000000 0.219378 0.975640
79.572896481 2.472629 1.239743 0.000000 0.000000 0.000000 0.219399 0.975635
79.625355482 2.480695 1.244697 0.000000 0.000000 0.000000 0.219888 0.975525
79.715934038 2.496071 1.250108 0.000000 0.000000 0.000000 0.219894 0.975524
79.766192913 2.505555 1.255396 0.000000 0.000000 0.000000 0.219610 0.975588
79.851100206 2.520445 1.262848 0.000000 0.000000 0.000000 0.219143 0.975693
79.911969662 2.530531 1.269389 0.000000 0.000000 0.000000 0.218844 0.975760
80.005322218 2.546367 1.275306 0.000000 0.000000 0.000000 0.218975 0.975731
80.049822092 2.555100 1.277502 0.000000 0.000000 0.000000 0.219021 0.975720
80.144307137 2.569720 1.286343 0.000000 0.000000 0.000000 0.218970 0.975732
80.194717646 2.579222 1.292250 0.000000 0.000000 0.000000 0.218329 0.975875
80.283586025 2.584638 1.293788 0.000000 0.000000 0.000000 0.223751 0.974646
80.339012861 2.587065 1.295346 0.000000 0.000000 0.000000 0.227176 0.973854
80.432806969 2.592424 1.293948 0.000000 0.000000 0.000000 0.232856 0.972511
80.481657505 2.593377 1.290072 0.000000 0.000000 0.000000 0.236174 0.971711
80.570667744 2.595976 1.289874 0.000000 0.000000 0.000000 0.242038 0.970267
80.629180193 2.596377 1.288383 0.000000 0.000000 0.000000 0.245892 0.969297
80.725515127 2.598932 1.288555 0.000000 0.000000 0.000000 0.251554 0.967843
80.785824299 2.600162 1.288969 0.000000 0.000000 0.000000 0.255557 0.966794
80.885531425 2.602405 1.288568 0.000000 0.000000 0.000000 0.262350 0.964973
80.931448936 2.602929 1.287204 0.000000 0.000000 0.000000 0.265507 0.964109
81.023196459 2.612739 1.292672 0.000000 0.000000 0.000000 0.265601 0.964083
81.074112654 2.619191 1.295015 0.000000 0.000000 0.000000 0.265503 0.964110
81.169610262 2.633533 1.303944 0.000000 0.000000 0.000000 0.265817 0.964024
81.221564293 2.641692 1.308788 0.000000 0.000000 0.000000 0.266017 0.963968
81.317089081 2.656500 1.318990 0.000000 0.000000 0.000000 0.266183 0.963923
81.373459816 2.665798 1.322880 0.000000 0.000000 0.000000 0.266190 0.963921
81.468533754 2.681355 1.333156 0.000000 0.000000 0.000000 0.266226 0.963911
81.523016691 2.690010 1.338921 0.000000 0.000000 0.000000 0.266080 0.963951
81.598726511 2.701910 1.346954 0.000000 0.000000 0.000000 0.265912 0.963997
81.657386780 2.706917 1.349433 0.000000 0.000000 0.000000 0.269505 0.962999
81.743980408 2.710740 1.351374 0.000000 0.000000 0.000000 0.275538 0.961290
81.802433014 2.709823 1.349194 0.000000 0.000000 0.000000 0.278748 0.960364
81.892469883 2.712014 1.347523 0.000000 0.000000 0.000000 0.284454 0.958690
81.951400280 2.712481 1.344567 0.000000 0.000000 0.000000 0.287906 0.957659
82.051398516 2.714393 1.346121 0.000000 0.000000 0.000000 0.294658 0.955603
82.098116398 2.714542 1.345338 0.000000 0.000000 0.000000 0.297799 0.954629
82.188131332 2.723740 1.352724 0.000000 0.000000 0.000000 0.298060 0.954547
82.248149872 2.729001 1.356585 0.000000 0.000000 0.000000 0.298262 0.954484
82.336132288 2.739930 1.364710 0.000000 0.000000 0.000000 0.297953 0.954580
82.396090031 2.748629 1.371850 0.000000 0.000000 0.000000 0.298275 0.954480
82.493404388 2.763051 1.381872 0.000000 0.000000 0.000000 0.298378 0.954448
82.545469284 2.771733 1.387605 0.000000 0.000000 0.000000 0.298490 0.954413
82.645762682 2.786091 1.399125 0.000000 0.000000 0.000000 0.298302 0.954472
82.703368902 2.794881 1.405623 0.000000 0.000000 0.000000 0.298394 0.954443
82.786747932 2.808684 1.412684 0.000000 0.000000 0.000000 0.298178 0.954510
82.854153395 2.818992 1.419238 0.000000 0.000000 0.000000 0.298560 0.954391
82.943068027 2.831802 1.428710 0.000000 0.000000 0.000000 0.298784 0.954321
83.009804964 2.842284 1.436303 0.000000 0.000000 0.000000 0.298869 0.954294
83.085191727 2.854121 1.443124 0.000000 0.000000 0.000000 0.298957 0.954267
83.153803349 2.865087 1.448802 0.000000 0.000000 0.000000 0.298916 0.954279
83.241653681 2.878792 1.456016 0.000000 0.000000 0.000000 0.298973 0.954261
83.297069788 2.882306 1.459134 0.000000 0.000000 0.000000 0.301705 0.953401
83.389735460 2.885703 1.460929 0.000000 0.000000 0.000000 0.307719 0.951477
83.453119040 2.887792 1.459156 0.000000 0.000000 0.000000 0.311358 0.950293
83.537900448 2.888359 1.457807 0.000000 0.000000 0.000000 0.316785 0.948497
83.597048283 2.888659 1.456897 0.000000 0.000000 0.000000 0.320505 0.947247
83.717325926 2.890616 1.456826 0.000000 0.000000 0.000000 0.328222 0.944601
83.749479055 2.891075 1.450960 0.000000 0.000000 0.000000 0.329786 0.944056
83.838826418 2.893435 1.449345 0.000000 0.000000 0.000000 0.335360 0.942090
83.901724577 2.895335 1.447769 0.000000 0.000000 0.000000 0.339446 0.940626
83.992516994 2.897604 1.448041 0.000000 0.000000 0.000000 0.345306 0.938490
84.051721573 2.898359 1.446023 0.000000 0.000000 0.000000 0.348418 0.937339
84.156426907 2.899896 1.447527 0.000000 0.000000 0.000000 0.355335 0.934739
84.200500965 2.900865 1.444720 0.000000 0.000000 0.000000 0.358095 0.933685
84.283172131 2.907723 1.449971 0.000000 0.000000 0.000000 0.357992 0.933725
84.341853619 2.913693 1.456869 0.000000 0.000000 0.000000 0.357738 0.933822
84.440338135 2.926341 1.467829 0.000000 0.000000 0.000000 0.357914 0.933754
84.490278244 2.932510 1.473735 0.000000 0.000000 0.000000 0.358376 0.933577
84.590413809 2.945075 1.483510 0.000000 0.000000 0.000000 0.358304 0.933605
84.637861252 2.947919 1.484251 0.000000 0.000000 0.000000 0.361256 0.932467
84.731191397 2.951584 1.485970 0.000000 0.000000 0.000000 0.367376 0.930073
84.795961142 2.953024 1.484802 0.000000 0.000000 0.000000 0.371115 0.928587
84.885035038 2.956147 1.480838 0.000000 0.000000 0.000000 0.376119 0.926571
84.942189693 2.961422 1.483335 0.000000 0.000000 0.000000 0.375793 0.926704
85.035698891 2.968985 1.489842 0.000000 0.000000 0.000000 0.375779 0.926709
85.087255955 2.974906 1.495800 0.000000 0.000000 0.000000 0.375584 0.926788
85.177431345 2.986091 1.507089 0.000000 0.000000 0.000000 0.375384 0.926869
85.234461546 2.995110 1.512580 0.000000 0.000000 0.000000 0.375319 0.926896
85.317269802 3.007865 1.523461 0.000000 0.000000 0.000000 0.375263 0.926918
85.371974707 3.017420 1.530194 0.000000 0.000000 0.000000 0.375407 0.926860
85.478625298 3.020235 1.532074 0.000000 0.000000 0.000000 0.382094 0.924123
85.528799295 3.020985 1.530618 0.000000 0.000000 0.000000 0.385520 0.922700
85.623463392 3.022079 1.532127 0.000000 0.000000 0.000000 0.391029 0.920378
85.673765659 3.023208 1.534095 0.000000 0.000000 0.000000 0.394297 0.918983
85.763669968 3.032835 1.542286 0.000000 0.000000 0.000000 0.394101 0.919067
85.820935726 3.038383 1.547410 0.000000 0.000000 0.000000 0.394164 0.919040
85.910727024 3.048678 1.556823 0.000000 0.000000 0.000000 0.394125 0.919057
85.964876890 3.054480 1.562708 0.000000 0.000000 0.000000 0.393979 0.919120
86.051109076 3.064356 1.572893 0.000000 0.000000 0.000000 0.393859 0.919171
86.103527308 3.071563 1.580575 0.000000 0.000000 0.000000 0.393777 0.919206
86.201452255 3.084281 1.592908 0.000000 0.000000 0.000000 0.393906 0.919151
86.242657185 3.089220 1.599294 0.000000 0.000000 0.000000 0.393626 0.919271
86.334985495 3.099868 1.611101 0.000000 0.000000 0.000000 0.393501 0.919324
86.382092714 3.100476 1.613094 0.000000 0.000000 0.000000 0.396265 0.918136
86.472083092 3.100854 1.611273 0.000000 0.000000 0.000000 0.401152 0.916011
86.523828268 3.101717 1.608226 0.000000 0.000000 0.000000 0.403820 0.914838
86.615870237 3.101136 1.607228 0.000000 0.000000 0.000000 0.409913 0.912125
86.670076370 3.100626 1.605282 0.000000 0.000000 0.000000 0.413225 0.910629
86.774803400 3.111830 1.613062 0.000000 0.000000 0.000000 0.412973 0.910743
86.820199966 3.116119 1.616134 0.000000 0.000000 0.000000 0.412542 0.910938
86.919469357 3.126541 1.628878 0.000000 0.000000 0.000000 0.412398 0.911004
86.967871189 3.131831 1.636051 0.000000 0.000000 0.000000 0.412313 0.911042
87.056761026 3.143234 1.649322 0.000000 0.000000 0.000000 0.412075 0.911150
87.109259605 3.150206 1.657682 0.000000 0.000000 0.000000 0.412021 0.911174
87.192007065 3.162541 1.668232 0.000000 0.000000 0.000000 0.411953 0.911205
87.253980637 3.170560 1.674613 0.000000 0.000000 0.000000 0.411871 0.911242
87.349741697 3.173940 1.677397 0.000000 0.000000 0.000000 0.417873 0.908505
87.405018091 3.177734 1.677019 0.000000 0.000000 0.000000 0.420646 0.907225
87.485984564 3.180003 1.678108 0.000000 0.000000 0.000000 0.425660 0.904883
87.543567896 3.179512 1.675827 0.000000 0.000000 0.000000 0.429401 0.903114
87.634330273 3.179457 1.676156 0.000000 0.000000 0.000000 0.434330 0.900754
87.686902761 3.178203 1.676707 0.000000 0.000000 0.000000 0.437544 0.899197
87.787247896 3.179752 1.678542 0.000000 0.000000 0.000000 0.443332 0.896357
87.837472916 3.182000 1.680564 0.000000 0.000000 0.000000 0.443209 0.896419
87.916748285 3.190412 1.692363 0.000000 0.000000 0.000000 0.443140 0.896452
87.986268759 3.196596 1.702812 0.000000 0.000000 0.000000 0.443453 0.896298
88.086726427 3.206693 1.717537 0.000000 0.000000 0.000000 0.443297 0.896375
88.150101423 3.212757 1.726471 0.000000 0.000000 0.000000 0.443366 0.896341
88.240933418 3.215867 1.730837 0.000000 0.000000 0.000000 0.448882 0.893591
88.297403812 3.218676 1.733028 0.000000 0.000000 0.000000 0.451786 0.892126
88.386169910 3.221243 1.735146 0.000000 0.000000 0.000000 0.457047 0.889443
88.450335503 3.220303 1.735337 0.000000 0.000000 0.000000 0.461038 0.887381
88.535275698 3.223521 1.735851 0.000000 0.000000 0.000000 0.466293 0.884630
88.605426788 3.224896 1.731912 0.000000 0.000000 0.000000 0.469569 0.882896
88.683759212 3.224765 1.732915 0.000000 0.000000 0.000000 0.474572 0.880217
88.750116110 3.228143 1.738940 0.000000 0.000000 0.000000 0.474649 0.880175
88.851769447 3.235438 1.752377 0.000000 0.000000 0.000000 0.474546 0.880231
88.916266441 3.241446 1.763242 0.000000 0.000000 0.000000 0.474941 0.880018
89.002526760 3.249572 1.775468 0.000000 0.000000 0.000000 0.474979 0.879997
89.057895184 3.254537 1.781845 0.000000 0.000000 0.000000 0.474924 0.880027
89.140100241 3.261872 1.794072 0.000000 0.000000 0.000000 0.475066 0.879950
89.195465088 3.261929 1.797356 0.000000 0.000000 0.000000 0.478608 0.878029
89.289087772 3.262039 1.800121 0.000000 0.000000 0.000000 0.483694 0.875237
89.344048738 3.264118 1.799770 0.000000 0.000000 0.000000 0.486703 0.873567
89.440391302 3.266471 1.798348 0.000000 0.000000 0.000000 0.492287 0.870433
89.492968559 3.267182 1.798107 0.000000 0.000000 0.000000 0.494952 0.868920
89.607647657 3.273496 1.810408 0.000000 0.000000 0.000000 0.494931 0.868932
89.672281504 3.279679 1.820474 0.000000 0.000000 0.000000 0.494763 0.869028
89.768073082 3.289447 1.835472 0.000000 0.000000 0.000000 0.495040 0.868870
89.829360723 3.296334 1.845414 0.000000 0.000000 0.000000 0.495352 0.868692
89.918611765 3.305396 1.859004 0.000000 0.000000 0.000000 0.495544 0.868583
89.983339548 3.311049 1.868578 0.000000 0.000000 0.000000 0.495555 0.868576
90.075467348 3.320104 1.883037 0.000000 0.000000 0.000000 0.495639 0.868528
90.136802912 3.326420 1.894808 0.000000 0.000000 0.000000 0.495611 0.868545
90.217718840 3.333703 1.907709 0.000000 0.000000 0.000000 0.495552 0.868578
90.282570362 3.339802 1.917981 0.000000 0.000000 0.000000 0.495702 0.868492
90.377734184 3.348436 1.931764 0.000000 0.000000 0.000000 0.495522 0.868595
90.428593874 3.353471 1.938802 0.000000 0.000000 0.000000 0.495826 0.868422
90.510604858 3.360736 1.951206 0.000000 0.000000 0.000000 0.495787 0.868444
90.568803549 3.365998 1.962405 0.000000 0.000000 0.000000 0.495721 0.868482
90.669097900 3.374855 1.977690 0.000000 0.000000 0.000000 0.495751 0.868465
90.734403133 3.380372 1.987208 0.000000 0.000000 0.000000 0.495294 0.868726
90.817264557 3.387062 1.999205 0.000000 0.000000 0.000000 0.495583 0.868561
90.874949217 3.392935 2.007142 0.000000 0.000000 0.000000 0.495623 0.868538
90.977848291 3.403080 2.022413 0.000000 0.000000 0.000000 0.495575 0.868565
91.038990498 3.409750 2.032999 0.000000 0.000000 0.000000 0.495607 0.868547
91.132968187 3.417794 2.047217 0.000000 0.000000 0.000000 0.495550 0.868579
91.184181929 3.422661 2.056233 0.000000 0.000000 0.000000 0.495451 0.868636
91.277483940 3.431476 2.069137 0.000000 0.000000 0.000000 0.495122 0.868823
91.333750963 3.436894 2.077182 0.000000 0.000000 0.000000 0.495301 0.868721
91.435931683 3.445750 2.092886 0.000000 0.000000 0.000000 0.495390 0.868671
91.490885019 3.452618 2.102924 0.000000 0.000000 0.000000 0.495339 0.868700
91.596405983 3.463390 2.119361 0.000000 0.000000 0.000000 0.495416 0.868656
91.657889366 3.472153 2.129768 0.000000 0.000000 0.000000 0.495565 0.868571
91.744920015 3.480457 2.142026 0.000000 0.000000 0.000000 0.495402 0.868664
91.803375244 3.486482 2.150960 0.000000 0.000000 0.000000 0.495381 0.868676
91.889576912 3.493257 2.163099 0.000000 0.000000 0.000000 0.495331 0.868705
91.950321198 3.498634 2.173866 0.000000 0.000000 0.000000 0.495243 0.868754
92.040585995 3.507157 2.187363 0.000000 0.000000 0.000000 0.495278 0.868735
92.095539570 3.512779 2.196632 0.000000 0.000000 0.000000 0.495364 0.868686
92.180634975 3.521010 2.208925 0.000000 0.000000 0.000000 0.495285 0.868731
92.233907700 3.526374 2.216404 0.000000 0.000000 0.000000 0.495414 0.868657
92.324627161 3.533554 2.230393 0.000000 0.000000 0.000000 0.495429 0.868648
92.377721786 3.540751 2.239789 0.000000 0.000000 0.000000 0.495262 0.868744
92.477380037 3.551817 2.254490 0.000000 0.000000 0.000000 0.495221 0.868767
92.527386665 3.556323 2.263996 0.000000 0.000000 0.000000 0.495215 0.868771
92.615924358 3.565839 2.277415 0.000000 0.000000 0.000000 0.495259 0.868745
92.672314167 3.572160 2.285938 0.000000 0.000000 0.000000 0.495273 0.868738
92.773890257 3.581952 2.301673 0.000000 0.000000 0.000000 0.495232 0.868761
92.833395958 3.589578 2.312141 0.000000 0.000000 0.000000 0.494777 0.869020
92.924817085 3.598569 2.325666 0.000000 0.000000 0.000000 0.494977 0.868906
92.988978386 3.606271 2.335917 0.000000 0.000000 0.000000 0.494999 0.868893
93.100240469 3.616101 2.351911 0.000000 0.000000 0.000000 0.494969 0.868910
93.152472734 3.618854 2.356953 0.000000 0.000000 0.000000 0.494778 0.869020
93.248969555 3.628142 2.370862 0.000000 0.000000 0.000000 0.494957 0.868917
93.302347898 3.633269 2.380633 0.000000 0.000000 0.000000 0.495091 0.868841
93.402684212 3.643783 2.394380 0.000000 0.000000 0.000000 0.495191 0.868784
93.454676867 3.649139 2.402934 0.000000 0.000000 0.000000 0.494980 0.868905
93.552758694 3.657121 2.416378 0.000000 0.000000 0.000000 0.495259 0.868745
93.613630056 3.662738 2.426354 0.000000 0.000000 0.000000 0.495245 0.868754
93.707502604 3.670952 2.439277 0.000000 0.000000 0.000000 0.495307 0.868718
93.764230251 3.676150 2.450049 0.000000 0.000000 0.000000 0.495116 0.868827
93.873910427 3.687635 2.466088 0.000000 0.000000 0.000000 0.494843 0.868982
93.914932251 3.692527 2.471677 0.000000 0.000000 0.000000 0.494978 0.868906
94.005584240 3.701565 2.482803 0.000000 0.000000 0.000000 0.494969 0.868911
94.060539484 3.707299 2.491005 0.000000 0.000000 0.000000 0.494879 0.868962
94.156020403 3.716473 2.505472 0.000000 0.000000 0.000000 0.494733 0.869045
94.210253716 3.721530 2.514603 0.000000 0.000000 0.000000 0.494875 0.868964
94.306135893 3.731643 2.529533 0.000000 0.000000 0.000000 0.494972 0.868909
94.372974396 3.738685 2.539882 0.000000 0.000000 0.000000 0.495140 0.868813
94.471097946 3.746004 2.553854 0.000000 0.000000 0.000000 0.495099 0.868837
94.529613972 3.749358 2.563811 0.000000 0.000000 0.000000 0.495251 0.868750
94.627149820 3.756887 2.580552 0.000000 0.000000 0.000000 0.495226 0.868764
94.671769142 3.761141 2.589087 0.000000 0.000000 0.000000 0.495406 0.868662
94.763330460 3.768943 2.604184 0.000000 0.000000 0.000000 0.495257 0.868747
94.822440624 3.774074 2.612714 0.000000 0.000000 0.000000 0.495345 0.868696
94.912670851 3.783218 2.625022 0.000000 0.000000 0.000000 0.495344 0.868697
94.978972197 3.790969 2.634412 0.000000 0.000000 0.000000 0.495499 0.868609
95.068254471 3.800816 2.649290 0.000000 0.000000 0.000000 0.495586 0.868559
95.123470068 3.806950 2.659523 0.000000 0.000000 0.000000 0.495548 0.868581
95.210581541 3.815474 2.673093 0.000000 0.000000 0.000000 0.495670 0.868511
95.261231899 3.820587 2.681789 0.000000 0.000000 0.000000 0.495532 0.868590
95.358219862 3.829510 2.694472 0.000000 0.000000 0.000000 0.495259 0.868745
95.405269146 3.833703 2.701888 0.000000 0.000000 0.000000 0.495247 0.868752
95.495450497 3.834572 2.704657 0.000000 0.000000 0.000000 0.495506 0.868604
95.556711435 3.836389 2.705084 0.000000 0.000000 0.000000 0.496036 0.868302
95.654532194 3.836546 2.706229 0.000000 0.000000 0.000000 0.495880 0.868391
95.718507051 3.835203 2.707161 0.000000 0.000000 0.000000 0.495707 0.868490
95.809733868 3.834935 2.707218 0.000000 0.000000 0.000000 0.495552 0.868578
95.869915009 3.833215 2.706298 0.000000 0.000000 0.000000 0.495391 0.868670
95.968504429 3.833482 2.705914 0.000000 0.000000 0.000000 0.495564 0.868571
96.013655424 3.833728 2.706284 0.000000 0.000000 0.000000 0.495504 0.868606
96.105460644 3.832912 2.706405 0.000000 0.000000 0.000000 0.495242 0.868755
96.151817083 3.832645 2.705740 0.000000 0.000000 0.000000 0.495329 0.868705
96.249305487 3.831512 2.704114 0.000000 0.000000 0.000000 0.495349 0.868694
96.313171148 3.831111 2.701397 0.000000 0.000000 0.000000 0.495439 0.868643
96.411842108 3.830974 2.702884 0.000000 0.000000 0.000000 0.495240 0.868756
96.483254194 3.831408 2.705248 0.000000 0.000000 0.000000 0.495254 0.868748
96.576039553 3.830286 2.705217 0.000000 0.000000 0.000000 0.495425 0.868651
96.634468794 3.829543 2.705366 0.000000 0.000000 0.000000 0.495451 0.868636
96.723625898 3.829990 2.705652 0.000000 0.000000 0.000000 0.495332 0.868704
96.781600475 3.829939 2.706104 0.000000 0.000000 0.000000 0.495151 0.868807
96.866395235 3.828789 2.706764 0.000000 0.000000 0.000000 0.494985 0.868901
96.921135187 3.829062 2.707798 0.000000 0.000000 0.000000 0.495112 0.868829
97.019036293 3.830265 2.707195 0.000000 0.000000 0.000000 0.494809 0.869002
97.060910940 3.829911 2.706691 0.000000 0.000000 0.000000 0.495045 0.868868
97.153807163 3.829529 2.706966 0.000000 0.000000 0.000000 0.495188 0.868786
97.211027622 3.829729 2.708450 0.000000 0.000000 0.000000 0.495142 0.868812
97.305245876 3.828894 2.707966 0.000000 0.000000 0.000000 0.495069 0.868854
97.364989996 3.829380 2.707129 0.000000 0.000000 0.000000 0.494787 0.869014
97.465471268 3.828852 2.707625 0.000000 0.000000 0.000000 0.494765 0.869027
97.531141281 3.828967 2.708738 0.000000 0.000000 0.000000 0.494952 0.868921
97.607466698 3.829175 2.708687 0.000000 0.000000 0.000000 0.495107 0.868832
97.670571327 3.829688 2.709140 0.000000 0.000000 0.000000 0.495288 0.868729
97.761371374 3.831236 2.708913 0.000000 0.000000 0.000000 0.495314 0.868714
97.826786518 3.832259 2.709792 0.000000 0.000000 0.000000 0.495422 0.868652
97.904732704 3.833276 2.710559 0.000000 0.000000 0.000000 0.495431 0.868648
97.972033739 3.833966 2.710642 0.000000 0.000000 0.000000 0.495381 0.868676
98.065672398 3.834371 2.711022 0.000000 0.000000 0.000000 0.495513 0.868601
98.120881319 3.834570 2.712634 0.000000 0.000000 0.000000 0.495452 0.868635
98.209275961 3.834801 2.712614 0.000000 0.000000 0.000000 0.495376 0.868679
98.266049623 3.834737 2.712137 0.000000 0.000000 0.000000 0.495468 0.868626
98.353181839 3.835335 2.710652 0.000000 0.000000 0.000000 0.495367 0.868684
98.403073549 3.836080 2.710409 0.000000 0.000000 0.000000 0.495253 0.868749
98.490382910 3.834588 2.710203 0.000000 0.000000 0.000000 0.495360 0.868688
98.542252064 3.834534 2.710144 0.000000 0.000000 0.000000 0.495334 0.868703
98.624454260 3.834120 2.710506 0.000000 0.000000 0.000000 0.495298 0.868723
98.685510397 3.833740 2.710617 0.000000 0.000000 0.000000 0.495087 0.868843
98.779605627 3.833702 2.711323 0.000000 0.000000 0.000000 0.495213 0.868771
98.838194609 3.833711 2.710116 0.000000 0.000000 0.000000 0.495228 0.868763
98.929908276 3.833393 2.710486 0.000000 0.000000 0.000000 0.495171 0.868796
98.986426353 3.833497 2.710892 0.000000 0.000000 0.000000 0.495132 0.868818
99.090990067 3.834731 2.710549 0.000000 0.000000 0.000000 0.495128 0.868820
99.137984037 3.834866 2.711645 0.000000 0.000000 0.000000 0.494994 0.868896
99.222180128 3.834262 2.712814 0.000000 0.000000 0.000000 0.495124 0.868822
99.274515629 3.835083 2.713478 0.000000 0.000000 0.000000 0.495180 0.868790
99.372492313 3.836023 2.713924 0.000000 0.000000 0.000000 0.495286 0.868730
99.430688858 3.837145 2.713586 0.000000 0.000000 0.000000 0.495112 0.868829
99.544572830 3.836613 2.712840 0.000000 0.000000 0.000000 0.494925 0.868936
99.586899042 3.837071 2.711462 0.000000 0.000000 0.000000 0.494605 0.869118
99.684531927 3.838280 2.710398 0.000000 0.000000 0.000000 0.494503 0.869176
99.732462883 3.838549 2.709675 0.000000 0.000000 0.000000 0.494494 0.869181
99.817482233 3.837801 2.708426 0.000000 0.000000 0.000000 0.494413 0.869227
99.865893364 3.836876 2.707639 0.000000 0.000000 0.000000 0.494107 0.869401
99.974117994 3.836452 2.706114 0.000000 0.000000 0.000000 0.493969 0.869479
100.008396149 3.836031 2.704785 0.000000 0.000000 0.000000 0.493968 0.869480
100.099959850 3.834974 2.704218 0.000000 0.000000 0.000000 0.493953 0.869488
100.157341719 3.834348 2.703628 0.000000 0.000000 0.000000 0.493814 0.869567
100.251402378 3.834315 2.703940 0.000000 0.000000 0.000000 0.494076 0.869418
100.296842813 3.834430 2.704392 0.000000 0.000000 0.000000 0.494167 0.869367
100.386153460 3.836107 2.705179 0.000000 0.000000 0.000000 0.494401 0.869234
100.438560963 3.836429 2.706123 0.000000 0.000000 0.000000 0.494347 0.869264
100.523025513 3.836677 2.706870 0.000000 0.000000 0.000000 0.494442 0.869211
100.578892708 3.837277 2.707358 0.000000 0.000000 0.000000 0.494468 0.869196
100.666844606 3.836497 2.707362 0.000000 0.000000 0.000000 0.494507 0.869173
100.717916250 3.835921 2.708903 0.000000 0.000000 0.000000 0.494335 0.869271
100.814438343 3.835811 2.709750 0.000000 0.000000 0.000000 0.494493 0.869181
100.859156370 3.834922 2.709218 0.000000 0.000000 0.000000 0.494217 0.869339
100.952885628 3.835312 2.710202 0.000000 0.000000 0.000000 0.494326 0.869277
101.000487804 3.834847 2.712218 0.000000 0.000000 0.000000 0.494368 0.869253
101.085479736 3.834750 2.712566 0.000000 0.000000 0.000000 0.494459 0.869201
101.136031866 3.835229 2.712410 0.000000 0.000000 0.000000 0.494561 0.869143
101.229514122 3.834385 2.710968 0.000000 0.000000 0.000000 0.494643 0.869096
101.274351120 3.833174 2.709278 0.000000 0.000000 0.000000 0.494608 0.869116
101.373620749 3.832590 2.710659 0.000000 0.000000 0.000000 0.494670 0.869081
101.426921129 3.832266 2.711318 0.000000 0.000000 0.000000 0.494562 0.869142
101.521782160 3.831139 2.711157 0.000000 0.000000 0.000000 0.494574 0.869136
101.570658922 3.831743 2.710408 0.000000 0.000000 0.000000 0.494589 0.869127
101.657437325 3.831247 2.711163 0.000000 0.000000 0.000000 0.494599 0.869122
101.713495970 3.831875 2.712117 0.000000 0.000000 0.000000 0.494654 0.869090
101.799236774 3.833138 2.712497 0.000000 0.000000 0.000000 0.494472 0.869193
101.849389791 3.834360 2.712100 0.000000 0.000000 0.000000 0.494444 0.869209
101.945839167 3.833765 2.712307 0.000000 0.000000 0.000000 0.494459 0.869201
101.999189854 3.833215 2.712378 0.000000 0.000000 0.000000 0.494306 0.869288
102.086042404 3.834314 2.712820 0.000000 0.000000 0.000000 0.494551 0.869148
102.136522293 3.834190 2.713237 0.000000 0.000000 0.000000 0.494599 0.869121
102.221495152 3.834450 2.713615 0.000000 0.000000 0.000000 0.494493 0.869182
102.276251078 3.833611 2.713604 0.000000 0.000000 0.000000 0.494800 0.869007
102.367645025 3.833348 2.712482 0.000000 0.000000 0.000000 0.494765 0.869027
102.423708200 3.832821 2.711036 0.000000 0.000000 0.000000 0.494892 0.868954
102.525077105 3.833015 2.710929 0.000000 0.000000 0.000000 0.495070 0.868853
102.574762106 3.833029 2.710128 0.000000 0.000000 0.000000 0.494950 0.868922
102.674291134 3.833228 2.709683 0.000000 0.000000 0.000000 0.495179 0.868791
