56.000000000 -0.000420 0.998400 0.000000 0.000000 0.000000 -0.000924 1.000000
56.092626333 0.004691 0.999721 0.000000 0.000000 0.000000 -0.001917 0.999998
56.136488199 0.003470 1.000347 0.000000 0.000000 0.000000 -0.002906 0.999996
56.234569073 0.002168 1.001753 0.000000 0.000000 0.000000 -0.003757 0.999993
56.291095257 0.000762 1.002843 0.000000 0.000000 0.000000 -0.004018 0.999992
56.384810448 0.000336 1.003377 0.000000 0.000000 0.000000 -0.004497 0.999990
56.432573795 0.000137 1.004307 0.000000 0.000000 0.000000 -0.004649 0.999989
56.517774343 0.000796 1.004047 0.000000 0.000000 0.000000 -0.004677 0.999989
56.566277504 0.000723 1.004069 0.000000 0.000000 0.000000 -0.004817 0.999988
56.658776283 -0.000399 1.003986 0.000000 0.000000 0.000000 -0.005004 0.999987
56.719421625 -0.001325 1.004846 0.000000 0.000000 0.000000 -0.005238 0.999986
56.806190968 -0.001768 1.004250 0.000000 0.000000 0.000000 -0.005193 0.999987
56.859033823 -0.003300 1.003756 0.000000 0.000000 0.000000 -0.005129 0.999987
56.956225157 -0.003369 1.004017 0.000000 0.000000 0.000000 -0.005123 0.999987
56.992516994 -0.003944 1.003437 0.000000 0.000000 0.000000 -0.004994 0.999988
57.085117579 -0.004392 1.002832 0.000000 0.000000 0.000000 -0.004815 0.999988
57.135342836 -0.003956 1.002181 0.000000 0.000000 0.000000 -0.004640 0.999989
57.226917267 -0.004600 1.001569 0.000000 0.000000 0.000000 -0.004530 0.999990
57.280653477 -0.004140 1.001786 0.000000 0.000000 0.000000 -0.004650 0.999989
57.376023293 -0.003815 1.001315 0.000000 0.000000 0.000000 -0.004536 0.999990
57.421943903 -0.003949 1.001651 0.000000 0.000000 0.000000 -0.004417 0.999990
57.506844759 -0.003163 1.002749 0.000000 0.000000 0.000000 -0.004539 0.999990
57.561612844 -0.003386 1.002286 0.000000 0.000000 0.000000 -0.004617 0.999989
57.661116600 -0.003060 1.003005 0.000000 0.000000 0.000000 -0.004763 0.999989
57.713097334 -0.002365 1.005161 0.000000 0.000000 0.000000 -0.004861 0.999988
57.818692207 -0.002007 1.005410 0.000000 0.000000 0.000000 -0.004717 0.999989
57.857132435 -0.001277 1.005433 0.000000 0.000000 0.000000 -0.004791 0.999989
57.942367077 -0.001473 1.005244 0.000000 0.000000 0.000000 -0.004768 0.999989
57.993121147 -0.001502 1.005706 0.000000 0.000000 0.000000 -0.004707 0.999989
58.084053516 -0.000860 1.006753 0.000000 0.000000 0.000000 -0.004757 0.999989
58.134043932 -0.000515 1.007163 0.000000 0.000000 0.000000 -0.004718 0.999989
58.226578236 0.000597 1.008151 0.000000 0.000000 0.000000 -0.004658 0.999989
58.278188705 0.002170 1.008576 0.000000 0.000000 0.000000 -0.004591 0.999989
58.375108480 0.002246 1.008669 0.000000 0.000000 0.000000 -0.004722 0.999989
58.432198524 0.002517 1.008106 0.000000 0.000000 0.000000 -0.004753 0.999989
58.513686180 0.002179 1.008013 0.000000 0.000000 0.000000 -0.004659 0.999989
58.577755451 0.003045 1.007820 0.000000 0.000000 0.000000 -0.004633 0.999989
58.663658381 0.003795 1.007441 0.000000 0.000000 0.000000 -0.004792 0.999989
58.721382856 0.003568 1.007759 0.000000 0.000000 0.000000 -0.004821 0.999988
58.811643362 0.003493 1.007691 0.000000 0.000000 0.000000 -0.004714 0.999989
58.859117508 0.003609 1.007538 0.000000 0.000000 0.000000 -0.004684 0.999989
58.954252720 0.004998 1.008131 0.000000 0.000000 0.000000 -0.004876 0.999988
59.016629219 0.006484 1.008963 0.000000 0.000000 0.000000 -0.004981 0.999988
59.106379747 0.006618 1.009412 0.000000 0.000000 0.000000 -0.004655 0.999989
59.158839226 0.008173 1.010260 0.000000 0.000000 0.000000 -0.004343 0.999991
59.239713192 0.008046 1.012214 0.000000 0.000000 0.000000 -0.004350 0.999991
59.295119047 0.007851 1.012313 0.000000 0.000000 0.000000 -0.004364 0.999990
59.400145054 0.007331 1.012212 0.000000 0.000000 0.000000 -0.004381 0.999990
59.447155952 0.007583 1.012267 0.000000 0.000000 0.000000 -0.004477 0.999990
59.543852329 0.008261 1.012384 0.000000 0.000000 0.000000 -0.004647 0.999989
59.590034962 0.007467 1.011946 0.000000 0.000000 0.000000 -0.004709 0.999989
59.665421247 0.007274 1.011917 0.000000 0.000000 0.000000 -0.004632 0.999989
59.720851421 0.008076 1.010908 0.000000 0.000000 0.000000 -0.004493 0.999990
59.805132151 0.008467 1.009866 0.000000 0.000000 0.000000 -0.004512 0.999990
59.860359430 0.007654 1.009787 0.000000 0.000000 0.000000 -0.004462 0.999990
59.957119226 0.007644 1.008749 0.000000 0.000000 0.000000 -0.004412 0.999990
60.005816936 0.006862 1.008776 0.000000 0.000000 0.000000 -0.004291 0.999991
60.089397669 0.006691 1.009203 0.000000 0.000000 0.000000 -0.004356 0.999991
60.138172865 0.007539 1.009305 0.000000 0.000000 0.000000 -0.004219 0.999991
60.220950127 0.008130 1.010064 0.000000 0.000000 0.000000 -0.004423 0.999990
60.272440672 0.008239 1.010612 0.000000 0.000000 0.000000 -0.004482 0.999990
60.365985632 0.008275 1.011054 0.000000 0.000000 0.000000 -0.004591 0.999989
60.419920921 0.008751 1.011473 0.000000 0.000000 0.000000 -0.004594 0.999989
60.517887354 0.009334 1.011216 0.000000 0.000000 0.000000 -0.004805 0.999988
60.576246977 0.009172 1.010969 0.000000 0.000000 0.000000 -0.004730 0.999989
60.661265135 0.010389 1.011014 0.000000 0.000000 0.000000 -0.004689 0.999989
60.720116138 0.011040 1.010395 0.000000 0.000000 0.000000 -0.004428 0.999990
60.806773424 0.010727 1.010098 0.000000 0.000000 0.000000 -0.004531 0.999990
60.856551170 0.010652 1.009600 0.000000 0.000000 0.000000 -0.004603 0.999989
60.954911470 0.011606 1.009809 0.000000 0.000000 0.000000 -0.004529 0.999990
61.012297630 0.010607 1.010094 0.000000 0.000000 0.000000 -0.004615 0.999989
61.109639168 0.010790 1.009339 0.000000 0.000000 0.000000 -0.004849 0.999988
61.157109976 0.011069 1.009485 0.000000 0.000000 0.000000 -0.004703 0.999989
61.239634752 0.010675 1.009127 0.000000 0.000000 0.000000 -0.004406 0.999990
61.291578770 0.010525 1.008943 0.000000 0.000000 0.000000 -0.004455 0.999990
61.377224922 0.009697 1.009240 0.000000 0.000000 0.000000 -0.004323 0.999991
61.424571276 0.010194 1.009295 0.000000 0.000000 0.000000 -0.004211 0.999991
61.517945051 0.010285 1.009692 0.000000 0.000000 0.000000 -0.004185 0.999991
61.571182013 0.009964 1.009817 0.000000 0.000000 0.000000 -0.004173 0.999991
61.674693108 0.010466 1.010519 0.000000 0.000000 0.000000 -0.004384 0.999990
61.731230259 0.009888 1.011219 0.000000 0.000000 0.000000 -0.004416 0.999990
61.823836803 0.009985 1.011194 0.000000 0.000000 0.000000 -0.004374 0.999990
61.867137194 0.009557 1.011030 0.000000 0.000000 0.000000 -0.004355 0.999991
61.957184315 0.009905 1.011369 0.000000 0.000000 0.000000 -0.004306 0.999991
62.007257462 0.010330 1.012002 0.000000 0.000000 0.000000 -0.004208 0.999991
62.096065044 0.010065 1.012530 0.000000 0.000000 0.000000 -0.004222 0.999991
62.149833441 0.009405 1.012279 0.000000 0.000000 0.000000 -0.004209 0.999991
62.231528997 0.025463 1.012463 0.000000 0.000000 0.000000 -0.003621 0.999993
62.288254261 0.035486 1.013079 0.000000 0.000000 0.000000 -0.003592 0.999994
62.372793436 0.050653 1.013672 0.000000 0.000000 0.000000 -0.003449 0.999994
62.437046528 0.061241 1.012903 0.000000 0.000000 0.000000 -0.003624 0.999993
62.518205643 0.076539 1.013517 0.000000 0.000000 0.000000 -0.003326 0.999994
62.573649645 0.088073 1.013869 0.000000 0.000000 0.000000 -0.003266 0.999995
62.658019066 0.102936 1.014194 0.000000 0.000000 0.000000 -0.003072 0.999995
62.708748341 0.113685 1.014572 0.000000 0.000000 0.000000 -0.003025 0.999995
62.802901506 0.130722 1.013871 0.000000 0.000000 0.000000 -0.002651 0.999996
62.862125397 0.140554 1.014581 0.000000 0.000000 0.000000 -0.002458 0.999997
62.944721937 0.155133 1.015210 0.000000 0.000000 0.000000 -0.002288 0.999997
63.001682520 0.165803 1.014291 0.000000 0.000000 0.000000 -0.002430 0.999997
63.096352816 0.181800 1.014036 0.000000 0.000000 0.000000 -0.002179 0.999998
63.140980959 0.188775 1.013994 0.000000 0.000000 0.000000 -0.002290 0.999997
63.224403381 0.203665 1.015894 0.000000 0.000000 0.000000 -0.002569 0.999997
63.278097630 0.213205 1.015575 0.000000 0.000000 0.000000 -0.002515 0.999997
63.378735542 0.231121 1.016024 0.000000 0.000000 0.000000 -0.002402 0.999997
63.429337263 0.239851 1.015754 0.000000 0.000000 0.000000 -0.002212 0.999998
63.507558107 0.254347 1.014954 0.000000 0.000000 0.000000 -0.001956 0.999998
63.561244726 0.264250 1.015230 0.000000 0.000000 0.000000 -0.001692 0.999999
63.651183605 0.280865 1.013897 0.000000 0.000000 0.000000 -0.001605 0.999999
63.722069025 0.293991 1.015259 0.000000 0.000000 0.000000 -0.001524 0.999999
63.818211794 0.311235 1.015665 0.000000 0.000000 0.000000 -0.001360 0.999999
63.867984533 0.320057 1.015422 0.000000 0.000000 0.000000 -0.001256 0.999999
63.954170942 0.336548 1.014936 0.000000 0.000000 0.000000 -0.001266 0.999999
64.007827759 0.346272 1.013714 0.000000 0.000000 0.000000 -0.001260 0.999999
64.098969221 0.361931 1.013515 0.000000 0.000000 0.000000 -0.001112 0.999999
64.150251389 0.371310 1.013859 0.000000 0.000000 0.000000 -0.001002 0.999999
64.240028858 0.388169 1.013704 0.000000 0.000000 0.000000 -0.000766 1.000000
64.291742325 0.397223 1.013820 0.000000 0.000000 0.000000 -0.000735 1.000000
64.384911537 0.413063 1.013996 0.000000 0.000000 0.000000 -0.000687 1.000000
64.438662767 0.422166 1.013504 0.000000 0.000000 0.000000 -0.000630 1.000000
64.529100657 0.437608 1.013259 0.000000 0.000000 0.000000 -0.000440 1.000000
64.581606388 0.446187 1.013288 0.000000 0.000000 0.000000 -0.000347 1.000000
64.666499376 0.460576 1.013124 0.000000 0.000000 0.000000 -0.000044 1.000000
64.719514608 0.470422 1.012227 0.000000 0.000000 0.000000 -0.000011 1.000000
64.801486015 0.485581 1.012242 0.000000 0.000000 0.000000 0.000174 1.000000
64.853920698 0.494830 1.012500 0.000000 0.000000 0.000000 0.000044 1.000000
64.943417788 0.510664 1.012625 0.000000 0.000000 0.000000 0.000216 1.000000
64.995023489 0.520188 1.012460 0.000000 0.000000 0.000000 0.000262 1.000000
65.076430798 0.535229 1.013023 0.000000 0.000000 0.000000 0.000362 1.000000
65.137303352 0.545745 1.012800 0.000000 0.000000 0.000000 0.000674 1.000000
65.235720634 0.561897 1.012912 0.000000 0.000000 0.000000 0.000803 1.000000
65.286878586 0.570903 1.013463 0.000000 0.000000 0.000000 0.000823 1.000000
65.388996363 0.588739 1.013052 0.000000 0.000000 0.000000 0.001000 1.000000
65.443364143 0.598516 1.012129 0.000000 0.000000 0.000000 0.000994 1.000000
65.533442974 0.614186 1.012243 0.000000 0.000000 0.000000 0.001200 0.999999
65.583643198 0.622389 1.012224 0.000000 0.000000 0.000000 0.001168 0.999999
65.666572094 0.636144 1.011570 0.000000 0.000000 0.000000 0.001219 0.999999
65.718314648 0.644789 1.012299 0.000000 0.000000 0.000000 0.000926 1.000000
65.813969851 0.661827 1.012656 0.000000 0.000000 0.000000 0.000914 1.000000
65.860479355 0.669781 1.012504 0.000000 0.000000 0.000000 0.000819 1.000000
65.949100494 0.685676 1.012682 0.000000 0.000000 0.000000 0.000962 1.000000
66.006313324 0.695473 1.012611 0.000000 0.000000 0.000000 0.001113 0.999999
66.091695070 0.710577 1.013135 0.000000 0.000000 0.000000 0.001085 0.999999
66.150105000 0.721043 1.013341 0.000000 0.000000 0.000000 0.001380 0.999999
66.245607138 0.738205 1.013554 0.000000 0.000000 0.000000 0.001501 0.999999
66.289936066 0.745846 1.014220 0.000000 0.000000 0.000000 0.001342 0.999999
66.374847174 0.761478 1.014245 0.000000 0.000000 0.000000 0.001550 0.999999
66.427448988 0.770228 1.013968 0.000000 0.000000 0.000000 0.001375 0.999999
66.515174389 0.785794 1.014921 0.000000 0.000000 0.000000 0.001304 0.999999
66.565155268 0.794998 1.015370 0.000000 0.000000 0.000000 0.001064 0.999999
66.668905973 0.812369 1.015594 0.000000 0.000000 0.000000 0.001257 0.999999
66.720251560 0.820224 1.015911 0.000000 0.000000 0.000000 0.001478 0.999999
66.818524122 0.837163 1.015630 0.000000 0.000000 0.000000 0.001790 0.999998
66.862034321 0.843906 1.015103 0.000000 0.000000 0.000000 0.001830 0.999998
66.948162079 0.857688 1.014509 0.000000 0.000000 0.000000 0.001970 0.999998
66.998103142 0.866383 1.013995 0.000000 0.000000 0.000000 0.001954 0.999998
67.100195885 0.884055 1.014127 0.000000 0.000000 0.000000 0.002085 0.999998
67.157076359 0.894763 1.013638 0.000000 0.000000 0.000000 0.002313 0.999997
67.269846916 0.914730 1.013396 0.000000 0.000000 0.000000 0.002244 0.999997
67.325706720 0.925126 1.012977 0.000000 0.000000 0.000000 0.002295 0.999997
67.417520761 0.942102 1.013258 0.000000 0.000000 0.000000 0.002445 0.999997
67.475314379 0.952972 1.013414 0.000000 0.000000 0.000000 0.002660 0.999996
67.587245464 0.974860 1.013711 0.000000 0.000000 0.000000 0.002755 0.999996
67.657504320 0.989531 1.014282 0.000000 0.000000 0.000000 0.002596 0.999997
67.744100571 1.006619 1.014019 0.000000 0.000000 0.000000 0.002483 0.999997
67.809964418 1.020840 1.012760 0.000000 0.000000 0.000000 0.002416 0.999997
67.907867193 1.039944 1.012622 0.000000 0.000000 0.000000 0.002509 0.999997
67.955658197 1.049553 1.013448 0.000000 0.000000 0.000000 0.002668 0.999996
68.043772697 1.065935 1.013948 0.000000 0.000000 0.000000 0.002763 0.999996
68.092056751 1.075751 1.013847 0.000000 0.000000 0.000000 0.002400 0.999997
68.198954105 1.095248 1.013350 0.000000 0.000000 0.000000 0.002030 0.999998
68.239401817 1.104055 1.014191 0.000000 0.000000 0.000000 0.002033 0.999998
68.334116697 1.120415 1.015123 0.000000 0.000000 0.000000 0.002618 0.999997
68.393169165 1.130859 1.015917 0.000000 0.000000 0.000000 0.002715 0.999996
68.488315105 1.148755 1.015782 0.000000 0.000000 0.000000 0.002823 0.999996
68.548655272 1.160278 1.014915 0.000000 0.000000 0.000000 0.002354 0.999997
68.628951550 1.176345 1.015605 0.000000 0.000000 0.000000 0.002103 0.999998
68.688163757 1.188003 1.015985 0.000000 0.000000 0.000000 0.002072 0.999998
68.771270037 1.203977 1.016190 0.000000 0.000000 0.000000 0.002171 0.999998
68.824939728 1.214329 1.015490 0.000000 0.000000 0.000000 0.002255 0.999997
68.927378178 1.233089 1.015766 0.000000 0.000000 0.000000 0.002261 0.999997
68.988554239 1.245465 1.016084 0.000000 0.000000 0.000000 0.002115 0.999998
69.091393948 1.265072 1.016594 0.000000 0.000000 0.000000 0.001834 0.999998
69.142657280 1.275451 1.016372 0.000000 0.000000 0.000000 0.001689 0.999999
69.226943970 1.290930 1.015433 0.000000 0.000000 0.000000 0.002011 0.999998
69.291504383 1.303050 1.015799 0.000000 0.000000 0.000000 0.002030 0.999998
69.395749092 1.324122 1.015707 0.000000 0.000000 0.000000 0.002097 0.999998
69.444655418 1.333731 1.015735 0.000000 0.000000 0.000000 0.001946 0.999998
69.543005466 1.352508 1.014834 0.000000 0.000000 0.000000 0.001744 0.999998
69.595045090 1.363216 1.014933 0.000000 0.000000 0.000000 0.001874 0.999998
69.695927858 1.382386 1.014850 0.000000 0.000000 0.000000 0.002106 0.999998
69.753221989 1.392952 1.015538 0.000000 0.000000 0.000000 0.002310 0.999997
69.852281094 1.412209 1.015851 0.000000 0.000000 0.000000 0.002282 0.999997
69.909631014 1.423369 1.016947 0.000000 0.000000 0.000000 0.002233 0.999998
70.003495455 1.443790 1.018492 0.000000 0.000000 0.000000 0.002506 0.999997
70.055417776 1.453735 1.018619 0.000000 0.000000 0.000000 0.002607 0.999997
70.137858391 1.469609 1.018145 0.000000 0.000000 0.000000 0.002683 0.999996
70.199167728 1.481227 1.019398 0.000000 0.000000 0.000000 0.002897 0.999996
70.302878618 1.501190 1.019839 0.000000 0.000000 0.000000 0.003225 0.999995
70.369396687 1.513955 1.020011 0.000000 0.000000 0.000000 0.003170 0.999995
70.461210728 1.531469 1.020281 0.000000 0.000000 0.000000 0.003140 0.999995
70.509778738 1.542441 1.019875 0.000000 0.000000 0.000000 0.002875 0.999996
70.599387646 1.560709 1.019357 0.000000 0.000000 0.000000 0.003127 0.999995
70.656033039 1.571520 1.019770 0.000000 0.000000 0.000000 0.003238 0.999995
70.768153429 1.592294 1.019840 0.000000 0.000000 0.000000 0.003616 0.999993
70.815999985 1.601537 1.020453 0.000000 0.000000 0.000000 0.003503 0.999994
70.900581121 1.617256 1.019464 0.000000 0.000000 0.000000 0.003565 0.999994
70.955633402 1.627490 1.019290 0.000000 0.000000 0.000000 0.003577 0.999994
71.042252779 1.645339 1.019527 0.000000 0.000000 0.000000 0.004053 0.999992
71.103641987 1.656709 1.019296 0.000000 0.000000 0.000000 0.004039 0.999992
71.186776161 1.672105 1.019389 0.000000 0.000000 0.000000 0.003956 0.999992
71.250498533 1.684796 1.018748 0.000000 0.000000 0.000000 0.003857 0.999993
71.341936827 1.691325 1.018916 0.000000 0.000000 0.000000 0.010876 0.999941
71.393325806 1.695126 1.018669 0.000000 0.000000 0.000000 0.015692 0.999877
71.487019539 1.700271 1.018151 0.000000 0.000000 0.000000 0.024503 0.999700
71.537977695 1.704098 1.017183 0.000000 0.000000 0.000000 0.030024 0.999549
71.626116753 1.707624 1.017373 0.000000 0.000000 0.000000 0.038911 0.999243
71.682151079 1.709397 1.016244 0.000000 0.000000 0.000000 0.044202 0.999023
71.763496399 1.713420 1.016869 0.000000 0.000000 0.000000 0.051770 0.998659
71.820455313 1.715441 1.016320 0.000000 0.000000 0.000000 0.057595 0.998340
71.918866396 1.719969 1.016047 0.000000 0.000000 0.000000 0.066885 0.997761
71.975845575 1.722884 1.016863 0.000000 0.000000 0.000000 0.072784 0.997348
72.068582535 1.727963 1.018616 0.000000 0.000000 0.000000 0.082124 0.996622
72.122643709 1.729583 1.018658 0.000000 0.000000 0.000000 0.087056 0.996203
72.217851877 1.745180 1.021848 0.000000 0.000000 0.000000 0.087749 0.996143
72.265589714 1.752879 1.023543 0.000000 0.000000 0.000000 0.087741 0.996143
72.354194641 1.768608 1.025705 0.000000 0.000000 0.000000 0.087602 0.996156
72.403216600 1.779580 1.028389 0.000000 0.000000 0.000000 0.088189 0.996104
72.504085302 1.797087 1.032371 0.000000 0.000000 0.000000 0.087958 0.996124
72.559812546 1.808235 1.035563 0.000000 0.000000 0.000000 0.087132 0.996197
72.641114473 1.823481 1.039040 0.000000 0.000000 0.000000 0.086785 0.996227
72.695553064 1.834420 1.041350 0.000000 0.000000 0.000000 0.086688 0.996235
72.784453154 1.851837 1.044222 0.000000 0.000000 0.000000 0.086827 0.996223
72.839464188 1.855660 1.045113 0.000000 0.000000 0.000000 0.091893 0.995769
72.931765556 1.859500 1.046502 0.000000 0.000000 0.000000 0.100489 0.994938
72.986810684 1.861641 1.047118 0.000000 0.000000 0.000000 0.105585 0.994410
73.071648121 1.866139 1.047549 0.000000 0.000000 0.000000 0.113155 0.993577
73.129702330 1.868427 1.048601 0.000000 0.000000 0.000000 0.118786 0.992920
73.227200508 1.872022 1.049738 0.000000 0.000000 0.000000 0.127961 0.991779
73.271549940 1.872821 1.050179 0.000000 0.000000 0.000000 0.132392 0.991197
73.365193605 1.888257 1.054507 0.000000 0.000000 0.000000 0.133702 0.991022
73.410813332 1.894109 1.056610 0.000000 0.000000 0.000000 0.134030 0.990977
73.495560646 1.909448 1.061416 0.000000 0.000000 0.000000 0.133519 0.991046
73.549853325 1.919748 1.066245 0.000000 0.000000 0.000000 0.133393 0.991063
73.635336399 1.934846 1.070672 0.000000 0.000000 0.000000 0.133181 0.991092
73.700213671 1.946812 1.073446 0.000000 0.000000 0.000000 0.133091 0.991104
73.794411182 1.963139 1.078674 0.000000 0.000000 0.000000 0.133099 0.991103
73.851395130 1.974333 1.082002 0.000000 0.000000 0.000000 0.133090 0.991104
73.934927464 1.991809 1.088109 0.000000 0.000000 0.000000 0.132577 0.991173
73.994324923 1.997231 1.087703 0.000000 0.000000 0.000000 0.137244 0.990537
74.076428652 2.001877 1.089709 0.000000 0.000000 0.000000 0.144258 0.989540
74.138641834 2.004834 1.090447 0.000000 0.000000 0.000000 0.150201 0.988655
74.232690811 2.008518 1.092008 0.000000 0.000000 0.000000 0.159217 0.987244
74.284757137 2.010186 1.092461 0.000000 0.000000 0.000000 0.164629 0.986356
74.368963718 2.013158 1.093547 0.000000 0.000000 0.000000 0.172885 0.984942
74.424954653 2.014171 1.093739 0.000000 0.000000 0.000000 0.177848 0.984058
74.512892008 2.018055 1.094704 0.000000 0.000000 0.000000 0.185862 0.982576
74.568120718 2.025513 1.097039 0.000000 0.000000 0.000000 0.186422 0.982470
74.659038782 2.039393 1.103027 0.000000 0.000000 0.000000 0.187103 0.982340
74.720528126 2.049801 1.107252 0.000000 0.000000 0.000000 0.187282 0.982306
74.807915449 2.063834 1.113169 0.000000 0.000000 0.000000 0.187358 0.982292
74.867791891 2.074484 1.117881 0.000000 0.000000 0.000000 0.187081 0.982344
74.956265450 2.090819 1.123745 0.000000 0.000000 0.000000 0.186956 0.982368
75.006022692 2.101773 1.127694 0.000000 0.000000 0.000000 0.187076 0.982345
75.093890429 2.118184 1.133539 0.000000 0.000000 0.000000 0.187067 0.982347
75.151803017 2.129364 1.138258 0.000000 0.000000 0.000000 0.187418 0.982280
75.237923384 2.146407 1.144273 0.000000 0.000000 0.000000 0.187626 0.982240
75.289012432 2.157030 1.148863 0.000000 0.000000 0.000000 0.187596 0.982246
75.377345324 2.173722 1.155095 0.000000 0.000000 0.000000 0.187378 0.982288
75.433693886 2.184819 1.159767 0.000000 0.000000 0.000000 0.187468 0.982271
75.537194490 2.203578 1.166697 0.000000 0.000000 0.000000 0.187295 0.982304
75.586070776 2.212199 1.171391 0.000000 0.000000 0.000000 0.187134 0.982334
75.689361572 2.230223 1.179271 0.000000 0.000000 0.000000 0.187408 0.982282
75.744805098 2.241173 1.184945 0.000000 0.000000 0.000000 0.187369 0.982290
75.826009274 2.256466 1.191058 0.000000 0.000000 0.000000 0.187414 0.982281
75.899021864 2.261809 1.193557 0.000000 0.000000 0.000000 0.193634 0.981074
75.992537260 2.267624 1.195520 0.000000 0.000000 0.000000 0.201871 0.979412
76.056124210 2.270660 1.196174 0.000000 0.000000 0.000000 0.208031 0.978122
76.141805172 2.273813 1.198300 0.000000 0.000000 0.000000 0.216439 0.976296
76.196712971 2.276287 1.199142 0.000000 0.000000 0.000000 0.221512 0.975158
76.279946327 2.279779 1.199919 0.000000 0.000000 0.000000 0.228760 0.973483
76.336917877 2.281176 1.201050 0.000000 0.000000 0.000000 0.234864 0.972028
76.431858301 2.284504 1.202863 0.000000 0.000000 0.000000 0.243646 0.969864
76.487337351 2.292044 1.206861 0.000000 0.000000 0.000000 0.244471 0.969657
76.576975346 2.305022 1.215114 0.000000 0.000000 0.000000 0.244730 0.969591
76.635664701 2.314241 1.221032 0.000000 0.000000 0.000000 0.244134 0.969741
76.736702204 2.330607 1.230806 0.000000 0.000000 0.000000 0.243639 0.969866
76.784813404 2.339490 1.235980 0.000000 0.000000 0.000000 0.243166 0.969985
76.872728825 2.353367 1.244260 0.000000 0.000000 0.000000 0.243242 0.969966
76.940669060 2.364762 1.250686 0.000000 0.000000 0.000000 0.243205 0.969975
77.039191484 2.381126 1.261105 0.000000 0.000000 0.000000 0.243190 0.969979
77.091496944 2.390872 1.268304 0.000000 0.000000 0.000000 0.243448 0.969914
77.178045034 2.396914 1.270249 0.000000 0.000000 0.000000 0.250329 0.968161
77.233334064 2.400753 1.272713 0.000000 0.000000 0.000000 0.255030 0.966933
77.321522951 2.405468 1.276553 0.000000 0.000000 0.000000 0.263061 0.964779
77.385615587 2.408485 1.279153 0.000000 0.000000 0.000000 0.268933 0.963159
77.482558012 2.423496 1.286835 0.000000 0.000000 0.000000 0.270176 0.962811
77.535058022 2.431306 1.291031 0.000000 0.000000 0.000000 0.270607 0.962690
77.635596514 2.446748 1.300235 0.000000 0.000000 0.000000 0.270549 0.962706
77.687636852 2.455294 1.305331 0.000000 0.000000 0.000000 0.270204 0.962803
77.783472538 2.470324 1.313699 0.000000 0.000000 0.000000 0.270469 0.962729
77.833787918 2.478720 1.318077 0.000000 0.000000 0.000000 0.270240 0.962793
77.940711260 2.496275 1.327920 0.000000 0.000000 0.000000 0.270026 0.962853
77.985099792 2.503765 1.333178 0.000000 0.000000 0.000000 0.269854 0.962901
78.074628830 2.518812 1.343085 0.000000 0.000000 0.000000 0.269613 0.962969
78.126539230 2.527995 1.348713 0.000000 0.000000 0.000000 0.269465 0.963010
78.225707769 2.533922 1.353349 0.000000 0.000000 0.000000 0.277888 0.960614
78.287621975 2.537256 1.356014 0.000000 0.000000 0.000000 0.283977 0.958831
78.371752024 2.549657 1.362806 0.000000 0.000000 0.000000 0.284789 0.958590
78.425225496 2.558796 1.367277 0.000000 0.000000 0.000000 0.285439 0.958397
78.525620699 2.574654 1.377044 0.000000 0.000000 0.000000 0.285549 0.958364
78.588539600 2.584729 1.382240 0.000000 0.000000 0.000000 0.285423 0.958402
78.670593977 2.597133 1.390473 0.000000 0.000000 0.000000 0.285281 0.958444
78.735427380 2.606659 1.395915 0.000000 0.000000 0.000000 0.285468 0.958388
78.827690363 2.622475 1.405856 0.000000 0.000000 0.000000 0.285087 0.958502
78.889282465 2.633076 1.412887 0.000000 0.000000 0.000000 0.284883 0.958562
78.986895561 2.649048 1.422529 0.000000 0.000000 0.000000 0.284589 0.958650
79.038242817 2.657810 1.428230 0.000000 0.000000 0.000000 0.284282 0.958741
79.133278370 2.662380 1.431803 0.000000 0.000000 0.000000 0.292307 0.956325
79.188038111 2.666370 1.434358 0.000000 0.000000 0.000000 0.296890 0.954912
79.274859905 2.669932 1.437880 0.000000 0.000000 0.000000 0.304803 0.952415
79.325020790 2.676953 1.441649 0.000000 0.000000 0.000000 0.305190 0.952291
79.419587612 2.690852 1.451552 0.000000 0.000000 0.000000 0.305432 0.952214
79.476016521 2.699001 1.456831 0.000000 0.000000 0.000000 0.305447 0.952209
79.572896481 2.714034 1.466492 0.000000 0.000000 0.000000 0.305526 0.952184
79.625355482 2.721137 1.472377 0.000000 0.000000 0.000000 0.305668 0.952138
79.715934038 2.735076 1.482243 0.000000 0.000000 0.000000 0.305648 0.952145
79.766192913 2.742704 1.488052 0.000000 0.000000 0.000000 0.305654 0.952143
79.851100206 2.757885 1.497370 0.000000 0.000000 0.000000 0.305368 0.952234
79.911969662 2.767545 1.503926 0.000000 0.000000 0.000000 0.305068 0.952331
80.005322218 2.782377 1.513013 0.000000 0.000000 0.000000 0.304917 0.952379
80.049822092 2.790589 1.517898 0.000000 0.000000 0.000000 0.304926 0.952376
80.144307137 2.805419 1.528136 0.000000 0.000000 0.000000 0.304781 0.952422
80.194717646 2.814257 1.534930 0.000000 0.000000 0.000000 0.305040 0.952340
80.283586025 2.819008 1.539692 0.000000 0.000000 0.000000 0.312166 0.950028
80.339012861 2.821046 1.542240 0.000000 0.000000 0.000000 0.316492 0.948595
80.432806969 2.825627 1.545920 0.000000 0.000000 0.000000 0.324537 0.945873
80.481657505 2.828381 1.547097 0.000000 0.000000 0.000000 0.329560 0.944135
80.570667744 2.831493 1.549057 0.000000 0.000000 0.000000 0.337622 0.941282
80.629180193 2.834355 1.550583 0.000000 0.000000 0.000000 0.343256 0.939242
80.725515127 2.836836 1.552930 0.000000 0.000000 0.000000 0.351326 0.936253
80.785824299 2.837615 1.553808 0.000000 0.000000 0.000000 0.356756 0.934198
80.885531425 2.841623 1.556595 0.000000 0.000000 0.000000 0.365793 0.930696
80.931448936 2.842348 1.556336 0.000000 0.000000 0.000000 0.370442 0.928856
81.023196459 2.853119 1.565988 0.000000 0.000000 0.000000 0.371384 0.928479
81.074112654 2.859568 1.571925 0.000000 0.000000 0.000000 0.372267 0.928126
81.169610262 2.871216 1.585236 0.000000 0.000000 0.000000 0.372401 0.928072
81.221564293 2.878640 1.593509 0.000000 0.000000 0.000000 0.372112 0.928188
81.317089081 2.892060 1.605470 0.000000 0.000000 0.000000 0.372060 0.928209
81.373459816 2.901503 1.611204 0.000000 0.000000 0.000000 0.371844 0.928295
81.468533754 2.915402 1.622173 0.000000 0.000000 0.000000 0.371767 0.928326
81.523016691 2.923631 1.628985 0.000000 0.000000 0.000000 0.371600 0.928393
81.598726511 2.935264 1.638865 0.000000 0.000000 0.000000 0.371481 0.928440
81.657386780 2.939330 1.641454 0.000000 0.000000 0.000000 0.375650 0.926762
81.743980408 2.942741 1.645421 0.000000 0.000000 0.000000 0.382582 0.923921
81.802433014 2.945347 1.647576 0.000000 0.000000 0.000000 0.387954 0.921679
81.892469883 2.948873 1.650576 0.000000 0.000000 0.000000 0.396378 0.918087
81.951400280 2.949821 1.651752 0.000000 0.000000 0.000000 0.401994 0.915642
82.051398516 2.951900 1.654663 0.000000 0.000000 0.000000 0.410291 0.911954
82.098116398 2.952274 1.656800 0.000000 0.000000 0.000000 0.414877 0.909877
82.188131332 2.961212 1.666040 0.000000 0.000000 0.000000 0.415895 0.909413
82.248149872 2.967409 1.672641 0.000000 0.000000 0.000000 0.416306 0.909225
82.336132288 2.977315 1.684581 0.000000 0.000000 0.000000 0.416551 0.909112
82.396090031 2.983918 1.693041 0.000000 0.000000 0.000000 0.416475 0.909147
82.493404388 2.996124 1.707466 0.000000 0.000000 0.000000 0.416299 0.909228
82.545469284 3.001345 1.715728 0.000000 0.000000 0.000000 0.415922 0.909400
82.645762682 3.014103 1.731979 0.000000 0.000000 0.000000 0.415733 0.909487
82.703368902 3.022200 1.740540 0.000000 0.000000 0.000000 0.415629 0.909534
82.786747932 3.033302 1.751239 0.000000 0.000000 0.000000 0.415683 0.909510
82.854153395 3.042658 1.761848 0.000000 0.000000 0.000000 0.415777 0.909467
82.943068027 3.054889 1.775222 0.000000 0.000000 0.000000 0.415570 0.909561
83.009804964 3.064748 1.785554 0.000000 0.000000 0.000000 0.415086 0.909782
83.085191727 3.074136 1.796449 0.000000 0.000000 0.000000 0.415283 0.909692
83.153803349 3.084155 1.805702 0.000000 0.000000 0.000000 0.415321 0.909675
83.241653681 3.094824 1.817155 0.000000 0.000000 0.000000 0.415417 0.909631
83.297069788 3.097551 1.820792 0.000000 0.000000 0.000000 0.418982 0.907995
83.389735460 3.102015 1.824928 0.000000 0.000000 0.000000 0.426643 0.904420
83.453119040 3.104642 1.826824 0.000000 0.000000 0.000000 0.431788 0.901975
83.537900448 3.106254 1.828724 0.000000 0.000000 0.000000 0.439024 0.898476
83.597048283 3.107605 1.830483 0.000000 0.000000 0.000000 0.444387 0.895835
83.717325926 3.110610 1.835040 0.000000 0.000000 0.000000 0.454493 0.890750
83.749479055 3.111118 1.835140 0.000000 0.000000 0.000000 0.457819 0.889046
83.838826418 3.113153 1.839090 0.000000 0.000000 0.000000 0.465253 0.885178
83.901724577 3.115611 1.841285 0.000000 0.000000 0.000000 0.470468 0.882417
83.992516994 3.117188 1.843939 0.000000 0.000000 0.000000 0.477768 0.878486
84.051721573 3.117941 1.846256 0.000000 0.000000 0.000000 0.483188 0.875516
84.156426907 3.120746 1.849957 0.000000 0.000000 0.000000 0.491749 0.870737
84.200500965 3.121754 1.851176 0.000000 0.000000 0.000000 0.495873 0.868395
84.283172131 3.129540 1.862007 0.000000 0.000000 0.000000 0.496527 0.868021
84.341853619 3.135407 1.871693 0.000000 0.000000 0.000000 0.496063 0.868287
84.440338135 3.145284 1.886809 0.000000 0.000000 0.000000 0.496021 0.868310
84.490278244 3.151949 1.894285 0.000000 0.000000 0.000000 0.495830 0.868420
84.590413809 3.161638 1.908590 0.000000 0.000000 0.000000 0.496127 0.868250
84.637861252 3.163096 1.911010 0.000000 0.000000 0.000000 0.499555 0.866282
84.731191397 3.165600 1.915174 0.000000 0.000000 0.000000 0.506428 0.862282
84.795961142 3.167659 1.919239 0.000000 0.000000 0.000000 0.511372 0.859359
84.885035038 3.170210 1.924130 0.000000 0.000000 0.000000 0.518572 0.855034
84.942189693 3.174553 1.931627 0.000000 0.000000 0.000000 0.518902 0.854834
85.035698891 3.181697 1.945219 0.000000 0.000000 0.000000 0.519306 0.854588
85.087255955 3.185424 1.953154 0.000000 0.000000 0.000000 0.519368 0.854551
85.177431345 3.192926 1.967787 0.000000 0.000000 0.000000 0.519110 0.854707
85.234461546 3.198749 1.977853 0.000000 0.000000 0.000000 0.518867 0.854855
85.317269802 3.207996 1.991821 0.000000 0.000000 0.000000 0.518715 0.854948
85.371974707 3.214173 2.000832 0.000000 0.000000 0.000000 0.518558 0.855043
85.478625298 3.216695 2.006556 0.000000 0.000000 0.000000 0.526846 0.849961
85.528799295 3.218826 2.008436 0.000000 0.000000 0.000000 0.531253 0.847213
85.623463392 3.221466 2.012282 0.000000 0.000000 0.000000 0.538174 0.842833
85.673765659 3.222491 2.013752 0.000000 0.000000 0.000000 0.542132 0.840294
85.763669968 3.229312 2.025462 0.000000 0.000000 0.000000 0.542652 0.839958
85.820935726 3.234797 2.032068 0.000000 0.000000 0.000000 0.542985 0.839743
85.910727024 3.241972 2.045531 0.000000 0.000000 0.000000 0.542954 0.839762
85.964876890 3.247104 2.054473 0.000000 0.000000 0.000000 0.542977 0.839747
86.051109076 3.253622 2.068112 0.000000 0.000000 0.000000 0.542950 0.839765
86.103527308 3.258051 2.077568 0.000000 0.000000 0.000000 0.542915 0.839787
86.201452255 3.265422 2.094853 0.000000 0.000000 0.000000 0.542752 0.839893
86.242657185 3.269415 2.102545 0.000000 0.000000 0.000000 0.542586 0.840001
86.334985495 3.277178 2.119026 0.000000 0.000000 0.000000 0.542783 0.839873
86.382092714 3.278440 2.122255 0.000000 0.000000 0.000000 0.546348 0.837558
86.472083092 3.281109 2.126324 0.000000 0.000000 0.000000 0.553285 0.832992
86.523828268 3.283003 2.129001 0.000000 0.000000 0.000000 0.556957 0.830542
86.615870237 3.284925 2.132093 0.000000 0.000000 0.000000 0.563633 0.826025
86.670076370 3.285380 2.133956 0.000000 0.000000 0.000000 0.568150 0.822925
86.774803400 3.291680 2.149757 0.000000 0.000000 0.000000 0.568592 0.822619
86.820199966 3.294322 2.156486 0.000000 0.000000 0.000000 0.569067 0.822291
86.919469357 3.299624 2.173840 0.000000 0.000000 0.000000 0.569239 0.822172
86.967871189 3.302685 2.182977 0.000000 0.000000 0.000000 0.569272 0.822149
87.056761026 3.309567 2.199659 0.000000 0.000000 0.000000 0.569155 0.822230
87.109259605 3.314792 2.209786 0.000000 0.000000 0.000000 0.569184 0.822210
87.192007065 3.320651 2.225011 0.000000 0.000000 0.000000 0.569181 0.822212
87.253980637 3.324763 2.236149 0.000000 0.000000 0.000000 0.569197 0.822201
87.349741697 3.327010 2.242848 0.000000 0.000000 0.000000 0.575955 0.817482
87.405018091 3.329929 2.247648 0.000000 0.000000 0.000000 0.580027 0.814597
87.485984564 3.331967 2.250706 0.000000 0.000000 0.000000 0.585919 0.810370
87.543567896 3.332540 2.251577 0.000000 0.000000 0.000000 0.590338 0.807156
87.634330273 3.334368 2.256816 0.000000 0.000000 0.000000 0.597413 0.801934
87.686902761 3.335390 2.258537 0.000000 0.000000 0.000000 0.601601 0.798797
87.787247896 3.336618 2.262206 0.000000 0.000000 0.000000 0.609278 0.792957
87.837472916 3.338609 2.270679 0.000000 0.000000 0.000000 0.610297 0.792172
87.916748285 3.341011 2.283464 0.000000 0.000000 0.000000 0.610544 0.791982
87.986268759 3.344211 2.294355 0.000000 0.000000 0.000000 0.610463 0.792045
88.086726427 3.349158 2.312032 0.000000 0.000000 0.000000 0.610537 0.791988
88.150101423 3.352724 2.322545 0.000000 0.000000 0.000000 0.610464 0.792044
88.240933418 3.354517 2.326647 0.000000 0.000000 0.000000 0.616475 0.787374
88.297403812 3.355736 2.330755 0.000000 0.000000 0.000000 0.620018 0.784587
88.386169910 3.356955 2.335023 0.000000 0.000000 0.000000 0.626125 0.779722
88.450335503 3.358173 2.337790 0.000000 0.000000 0.000000 0.631314 0.775528
88.535275698 3.358005 2.341196 0.000000 0.000000 0.000000 0.637528 0.770427
88.605426788 3.357040 2.344934 0.000000 0.000000 0.000000 0.642771 0.766058
88.683759212 3.358116 2.347906 0.000000 0.000000 0.000000 0.648611 0.761120
88.750116110 3.359116 2.357968 0.000000 0.000000 0.000000 0.649153 0.760658
88.851769447 3.361963 2.377010 0.000000 0.000000 0.000000 0.649009 0.760781
88.916266441 3.364445 2.388227 0.000000 0.000000 0.000000 0.648852 0.760915
89.002526760 3.367248 2.403930 0.000000 0.000000 0.000000 0.648870 0.760899
89.057895184 3.369063 2.413392 0.000000 0.000000 0.000000 0.648963 0.760820
89.140100241 3.371938 2.428814 0.000000 0.000000 0.000000 0.648976 0.760809
89.195465088 3.372898 2.434044 0.000000 0.000000 0.000000 0.652691 0.757624
89.289087772 3.373198 2.439231 0.000000 0.000000 0.000000 0.658571 0.752519
89.344048738 3.373727 2.440902 0.000000 0.000000 0.000000 0.662266 0.749269
89.440391302 3.373517 2.446167 0.000000 0.000000 0.000000 0.669175 0.743104
89.492968559 3.373867 2.446166 0.000000 0.000000 0.000000 0.672816 0.739810
89.607647657 3.374202 2.465250 0.000000 0.000000 0.000000 0.673735 0.738973
89.672281504 3.374130 2.476133 0.000000 0.000000 0.000000 0.673629 0.739070
89.768073082 3.375390 2.494075 0.000000 0.000000 0.000000 0.673611 0.739086
89.829360723 3.376545 2.505633 0.000000 0.000000 0.000000 0.673492 0.739194
89.918611765 3.378067 2.522643 0.000000 0.000000 0.000000 0.673697 0.739008
89.983339548 3.379841 2.533017 0.000000 0.000000 0.000000 0.673771 0.738940
90.075467348 3.381895 2.549850 0.000000 0.000000 0.000000 0.673716 0.738990
90.136802912 3.384637 2.562981 0.000000 0.000000 0.000000 0.673486 0.739200
90.217718840 3.386765 2.578020 0.000000 0.000000 0.000000 0.673284 0.739384
90.282570362 3.388357 2.590873 0.000000 0.000000 0.000000 0.673226 0.739436
90.377734184 3.390766 2.608868 0.000000 0.000000 0.000000 0.673391 0.739287
90.428593874 3.393517 2.617638 0.000000 0.000000 0.000000 0.673475 0.739210
90.510604858 3.396420 2.633567 0.000000 0.000000 0.000000 0.673582 0.739113
90.568803549 3.396915 2.646516 0.000000 0.000000 0.000000 0.673711 0.738995
90.669097900 3.398983 2.664989 0.000000 0.000000 0.000000 0.673670 0.739032
90.734403133 3.399887 2.677537 0.000000 0.000000 0.000000 0.673857 0.738862
90.817264557 3.401379 2.692551 0.000000 0.000000 0.000000 0.674240 0.738513
90.874949217 3.401977 2.702121 0.000000 0.000000 0.000000 0.674505 0.738270
90.977848291 3.403357 2.721877 0.000000 0.000000 0.000000 0.674399 0.738367
91.038990498 3.403657 2.734834 0.000000 0.000000 0.000000 0.674322 0.738438
91.132968187 3.405691 2.753501 0.000000 0.000000 0.000000 0.674169 0.738577
91.184181929 3.406462 2.763723 0.000000 0.000000 0.000000 0.674093 0.738646
91.277483940 3.408189 2.780846 0.000000 0.000000 0.000000 0.674230 0.738521
91.333750963 3.408584 2.790850 0.000000 0.000000 0.000000 0.674410 0.738357
91.435931683 3.409691 2.809191 0.000000 0.000000 0.000000 0.674426 0.738343
91.490885019 3.410414 2.820893 0.000000 0.000000 0.000000 0.674072 0.738666
91.596405983 3.411591 2.840747 0.000000 0.000000 0.000000 0.674005 0.738726
91.657889366 3.412601 2.853651 0.000000 0.000000 0.000000 0.673916 0.738808
91.744920015 3.414508 2.867842 0.000000 0.000000 0.000000 0.673895 0.738828
91.803375244 3.415988 2.878319 0.000000 0.000000 0.000000 0.673947 0.738779
91.889576912 3.416745 2.895005 0.000000 0.000000 0.000000 0.674094 0.738645
91.950321198 3.418879 2.908373 0.000000 0.000000 0.000000 0.673815 0.738900
92.040585995 3.421308 2.925023 0.000000 0.000000 0.000000 0.673867 0.738853
92.095539570 3.422697 2.935882 0.000000 0.000000 0.000000 0.673854 0.738865
92.180634975 3.425669 2.952242 0.000000 0.000000 0.000000 0.673993 0.738738
92.233907700 3.426778 2.962779 0.000000 0.000000 0.000000 0.674282 0.738474
92.324627161 3.428818 2.980789 0.000000 0.000000 0.000000 0.674390 0.738376
92.377721786 3.430526 2.992980 0.000000 0.000000 0.000000 0.674442 0.738328
92.477380037 3.432182 3.012941 0.000000 0.000000 0.000000 0.674442 0.738328
92.527386665 3.433904 3.024464 0.000000 0.000000 0.000000 0.674500 0.738275
92.615924358 3.436349 3.040449 0.000000 0.000000 0.000000 0.674469 0.738303
92.672314167 3.437141 3.051139 0.000000 0.000000 0.000000 0.674528 0.738250
92.773890257 3.439245 3.070403 0.000000 0.000000 0.000000 0.674575 0.738206
92.833395958 3.440734 3.084631 0.000000 0.000000 0.000000 0.674257 0.738497
92.924817085 3.442808 3.101662 0.000000 0.000000 0.000000 0.674366 0.738397
92.988978386 3.445040 3.114379 0.000000 0.000000 0.000000 0.674327 0.738433
93.100240469 3.448170 3.133059 0.000000 0.000000 0.000000 0.674507 0.738268
93.152472734 3.449117 3.142862 0.000000 0.000000 0.000000 0.674663 0.738126
93.248969555 3.450822 3.160894 0.000000 0.000000 0.000000 0.674635 0.738151
93.302347898 3.452126 3.172674 0.000000 0.000000 0.000000 0.674296 0.738461
93.402684212 3.453285 3.190757 0.000000 0.000000 0.000000 0.674159 0.738586
93.454676867 3.453971 3.201402 0.000000 0.000000 0.000000 0.674198 0.738550
93.552758694 3.456301 3.219898 0.000000 0.000000 0.000000 0.674243 0.738509
93.613630056 3.457217 3.231958 0.000000 0.000000 0.000000 0.674274 0.738481
93.707502604 3.458487 3.250960 0.000000 0.000000 0.000000 0.674097 0.738643
93.764230251 3.459628 3.263036 0.000000 0.000000 0.000000 0.674074 0.738664
93.873910427 3.460136 3.283534 0.000000 0.000000 0.000000 0.674034 0.738700
93.914932251 3.461752 3.292789 0.000000 0.000000 0.000000 0.673917 0.738807
94.005584240 3.463549 3.309796 0.000000 0.000000 0.000000 0.673928 0.738797
94.060539484 3.464489 3.319911 0.000000 0.000000 0.000000 0.673965 0.738764
94.156020403 3.465951 3.338630 0.000000 0.000000 0.000000 0.673826 0.738890
94.210253716 3.466698 3.349458 0.000000 0.000000 0.000000 0.673793 0.738920
94.306135893 3.468465 3.368167 0.000000 0.000000 0.000000 0.673775 0.738936
94.372974396 3.469614 3.381445 0.000000 0.000000 0.000000 0.673914 0.738810
94.471097946 3.471458 3.398957 0.000000 0.000000 0.000000 0.674177 0.738569
94.529613972 3.472674 3.409063 0.000000 0.000000 0.000000 0.674191 0.738557
94.627149820 3.474511 3.428257 0.000000 0.000000 0.000000 0.674186 0.738561
94.671769142 3.475399 3.437820 0.000000 0.000000 0.000000 0.674050 0.738686
94.763330460 3.476341 3.455693 0.000000 0.000000 0.000000 0.673996 0.738735
94.822440624 3.479143 3.467689 0.000000 0.000000 0.000000 0.674112 0.738629
94.912670851 3.481115 3.482893 0.000000 0.000000 0.000000 0.674273 0.738482
94.978972197 3.482302 3.495143 0.000000 0.000000 0.000000 0.674237 0.738515
95.068254471 3.484129 3.514261 0.000000 0.000000 0.000000 0.674072 0.738666
95.123470068 3.484129 3.525888 0.000000 0.000000 0.000000 0.673804 0.738910
95.210581541 3.485283 3.542574 0.000000 0.000000 0.000000 0.673774 0.738937
95.261231899 3.485341 3.552678 0.000000 0.000000 0.000000 0.673854 0.738865
95.358219862 3.487002 3.569494 0.000000 0.000000 0.000000 0.673938 0.738788
95.405269146 3.487761 3.577715 0.000000 0.000000 0.000000 0.674006 0.738726
95.495450497 3.488520 3.579381 0.000000 0.000000 0.000000 0.673890 0.738831
95.556711435 3.488111 3.581333 0.000000 0.000000 0.000000 0.673715 0.738992
95.654532194 3.487469 3.582206 0.000000 0.000000 0.000000 0.673813 0.738902
95.718507051 3.487853 3.581938 0.000000 0.000000 0.000000 0.673820 0.738896
95.809733868 3.487031 3.579874 0.000000 0.000000 0.000000 0.674113 0.738628
95.869915009 3.486487 3.578941 0.000000 0.000000 0.000000 0.674303 0.738455
95.968504429 3.486385 3.579242 0.000000 0.000000 0.000000 0.674381 0.738384
96.013655424 3.485731 3.580241 0.000000 0.000000 0.000000 0.674221 0.738530
96.105460644 3.486002 3.580141 0.000000 0.000000 0.000000 0.674154 0.738591
96.151817083 3.484822 3.580354 0.000000 0.000000 0.000000 0.674349 0.738412
96.249305487 3.484673 3.580981 0.000000 0.000000 0.000000 0.674683 0.738107
96.313171148 3.484198 3.580862 0.000000 0.000000 0.000000 0.674881 0.737927
96.411842108 3.484501 3.581214 0.000000 0.000000 0.000000 0.674785 0.738014
96.483254194 3.484308 3.581797 0.000000 0.000000 0.000000 0.674746 0.738050
96.576039553 3.484483 3.582783 0.000000 0.000000 0.000000 0.674573 0.738208
96.634468794 3.485801 3.582558 0.000000 0.000000 0.000000 0.674398 0.738368
96.723625898 3.484738 3.583119 0.000000 0.000000 0.000000 0.674335 0.738425
96.781600475 3.484934 3.583398 0.000000 0.000000 0.000000 0.674235 0.738517
96.866395235 3.485663 3.583589 0.000000 0.000000 0.000000 0.674316 0.738443
96.921135187 3.485424 3.583563 0.000000 0.000000 0.000000 0.674362 0.738401
97.019036293 3.485410 3.584062 0.000000 0.000000 0.000000 0.674340 0.738421
97.060910940 3.485569 3.584193 0.000000 0.000000 0.000000 0.674342 0.738419
97.153807163 3.486055 3.584332 0.000000 0.000000 0.000000 0.674304 0.738454
97.211027622 3.486093 3.584203 0.000000 0.000000 0.000000 0.674324 0.738436
97.305245876 3.485912 3.583469 0.000000 0.000000 0.000000 0.674176 0.738571
97.364989996 3.486174 3.583728 0.000000 0.000000 0.000000 0.674016 0.738716
97.465471268 3.485750 3.584292 0.000000 0.000000 0.000000 0.673951 0.738776
97.531141281 3.485285 3.584188 0.000000 0.000000 0.000000 0.673955 0.738772
97.607466698 3.485072 3.584496 0.000000 0.000000 0.000000 0.673829 0.738887
97.670571327 3.485039 3.585280 0.000000 0.000000 0.000000 0.673702 0.739003
97.761371374 3.485304 3.585008 0.000000 0.000000 0.000000 0.673540 0.739151
97.826786518 3.485026 3.584930 0.000000 0.000000 0.000000 0.673632 0.739067
97.904732704 3.485089 3.585017 0.000000 0.000000 0.000000 0.673781 0.738931
97.972033739 3.484938 3.585507 0.000000 0.000000 0.000000 0.673832 0.738885
98.065672398 3.485616 3.586065 0.000000 0.000000 0.000000 0.673901 0.738821
98.120881319 3.486002 3.586161 0.000000 0.000000 0.000000 0.673786 0.738927
98.209275961 3.486867 3.586430 0.000000 0.000000 0.000000 0.673653 0.739048
98.266049623 3.487279 3.586392 0.000000 0.000000 0.000000 0.673554 0.739138
98.353181839 3.487130 3.585845 0.000000 0.000000 0.000000 0.673415 0.739264
98.403073549 3.487324 3.585953 0.000000 0.000000 0.000000 0.673376 0.739300
98.490382910 3.487645 3.586279 0.000000 0.000000 0.000000 0.673477 0.739208
98.542252064 3.487871 3.586224 0.000000 0.000000 0.000000 0.673377 0.739299
98.624454260 3.488795 3.586461 0.000000 0.000000 0.000000 0.673313 0.739358
98.685510397 3.489460 3.587787 0.000000 0.000000 0.000000 0.673063 0.739586
98.779605627 3.489203 3.587266 0.000000 0.000000 0.000000 0.673004 0.739639
98.838194609 3.489379 3.586306 0.000000 0.000000 0.000000 0.672918 0.739717
98.929908276 3.489580 3.585240 0.000000 0.000000 0.000000 0.672995 0.739647
98.986426353 3.490156 3.584925 0.000000 0.000000 0.000000 0.672917 0.739718
99.090990067 3.489873 3.584091 0.000000 0.000000 0.000000 0.672963 0.739676
99.137984037 3.490678 3.583543 0.000000 0.000000 0.000000 0.672979 0.739662
99.222180128 3.490237 3.583849 0.000000 0.000000 0.000000 0.673041 0.739605
99.274515629 3.490355 3.584079 0.000000 0.000000 0.000000 0.673016 0.739628
99.372492313 3.490157 3.583765 0.000000 0.000000 0.000000 0.673010 0.739634
99.430688858 3.490340 3.583460 0.000000 0.000000 0.000000 0.673031 0.739614
99.544572830 3.490857 3.583908 0.000000 0.000000 0.000000 0.673106 0.739546
99.586899042 3.490744 3.584194 0.000000 0.000000 0.000000 0.673062 0.739586
99.684531927 3.491087 3.583934 0.000000 0.000000 0.000000 0.673151 0.739505
99.732462883 3.491639 3.584611 0.000000 0.000000 0.000000 0.673192 0.739468
99.817482233 3.491437 3.584699 0.000000 0.000000 0.000000 0.673148 0.739507
99.865893364 3.491063 3.584737 0.000000 0.000000 0.000000 0.673121 0.739532
99.974117994 3.490623 3.584727 0.000000 0.000000 0.000000 0.673207 0.739454
100.008396149 3.489842 3.584883 0.000000 0.000000 0.000000 0.673265 0.739402
100.099959850 3.489771 3.585321 0.000000 0.000000 0.000000 0.673340 0.739333
100.157341719 3.488561 3.586506 0.000000 0.000000 0.000000 0.673710 0.738995
100.251402378 3.489259 3.585609 0.000000 0.000000 0.000000 0.673731 0.738977
100.296842813 3.488996 3.585487 0.000000 0.000000 0.000000 0.673645 0.739055
100.386153460 3.488827 3.585643 0.000000 0.000000 0.000000 0.673658 0.739043
100.438560963 3.488878 3.585315 0.000000 0.000000 0.000000 0.673789 0.738924
100.523025513 3.488928 3.585074 0.000000 0.000000 0.000000 0.673739 0.738969
100.578892708 3.488080 3.584218 0.000000 0.000000 0.000000 0.673527 0.739162
100.666844606 3.487961 3.584706 0.000000 0.000000 0.000000 0.673606 0.739090
100.717916250 3.488026 3.585377 0.000000 0.000000 0.000000 0.673547 0.739144
100.814438343 3.488068 3.585025 0.000000 0.000000 0.000000 0.673486 0.739200
100.859156370 3.487442 3.585865 0.000000 0.000000 0.000000 0.673463 0.739221
100.952885628 3.487663 3.585461 0.000000 0.000000 0.000000 0.673565 0.739128
101.000487804 3.488806 3.584049 0.000000 0.000000 0.000000 0.673485 0.739201
101.085479736 3.488544 3.584312 0.000000 0.000000 0.000000 0.673458 0.739226
101.136031866 3.488859 3.583969 0.000000 0.000000 0.000000 0.673311 0.739359
101.229514122 3.489046 3.583553 0.000000 0.000000 0.000000 0.673302 0.739368
101.274351120 3.489508 3.583485 0.000000 0.000000 0.000000 0.673227 0.739435
101.373620749 3.489887 3.583996 0.000000 0.000000 0.000000 0.673320 0.739351
101.426921129 3.488843 3.583568 0.000000 0.000000 0.000000 0.673376 0.739300
101.521782160 3.488984 3.584168 0.000000 0.000000 0.000000 0.673391 0.739287
101.570658922 3.489577 3.584825 0.000000 0.000000 0.000000 0.673483 0.739203
101.657437325 3.489343 3.585392 0.000000 0.000000 0.000000 0.673579 0.739116
101.713495970 3.490299 3.585300 0.000000 0.000000 0.000000 0.673598 0.739098
101.799236774 3.490551 3.584407 0.000000 0.000000 0.000000 0.673711 0.738995
101.849389791 3.490591 3.584379 0.000000 0.000000 0.000000 0.673664 0.739038
101.945839167 3.490431 3.583814 0.000000 0.000000 0.000000 0.673689 0.739015
101.999189854 3.491081 3.583385 0.000000 0.000000 0.000000 0.673764 0.738947
102.086042404 3.490774 3.583524 0.000000 0.000000 0.000000 0.673711 0.738995
102.136522293 3.491217 3.582798 0.000000 0.000000 0.000000 0.673819 0.738896
102.221495152 3.491288 3.582045 0.000000 0.000000 0.000000 0.673762 0.738949
102.276251078 3.491082 3.581349 0.000000 0.000000 0.000000 0.673815 0.738900
102.367645025 3.489693 3.581389 0.000000 0.000000 0.000000 0.673902 0.738821
102.423708200 3.489112 3.580710 0.000000 0.000000 0.000000 0.673900 0.738823
102.525077105 3.488372 3.580979 0.000000 0.000000 0.000000 0.673871 0.738849
102.574762106 3.488353 3.581885 0.000000 0.000000 0.000000 0.673882 0.738839
102.674291134 3.488138 3.582572 0.000000 0.000000 0.000000 0.673976 0.738753
