56.000000000 0.005738 1.004614 0.000000 0.000000 0.000000 -0.003538 0.999994
56.092626333 0.008642 1.000271 0.000000 0.000000 0.000000 -0.003385 0.999994
56.136488199 0.011267 1.002958 0.000000 0.000000 0.000000 -0.003611 0.999993
56.234569073 0.013863 1.004166 0.000000 0.000000 0.000000 -0.003170 0.999995
56.291095257 0.016369 1.003206 0.000000 0.000000 0.000000 -0.002620 0.999997
56.384810448 0.017288 1.003098 0.000000 0.000000 0.000000 -0.002229 0.999998
56.432573795 0.017287 1.004329 0.000000 0.000000 0.000000 -0.001830 0.999998
56.517774343 0.018999 1.004108 0.000000 0.000000 0.000000 -0.001789 0.999998
56.566277504 0.021138 1.002919 0.000000 0.000000 0.000000 -0.001620 0.999999
56.658776283 0.021065 1.003514 0.000000 0.000000 0.000000 -0.001394 0.999999
56.719421625 0.020505 1.005170 0.000000 0.000000 0.000000 -0.001257 0.999999
56.806190968 0.022248 1.006173 0.000000 0.000000 0.000000 -0.001016 0.999999
56.859033823 0.023561 1.006132 0.000000 0.000000 0.000000 -0.000760 1.000000
56.956225157 0.024170 1.006116 0.000000 0.000000 0.000000 -0.000457 1.000000
56.992516994 0.023724 1.004313 0.000000 0.000000 0.000000 -0.000268 1.000000
57.085117579 0.024272 1.002666 0.000000 0.000000 0.000000 -0.000042 1.000000
57.135342836 0.023594 1.003216 0.000000 0.000000 0.000000 -0.000105 1.000000
57.226917267 0.021865 1.002713 0.000000 0.000000 0.000000 -0.000309 1.000000
57.280653477 0.021630 1.002941 0.000000 0.000000 0.000000 -0.000315 1.000000
57.376023293 0.023234 1.003449 0.000000 0.000000 0.000000 -0.000363 1.000000
57.421943903 0.023117 1.003076 0.000000 0.000000 0.000000 -0.000425 1.000000
57.506844759 0.023657 1.003876 0.000000 0.000000 0.000000 -0.000331 1.000000
57.561612844 0.022552 1.003122 0.000000 0.000000 0.000000 -0.000406 1.000000
57.661116600 0.023238 1.001990 0.000000 0.000000 0.000000 0.000004 1.000000
57.713097334 0.022581 1.002431 0.000000 0.000000 0.000000 0.000263 1.000000
57.818692207 0.023449 1.002786 0.000000 0.000000 0.000000 0.000412 1.000000
57.857132435 0.023583 1.003187 0.000000 0.000000 0.000000 0.000794 1.000000
57.942367077 0.023301 1.003169 0.000000 0.000000 0.000000 0.001064 0.999999
57.993121147 0.024445 1.003399 0.000000 0.000000 0.000000 0.001314 0.999999
58.084053516 0.023453 1.004265 0.000000 0.000000 0.000000 0.001373 0.999999
58.134043932 0.023679 1.004720 0.000000 0.000000 0.000000 0.001173 0.999999
58.226578236 0.023090 1.005638 0.000000 0.000000 0.000000 0.000998 1.000000
58.278188705 0.022420 1.005665 0.000000 0.000000 0.000000 0.000735 1.000000
58.375108480 0.021154 1.006791 0.000000 0.000000 0.000000 0.000653 1.000000
58.432198524 0.021052 1.007149 0.000000 0.000000 0.000000 0.000516 1.000000
58.513686180 0.020120 1.008286 0.000000 0.000000 0.000000 0.000487 1.000000
58.577755451 0.019869 1.009252 0.000000 0.000000 0.000000 0.000563 1.000000
58.663658381 0.018195 1.010877 0.000000 0.000000 0.000000 0.000579 1.000000
58.721382856 0.019219 1.011069 0.000000 0.000000 0.000000 0.000694 1.000000
58.811643362 0.019527 1.011122 0.000000 0.000000 0.000000 0.000753 1.000000
58.859117508 0.019145 1.011407 0.000000 0.000000 0.000000 0.000605 1.000000
58.954252720 0.019123 1.011419 0.000000 0.000000 0.000000 0.000667 1.000000
59.016629219 0.019243 1.012423 0.000000 0.000000 0.000000 0.000886 1.000000
59.106379747 0.018980 1.012060 0.000000 0.000000 0.000000 0.000562 1.000000
59.158839226 0.019596 1.012438 0.000000 0.000000 0.000000 0.000679 1.000000
59.239713192 0.018882 1.010998 0.000000 0.000000 0.000000 0.000956 1.000000
59.295119047 0.019420 1.010119 0.000000 0.000000 0.000000 0.000796 1.000000
59.400145054 0.018688 1.009293 0.000000 0.000000 0.000000 0.000949 1.000000
59.447155952 0.016961 1.008331 0.000000 0.000000 0.000000 0.000762 1.000000
59.543852329 0.016578 1.008435 0.000000 0.000000 0.000000 0.000431 1.000000
59.590034962 0.016923 1.008732 0.000000 0.000000 0.000000 0.000390 1.000000
59.665421247 0.015607 1.005710 0.000000 0.000000 0.000000 0.000417 1.000000
59.720851421 0.014947 1.006236 0.000000 0.000000 0.000000 0.000169 1.000000
59.805132151 0.015283 1.006640 0.000000 0.000000 0.000000 0.000377 1.000000
59.860359430 0.015848 1.006346 0.000000 0.000000 0.000000 0.000520 1.000000
59.957119226 0.016378 1.005840 0.000000 0.000000 0.000000 0.000517 1.000000
60.005816936 0.015539 1.004821 0.000000 0.000000 0.000000 0.000374 1.000000
60.089397669 0.014882 1.003982 0.000000 0.000000 0.000000 0.000449 1.000000
60.138172865 0.013992 1.003613 0.000000 0.000000 0.000000 0.000473 1.000000
60.220950127 0.014010 1.005138 0.000000 0.000000 0.000000 0.000278 1.000000
60.272440672 0.013762 1.005023 0.000000 0.000000 0.000000 0.000162 1.000000
60.365985632 0.012984 1.004952 0.000000 0.000000 0.000000 -0.000223 1.000000
60.419920921 0.013307 1.004913 0.000000 0.000000 0.000000 -0.000510 1.000000
60.517887354 0.014498 1.004379 0.000000 0.000000 0.000000 -0.000628 1.000000
60.576246977 0.013844 1.004370 0.000000 0.000000 0.000000 -0.000486 1.000000
60.661265135 0.013527 1.003500 0.000000 0.000000 0.000000 -0.000518 1.000000
60.720116138 0.012555 1.001358 0.000000 0.000000 0.000000 -0.000771 1.000000
60.806773424 0.011893 1.002277 0.000000 0.000000 0.000000 -0.000956 1.000000
60.856551170 0.011807 1.003542 0.000000 0.000000 0.000000 -0.001252 0.999999
60.954911470 0.010980 1.003377 0.000000 0.000000 0.000000 -0.001398 0.999999
61.012297630 0.011802 1.004007 0.000000 0.000000 0.000000 -0.001232 0.999999
61.109639168 0.010756 1.006133 0.000000 0.000000 0.000000 -0.000981 1.000000
61.157109976 0.010137 1.006873 0.000000 0.000000 0.000000 -0.000807 1.000000
61.239634752 0.012220 1.006562 0.000000 0.000000 0.000000 -0.001430 0.999999
61.291578770 0.012628 1.005821 0.000000 0.000000 0.000000 -0.001082 0.999999
61.377224922 0.013016 1.005395 0.000000 0.000000 0.000000 -0.001165 0.999999
61.424571276 0.012210 1.005257 0.000000 0.000000 0.000000 -0.001486 0.999999
61.517945051 0.011883 1.003909 0.000000 0.000000 0.000000 -0.001258 0.999999
61.571182013 0.011154 1.003605 0.000000 0.000000 0.000000 -0.001150 0.999999
61.674693108 0.010891 1.002937 0.000000 0.000000 0.000000 -0.001176 0.999999
61.731230259 0.009606 1.002984 0.000000 0.000000 0.000000 -0.001307 0.999999
61.823836803 0.010763 1.002346 0.000000 0.000000 0.000000 -0.001316 0.999999
61.867137194 0.011539 1.002127 0.000000 0.000000 0.000000 -0.001449 0.999999
61.957184315 0.011712 1.001466 0.000000 0.000000 0.000000 -0.001466 0.999999
62.007257462 0.011505 1.000434 0.000000 0.000000 0.000000 -0.001557 0.999999
62.096065044 0.010885 1.001109 0.000000 0.000000 0.000000 -0.001544 0.999999
62.149833441 0.011765 1.000208 0.000000 0.000000 0.000000 -0.001580 0.999999
62.231528997 0.027364 0.998941 0.000000 0.000000 0.000000 -0.001803 0.999998
62.288254261 0.037158 0.998455 0.000000 0.000000 0.000000 -0.001901 0.999998
62.372793436 0.053247 0.998863 0.000000 0.000000 0.000000 -0.001575 0.999999
62.437046528 0.064378 0.999751 0.000000 0.000000 0.000000 -0.001544 0.999999
62.518205643 0.077908 1.000511 0.000000 0.000000 0.000000 -0.001535 0.999999
62.573649645 0.088129 1.000573 0.000000 0.000000 0.000000 -0.001563 0.999999
62.658019066 0.103893 0.999992 0.000000 0.000000 0.000000 -0.001695 0.999999
62.708748341 0.114482 0.998476 0.000000 0.000000 0.000000 -0.001942 0.999998
62.802901506 0.131151 0.998600 0.000000 0.000000 0.000000 -0.001649 0.999999
62.862125397 0.141924 0.999369 0.000000 0.000000 0.000000 -0.001424 0.999999
62.944721937 0.156446 0.999049 0.000000 0.000000 0.000000 -0.001400 0.999999
63.001682520 0.167744 0.998836 0.000000 0.000000 0.000000 -0.001733 0.999998
63.096352816 0.184477 0.998533 0.000000 0.000000 0.000000 -0.001591 0.999999
63.140980959 0.191860 0.999504 0.000000 0.000000 0.000000 -0.001371 0.999999
63.224403381 0.207852 0.997907 0.000000 0.000000 0.000000 -0.001220 0.999999
63.278097630 0.217246 0.997900 0.000000 0.000000 0.000000 -0.001141 0.999999
63.378735542 0.235859 0.998037 0.000000 0.000000 0.000000 -0.000912 1.000000
63.429337263 0.244601 0.998144 0.000000 0.000000 0.000000 -0.000732 1.000000
63.507558107 0.258490 0.996637 0.000000 0.000000 0.000000 -0.000734 1.000000
63.561244726 0.268006 0.996945 0.000000 0.000000 0.000000 -0.000786 1.000000
63.651183605 0.284641 0.996200 0.000000 0.000000 0.000000 -0.000458 1.000000
63.722069025 0.296116 0.993491 0.000000 0.000000 0.000000 0.000136 1.000000
63.818211794 0.313517 0.994315 0.000000 0.000000 0.000000 0.000357 1.000000
63.867984533 0.322678 0.993875 0.000000 0.000000 0.000000 0.000442 1.000000
63.954170942 0.337467 0.994293 0.000000 0.000000 0.000000 0.000722 1.000000
64.007827759 0.346870 0.993623 0.000000 0.000000 0.000000 0.000879 1.000000
64.098969221 0.363123 0.994310 0.000000 0.000000 0.000000 0.001175 0.999999
64.150251389 0.371637 0.993934 0.000000 0.000000 0.000000 0.001193 0.999999
64.240028858 0.388197 0.994476 0.000000 0.000000 0.000000 0.001283 0.999999
64.291742325 0.397664 0.994198 0.000000 0.000000 0.000000 0.001148 0.999999
64.384911537 0.414438 0.994988 0.000000 0.000000 0.000000 0.001435 0.999999
64.438662767 0.424238 0.995943 0.000000 0.000000 0.000000 0.001411 0.999999
64.529100657 0.441508 0.995829 0.000000 0.000000 0.000000 0.001645 0.999999
64.581606388 0.451580 0.996553 0.000000 0.000000 0.000000 0.001773 0.999998
64.666499376 0.468034 0.996401 0.000000 0.000000 0.000000 0.001899 0.999998
64.719514608 0.478452 0.995132 0.000000 0.000000 0.000000 0.002109 0.999998
64.801486015 0.493971 0.995052 0.000000 0.000000 0.000000 0.002410 0.999997
64.853920698 0.503953 0.995257 0.000000 0.000000 0.000000 0.002401 0.999997
64.943417788 0.520530 0.995627 0.000000 0.000000 0.000000 0.002564 0.999997
64.995023489 0.529335 0.995716 0.000000 0.000000 0.000000 0.002730 0.999996
65.076430798 0.546210 0.995769 0.000000 0.000000 0.000000 0.003067 0.999995
65.137303352 0.558192 0.996662 0.000000 0.000000 0.000000 0.003427 0.999994
65.235720634 0.577311 0.995988 0.000000 0.000000 0.000000 0.003668 0.999993
65.286878586 0.587012 0.996049 0.000000 0.000000 0.000000 0.004232 0.999991
65.388996363 0.606162 0.995453 0.000000 0.000000 0.000000 0.004755 0.999989
65.443364143 0.616235 0.994320 0.000000 0.000000 0.000000 0.004927 0.999988
65.533442974 0.632259 0.993244 0.000000 0.000000 0.000000 0.005219 0.999986
65.583643198 0.640670 0.992914 0.000000 0.000000 0.000000 0.005201 0.999986
65.666572094 0.655014 0.992826 0.000000 0.000000 0.000000 0.005384 0.999986
65.718314648 0.663811 0.991609 0.000000 0.000000 0.000000 0.005393 0.999985
65.813969851 0.680778 0.991421 0.000000 0.000000 0.000000 0.005602 0.999984
65.860479355 0.690043 0.990922 0.000000 0.000000 0.000000 0.005528 0.999985
65.949100494 0.705255 0.990882 0.000000 0.000000 0.000000 0.005597 0.999984
66.006313324 0.715029 0.990221 0.000000 0.000000 0.000000 0.005430 0.999985
66.091695070 0.730869 0.990133 0.000000 0.000000 0.000000 0.005598 0.999984
66.150105000 0.741284 0.990649 0.000000 0.000000 0.000000 0.005823 0.999983
66.245607138 0.758955 0.988278 0.000000 0.000000 0.000000 0.005707 0.999984
66.289936066 0.766637 0.988486 0.000000 0.000000 0.000000 0.005704 0.999984
66.374847174 0.783483 0.987855 0.000000 0.000000 0.000000 0.006041 0.999982
66.427448988 0.793619 0.987216 0.000000 0.000000 0.000000 0.006350 0.999980
66.515174389 0.809679 0.987932 0.000000 0.000000 0.000000 0.006166 0.999981
66.565155268 0.819115 0.988025 0.000000 0.000000 0.000000 0.006240 0.999981
66.668905973 0.837647 0.987803 0.000000 0.000000 0.000000 0.006414 0.999979
66.720251560 0.849123 0.986921 0.000000 0.000000 0.000000 0.006309 0.999980
66.818524122 0.866771 0.986288 0.000000 0.000000 0.000000 0.006506 0.999979
66.862034321 0.874502 0.986581 0.000000 0.000000 0.000000 0.006359 0.999980
66.948162079 0.890652 0.986251 0.000000 0.000000 0.000000 0.006557 0.999979
66.998103142 0.900295 0.986823 0.000000 0.000000 0.000000 0.006765 0.999977
67.100195885 0.918671 0.987369 0.000000 0.000000 0.000000 0.006840 0.999977
67.157076359 0.930342 0.986776 0.000000 0.000000 0.000000 0.006957 0.999976
67.269846916 0.952400 0.986257 0.000000 0.000000 0.000000 0.006957 0.999976
67.325706720 0.964028 0.985592 0.000000 0.000000 0.000000 0.006971 0.999976
67.417520761 0.981576 0.985886 0.000000 0.000000 0.000000 0.007088 0.999975
67.475314379 0.992723 0.986277 0.000000 0.000000 0.000000 0.007134 0.999975
67.587245464 1.014220 0.987007 0.000000 0.000000 0.000000 0.007193 0.999974
67.657504320 1.028419 0.988090 0.000000 0.000000 0.000000 0.006916 0.999976
67.744100571 1.046750 0.987890 0.000000 0.000000 0.000000 0.006990 0.999976
67.809964418 1.060865 0.989773 0.000000 0.000000 0.000000 0.006822 0.999977
67.907867193 1.079396 0.990570 0.000000 0.000000 0.000000 0.006864 0.999976
67.955658197 1.088690 0.989894 0.000000 0.000000 0.000000 0.006931 0.999976
68.043772697 1.103700 0.990706 0.000000 0.000000 0.000000 0.006675 0.999978
68.092056751 1.114139 0.990788 0.000000 0.000000 0.000000 0.006332 0.999980
68.198954105 1.134431 0.992417 0.000000 0.000000 0.000000 0.005907 0.999983
68.239401817 1.140997 0.993514 0.000000 0.000000 0.000000 0.005795 0.999983
68.334116697 1.158637 0.994591 0.000000 0.000000 0.000000 0.006070 0.999982
68.393169165 1.170065 0.995776 0.000000 0.000000 0.000000 0.006071 0.999982
68.488315105 1.188836 0.997034 0.000000 0.000000 0.000000 0.006209 0.999981
68.548655272 1.200530 0.997070 0.000000 0.000000 0.000000 0.005971 0.999982
68.628951550 1.217030 0.997484 0.000000 0.000000 0.000000 0.005946 0.999982
68.688163757 1.228377 0.997715 0.000000 0.000000 0.000000 0.006295 0.999980
68.771270037 1.243754 0.999531 0.000000 0.000000 0.000000 0.006582 0.999978
68.824939728 1.254473 0.999303 0.000000 0.000000 0.000000 0.006963 0.999976
68.927378178 1.274335 1.000312 0.000000 0.000000 0.000000 0.006885 0.999976
68.988554239 1.286303 1.000492 0.000000 0.000000 0.000000 0.006597 0.999978
69.091393948 1.306140 1.001806 0.000000 0.000000 0.000000 0.006499 0.999979
69.142657280 1.316978 1.001847 0.000000 0.000000 0.000000 0.006627 0.999978
69.226943970 1.331997 1.003196 0.000000 0.000000 0.000000 0.006844 0.999977
69.291504383 1.343622 1.003264 0.000000 0.000000 0.000000 0.006809 0.999977
69.395749092 1.364403 1.003906 0.000000 0.000000 0.000000 0.007232 0.999974
69.444655418 1.374900 1.004517 0.000000 0.000000 0.000000 0.007119 0.999975
69.543005466 1.394724 1.003416 0.000000 0.000000 0.000000 0.007341 0.999973
69.595045090 1.405751 1.003028 0.000000 0.000000 0.000000 0.007182 0.999974
69.695927858 1.425207 1.004024 0.000000 0.000000 0.000000 0.007708 0.999970
69.753221989 1.437399 1.004218 0.000000 0.000000 0.000000 0.007900 0.999969
69.852281094 1.456760 1.005491 0.000000 0.000000 0.000000 0.007866 0.999969
69.909631014 1.468152 1.006586 0.000000 0.000000 0.000000 0.007789 0.999970
70.003495455 1.485945 1.006405 0.000000 0.000000 0.000000 0.007537 0.999972
70.055417776 1.495451 1.006535 0.000000 0.000000 0.000000 0.007410 0.999973
70.137858391 1.511047 1.006963 0.000000 0.000000 0.000000 0.007560 0.999971
70.199167728 1.521924 1.006408 0.000000 0.000000 0.000000 0.007592 0.999971
70.302878618 1.541470 1.006807 0.000000 0.000000 0.000000 0.007687 0.999970
70.369396687 1.554383 1.007423 0.000000 0.000000 0.000000 0.007726 0.999970
70.461210728 1.571242 1.006419 0.000000 0.000000 0.000000 0.007818 0.999969
70.509778738 1.580285 1.005378 0.000000 0.000000 0.000000 0.007685 0.999970
70.599387646 1.597086 1.004432 0.000000 0.000000 0.000000 0.007813 0.999969
70.656033039 1.607956 1.004211 0.000000 0.000000 0.000000 0.007945 0.999968
70.768153429 1.629904 1.005060 0.000000 0.000000 0.000000 0.007905 0.999969
70.815999985 1.638826 1.004756 0.000000 0.000000 0.000000 0.007585 0.999971
70.900581121 1.654021 1.005513 0.000000 0.000000 0.000000 0.007386 0.999973
70.955633402 1.665453 1.007814 0.000000 0.000000 0.000000 0.007189 0.999974
71.042252779 1.682280 1.009418 0.000000 0.000000 0.000000 0.007282 0.999973
71.103641987 1.694854 1.009026 0.000000 0.000000 0.000000 0.007604 0.999971
71.186776161 1.710838 1.010558 0.000000 0.000000 0.000000 0.007697 0.999970
71.250498533 1.724515 1.010554 0.000000 0.000000 0.000000 0.007627 0.999971
71.341936827 1.733076 1.011062 0.000000 0.000000 0.000000 0.014999 0.999888
71.393325806 1.738087 1.011935 0.000000 0.000000 0.000000 0.019620 0.999808
71.487019539 1.742422 1.011586 0.000000 0.000000 0.000000 0.028401 0.999597
71.537977695 1.744847 1.013822 0.000000 0.000000 0.000000 0.033653 0.999434
71.626116753 1.749335 1.013821 0.000000 0.000000 0.000000 0.042593 0.999093
71.682151079 1.751097 1.013991 0.000000 0.000000 0.000000 0.048034 0.998846
71.763496399 1.757138 1.015599 0.000000 0.000000 0.000000 0.055687 0.998448
71.820455313 1.758258 1.015460 0.000000 0.000000 0.000000 0.061449 0.998110
71.918866396 1.762324 1.016023 0.000000 0.000000 0.000000 0.070467 0.997514
71.975845575 1.764112 1.016397 0.000000 0.000000 0.000000 0.076163 0.997095
72.068582535 1.768668 1.016717 0.000000 0.000000 0.000000 0.084741 0.996403
72.122643709 1.770675 1.017856 0.000000 0.000000 0.000000 0.089734 0.995966
72.217851877 1.785992 1.020955 0.000000 0.000000 0.000000 0.090293 0.995915
72.265589714 1.792897 1.023103 0.000000 0.000000 0.000000 0.090273 0.995917
72.354194641 1.808524 1.026219 0.000000 0.000000 0.000000 0.090268 0.995918
72.403216600 1.818243 1.029121 0.000000 0.000000 0.000000 0.090698 0.995878
72.504085302 1.836610 1.031744 0.000000 0.000000 0.000000 0.090489 0.995897
72.559812546 1.848419 1.035010 0.000000 0.000000 0.000000 0.089821 0.995958
72.641114473 1.863924 1.038034 0.000000 0.000000 0.000000 0.089298 0.996005
72.695553064 1.873766 1.039620 0.000000 0.000000 0.000000 0.089213 0.996013
72.784453154 1.890764 1.042225 0.000000 0.000000 0.000000 0.089228 0.996011
72.839464188 1.894167 1.043151 0.000000 0.000000 0.000000 0.094187 0.995555
72.931765556 1.899647 1.045416 0.000000 0.000000 0.000000 0.103060 0.994675
72.986810684 1.901333 1.044608 0.000000 0.000000 0.000000 0.108474 0.994099
73.071648121 1.905582 1.044910 0.000000 0.000000 0.000000 0.116015 0.993247
73.129702330 1.908386 1.046139 0.000000 0.000000 0.000000 0.121949 0.992536
73.227200508 1.912969 1.046828 0.000000 0.000000 0.000000 0.131040 0.991377
73.271549940 1.913498 1.046321 0.000000 0.000000 0.000000 0.135416 0.990789
73.365193605 1.928208 1.051708 0.000000 0.000000 0.000000 0.136539 0.990635
73.410813332 1.934955 1.053708 0.000000 0.000000 0.000000 0.136979 0.990574
73.495560646 1.949632 1.058800 0.000000 0.000000 0.000000 0.136689 0.990614
73.549853325 1.959200 1.062045 0.000000 0.000000 0.000000 0.136479 0.990643
73.635336399 1.975528 1.066281 0.000000 0.000000 0.000000 0.136368 0.990658
73.700213671 1.986925 1.068966 0.000000 0.000000 0.000000 0.136431 0.990650
73.794411182 2.003099 1.074243 0.000000 0.000000 0.000000 0.136505 0.990639
73.851395130 2.014353 1.077741 0.000000 0.000000 0.000000 0.136434 0.990649
73.934927464 2.032978 1.081662 0.000000 0.000000 0.000000 0.136184 0.990684
73.994324923 2.038000 1.083460 0.000000 0.000000 0.000000 0.141177 0.989984
74.076428652 2.042719 1.085828 0.000000 0.000000 0.000000 0.148291 0.988944
74.138641834 2.045590 1.086364 0.000000 0.000000 0.000000 0.154277 0.988028
74.232690811 2.048773 1.088575 0.000000 0.000000 0.000000 0.163268 0.986582
74.284757137 2.049929 1.088027 0.000000 0.000000 0.000000 0.168990 0.985618
74.368963718 2.052913 1.088390 0.000000 0.000000 0.000000 0.176813 0.984244
74.424954653 2.055408 1.089279 0.000000 0.000000 0.000000 0.181718 0.983351
74.512892008 2.058028 1.090764 0.000000 0.000000 0.000000 0.190062 0.981772
74.568120718 2.064827 1.093362 0.000000 0.000000 0.000000 0.190865 0.981616
74.659038782 2.078305 1.100529 0.000000 0.000000 0.000000 0.191505 0.981492
74.720528126 2.089279 1.106824 0.000000 0.000000 0.000000 0.191352 0.981521
74.807915449 2.104999 1.113859 0.000000 0.000000 0.000000 0.190991 0.981592
74.867791891 2.115899 1.119089 0.000000 0.000000 0.000000 0.190649 0.981658
74.956265450 2.131838 1.125979 0.000000 0.000000 0.000000 0.190441 0.981699
75.006022692 2.141842 1.130447 0.000000 0.000000 0.000000 0.189999 0.981784
75.093890429 2.158267 1.135603 0.000000 0.000000 0.000000 0.189842 0.981815
75.151803017 2.168207 1.140304 0.000000 0.000000 0.000000 0.189661 0.981850
75.237923384 2.184137 1.145415 0.000000 0.000000 0.000000 0.189424 0.981895
75.289012432 2.194562 1.150030 0.000000 0.000000 0.000000 0.189264 0.981926
75.377345324 2.210137 1.154976 0.000000 0.000000 0.000000 0.189001 0.981977
75.433693886 2.220302 1.158824 0.000000 0.000000 0.000000 0.189326 0.981914
75.537194490 2.238340 1.165552 0.000000 0.000000 0.000000 0.189595 0.981862
75.586070776 2.247298 1.169677 0.000000 0.000000 0.000000 0.189416 0.981897
75.689361572 2.264639 1.176951 0.000000 0.000000 0.000000 0.189524 0.981876
75.744805098 2.274980 1.181431 0.000000 0.000000 0.000000 0.189422 0.981896
75.826009274 2.289410 1.186159 0.000000 0.000000 0.000000 0.189187 0.981941
75.899021864 2.294791 1.188405 0.000000 0.000000 0.000000 0.195576 0.980689
75.992537260 2.299905 1.189530 0.000000 0.000000 0.000000 0.203616 0.979051
76.056124210 2.302378 1.190932 0.000000 0.000000 0.000000 0.209895 0.977724
76.141805172 2.305708 1.191508 0.000000 0.000000 0.000000 0.218209 0.975902
76.196712971 2.306816 1.193198 0.000000 0.000000 0.000000 0.223177 0.974778
76.279946327 2.309960 1.193575 0.000000 0.000000 0.000000 0.230753 0.973012
76.336917877 2.311585 1.193855 0.000000 0.000000 0.000000 0.237087 0.971488
76.431858301 2.314270 1.196223 0.000000 0.000000 0.000000 0.245736 0.969337
76.487337351 2.320794 1.200462 0.000000 0.000000 0.000000 0.246355 0.969180
76.576975346 2.334707 1.208412 0.000000 0.000000 0.000000 0.246765 0.969075
76.635664701 2.343856 1.214369 0.000000 0.000000 0.000000 0.246315 0.969190
76.736702204 2.361411 1.222843 0.000000 0.000000 0.000000 0.245840 0.969310
76.784813404 2.371296 1.227174 0.000000 0.000000 0.000000 0.245424 0.969416
76.872728825 2.386290 1.235503 0.000000 0.000000 0.000000 0.245442 0.969411
76.940669060 2.398099 1.241045 0.000000 0.000000 0.000000 0.245353 0.969434
77.039191484 2.415190 1.249721 0.000000 0.000000 0.000000 0.245080 0.969503
77.091496944 2.426165 1.255240 0.000000 0.000000 0.000000 0.244939 0.969539
77.178045034 2.430036 1.258123 0.000000 0.000000 0.000000 0.252063 0.967711
77.233334064 2.434126 1.261444 0.000000 0.000000 0.000000 0.256880 0.966443
77.321522951 2.439170 1.264253 0.000000 0.000000 0.000000 0.265034 0.964239
77.385615587 2.441898 1.264826 0.000000 0.000000 0.000000 0.271111 0.962548
77.482558012 2.456557 1.272459 0.000000 0.000000 0.000000 0.272092 0.962271
77.535058022 2.464407 1.278040 0.000000 0.000000 0.000000 0.272505 0.962154
77.635596514 2.479304 1.286222 0.000000 0.000000 0.000000 0.272315 0.962208
77.687636852 2.486309 1.290694 0.000000 0.000000 0.000000 0.272205 0.962239
77.783472538 2.501041 1.299411 0.000000 0.000000 0.000000 0.272452 0.962169
77.833787918 2.508651 1.303610 0.000000 0.000000 0.000000 0.272354 0.962197
77.940711260 2.526306 1.314228 0.000000 0.000000 0.000000 0.272518 0.962151
77.985099792 2.533348 1.318569 0.000000 0.000000 0.000000 0.272346 0.962199
78.074628830 2.549048 1.326288 0.000000 0.000000 0.000000 0.271984 0.962302
78.126539230 2.558049 1.329574 0.000000 0.000000 0.000000 0.271936 0.962315
78.225707769 2.564002 1.334103 0.000000 0.000000 0.000000 0.280036 0.959989
78.287621975 2.567490 1.336293 0.000000 0.000000 0.000000 0.285953 0.958244
78.371752024 2.579219 1.343388 0.000000 0.000000 0.000000 0.286574 0.958058
78.425225496 2.588378 1.348321 0.000000 0.000000 0.000000 0.287075 0.957908
78.525620699 2.603362 1.358147 0.000000 0.000000 0.000000 0.287229 0.957862
78.588539600 2.612977 1.363741 0.000000 0.000000 0.000000 0.287243 0.957858
78.670593977 2.626268 1.371366 0.000000 0.000000 0.000000 0.287441 0.957798
78.735427380 2.636775 1.378032 0.000000 0.000000 0.000000 0.287605 0.957749
78.827690363 2.650814 1.388677 0.000000 0.000000 0.000000 0.287417 0.957806
78.889282465 2.661478 1.395315 0.000000 0.000000 0.000000 0.287363 0.957822
78.986895561 2.678290 1.405991 0.000000 0.000000 0.000000 0.287335 0.957830
79.038242817 2.687802 1.411327 0.000000 0.000000 0.000000 0.287239 0.957859
79.133278370 2.692835 1.415633 0.000000 0.000000 0.000000 0.295021 0.955491
79.188038111 2.695294 1.419372 0.000000 0.000000 0.000000 0.300010 0.953936
79.274859905 2.699058 1.423004 0.000000 0.000000 0.000000 0.308257 0.951303
79.325020790 2.704761 1.427443 0.000000 0.000000 0.000000 0.308799 0.951127
79.419587612 2.718319 1.436558 0.000000 0.000000 0.000000 0.309068 0.951040
79.476016521 2.726610 1.443215 0.000000 0.000000 0.000000 0.309383 0.950938
79.572896481 2.740517 1.452740 0.000000 0.000000 0.000000 0.309830 0.950792
79.625355482 2.748812 1.458342 0.000000 0.000000 0.000000 0.309772 0.950811
79.715934038 2.763793 1.467852 0.000000 0.000000 0.000000 0.309630 0.950857
79.766192913 2.772476 1.474430 0.000000 0.000000 0.000000 0.309535 0.950888
79.851100206 2.787541 1.485177 0.000000 0.000000 0.000000 0.309515 0.950895
79.911969662 2.797230 1.493009 0.000000 0.000000 0.000000 0.309353 0.950947
80.005322218 2.811230 1.503994 0.000000 0.000000 0.000000 0.309460 0.950912
80.049822092 2.818378 1.509534 0.000000 0.000000 0.000000 0.309719 0.950828
80.144307137 2.832549 1.520876 0.000000 0.000000 0.000000 0.309761 0.950815
80.194717646 2.841313 1.526911 0.000000 0.000000 0.000000 0.309865 0.950780
80.283586025 2.845139 1.531719 0.000000 0.000000 0.000000 0.317055 0.948407
80.339012861 2.847281 1.534469 0.000000 0.000000 0.000000 0.321563 0.946888
80.432806969 2.851196 1.536795 0.000000 0.000000 0.000000 0.329588 0.944125
80.481657505 2.851847 1.539244 0.000000 0.000000 0.000000 0.334600 0.942360
80.570667744 2.853493 1.540274 0.000000 0.000000 0.000000 0.342724 0.939436
80.629180193 2.855869 1.542436 0.000000 0.000000 0.000000 0.348109 0.937454
80.725515127 2.859598 1.544964 0.000000 0.000000 0.000000 0.356096 0.934449
80.785824299 2.861208 1.545678 0.000000 0.000000 0.000000 0.361725 0.932285
80.885531425 2.865533 1.549449 0.000000 0.000000 0.000000 0.370769 0.928725
80.931448936 2.865658 1.550527 0.000000 0.000000 0.000000 0.375655 0.926760
81.023196459 2.876859 1.559957 0.000000 0.000000 0.000000 0.377056 0.926191
81.074112654 2.882415 1.568284 0.000000 0.000000 0.000000 0.377993 0.925809
81.169610262 2.894738 1.579306 0.000000 0.000000 0.000000 0.377627 0.925958
81.221564293 2.902540 1.587541 0.000000 0.000000 0.000000 0.377432 0.926037
81.317089081 2.915440 1.598960 0.000000 0.000000 0.000000 0.377502 0.926009
81.373459816 2.924261 1.605530 0.000000 0.000000 0.000000 0.377316 0.926084
81.468533754 2.937024 1.615840 0.000000 0.000000 0.000000 0.377538 0.925994
81.523016691 2.945077 1.624993 0.000000 0.000000 0.000000 0.377081 0.926180
81.598726511 2.955248 1.636181 0.000000 0.000000 0.000000 0.377054 0.926191
81.657386780 2.958852 1.639164 0.000000 0.000000 0.000000 0.381208 0.924489
81.743980408 2.961938 1.642057 0.000000 0.000000 0.000000 0.388359 0.921508
81.802433014 2.963898 1.642451 0.000000 0.000000 0.000000 0.393824 0.919186
81.892469883 2.965329 1.646362 0.000000 0.000000 0.000000 0.402304 0.915506
81.951400280 2.967665 1.646857 0.000000 0.000000 0.000000 0.407602 0.913160
82.051398516 2.969686 1.649373 0.000000 0.000000 0.000000 0.416090 0.909324
82.098116398 2.970949 1.651043 0.000000 0.000000 0.000000 0.420687 0.907206
82.188131332 2.980454 1.661892 0.000000 0.000000 0.000000 0.421367 0.906890
82.248149872 2.986860 1.668126 0.000000 0.000000 0.000000 0.421915 0.906635
82.336132288 2.996906 1.678842 0.000000 0.000000 0.000000 0.421704 0.906733
82.396090031 3.004732 1.687658 0.000000 0.000000 0.000000 0.421561 0.906800
82.493404388 3.017227 1.702380 0.000000 0.000000 0.000000 0.421459 0.906848
82.545469284 3.024707 1.709824 0.000000 0.000000 0.000000 0.421266 0.906937
82.645762682 3.039797 1.725443 0.000000 0.000000 0.000000 0.421084 0.907022
82.703368902 3.048546 1.734371 0.000000 0.000000 0.000000 0.421156 0.906988
82.786747932 3.059283 1.746378 0.000000 0.000000 0.000000 0.421250 0.906944
82.854153395 3.069028 1.754534 0.000000 0.000000 0.000000 0.421357 0.906895
82.943068027 3.083154 1.765848 0.000000 0.000000 0.000000 0.420830 0.907140
83.009804964 3.093086 1.776141 0.000000 0.000000 0.000000 0.420860 0.907126
83.085191727 3.103580 1.787036 0.000000 0.000000 0.000000 0.420873 0.907119
83.153803349 3.112960 1.797303 0.000000 0.000000 0.000000 0.421371 0.906888
83.241653681 3.124092 1.808902 0.000000 0.000000 0.000000 0.421684 0.906743
83.297069788 3.128005 1.812532 0.000000 0.000000 0.000000 0.425645 0.904890
83.389735460 3.133239 1.816520 0.000000 0.000000 0.000000 0.432924 0.901431
83.453119040 3.135583 1.817338 0.000000 0.000000 0.000000 0.437976 0.898987
83.537900448 3.138038 1.819483 0.000000 0.000000 0.000000 0.445147 0.895457
83.597048283 3.138840 1.821170 0.000000 0.000000 0.000000 0.450189 0.892933
83.717325926 3.141993 1.825656 0.000000 0.000000 0.000000 0.460024 0.887906
83.749479055 3.140206 1.824596 0.000000 0.000000 0.000000 0.463299 0.886202
83.838826418 3.141229 1.828115 0.000000 0.000000 0.000000 0.470968 0.882150
83.901724577 3.142685 1.830027 0.000000 0.000000 0.000000 0.475843 0.879530
83.992516994 3.144227 1.831837 0.000000 0.000000 0.000000 0.483333 0.875436
84.051721573 3.146146 1.834290 0.000000 0.000000 0.000000 0.488630 0.872491
84.156426907 3.148768 1.837152 0.000000 0.000000 0.000000 0.496974 0.867765
84.200500965 3.149298 1.838144 0.000000 0.000000 0.000000 0.501043 0.865422
84.283172131 3.156325 1.849555 0.000000 0.000000 0.000000 0.501567 0.865119
84.341853619 3.162487 1.859867 0.000000 0.000000 0.000000 0.501106 0.865386
84.440338135 3.172111 1.876844 0.000000 0.000000 0.000000 0.500846 0.865536
84.490278244 3.178859 1.885642 0.000000 0.000000 0.000000 0.500845 0.865537
84.590413809 3.187660 1.901587 0.000000 0.000000 0.000000 0.501096 0.865392
84.637861252 3.190967 1.903638 0.000000 0.000000 0.000000 0.504346 0.863502
84.731191397 3.194162 1.908979 0.000000 0.000000 0.000000 0.511454 0.859310
84.795961142 3.196224 1.911194 0.000000 0.000000 0.000000 0.516366 0.856368
84.885035038 3.195985 1.918122 0.000000 0.000000 0.000000 0.523854 0.851808
84.942189693 3.200592 1.924979 0.000000 0.000000 0.000000 0.524110 0.851650
85.035698891 3.207557 1.940269 0.000000 0.000000 0.000000 0.524473 0.851427
85.087255955 3.212012 1.950594 0.000000 0.000000 0.000000 0.524377 0.851486
85.177431345 3.219815 1.965573 0.000000 0.000000 0.000000 0.524004 0.851716
85.234461546 3.225574 1.975857 0.000000 0.000000 0.000000 0.523884 0.851789
85.317269802 3.231894 1.989936 0.000000 0.000000 0.000000 0.523613 0.851956
85.371974707 3.236620 2.000096 0.000000 0.000000 0.000000 0.523343 0.852122
85.478625298 3.238650 2.006276 0.000000 0.000000 0.000000 0.531511 0.847051
85.528799295 3.241052 2.008781 0.000000 0.000000 0.000000 0.535986 0.844227
85.623463392 3.243667 2.012530 0.000000 0.000000 0.000000 0.543083 0.839679
85.673765659 3.243637 2.013835 0.000000 0.000000 0.000000 0.547035 0.837110
85.763669968 3.249026 2.025280 0.000000 0.000000 0.000000 0.547828 0.836591
85.820935726 3.252488 2.032138 0.000000 0.000000 0.000000 0.548529 0.836131
85.910727024 3.259755 2.045416 0.000000 0.000000 0.000000 0.548397 0.836218
85.964876890 3.263626 2.053926 0.000000 0.000000 0.000000 0.548040 0.836452
86.051109076 3.269558 2.067971 0.000000 0.000000 0.000000 0.547932 0.836523
86.103527308 3.274120 2.076530 0.000000 0.000000 0.000000 0.547575 0.836757
86.201452255 3.283326 2.093646 0.000000 0.000000 0.000000 0.547191 0.837008
86.242657185 3.287210 2.102350 0.000000 0.000000 0.000000 0.547393 0.836876
86.334985495 3.294091 2.119334 0.000000 0.000000 0.000000 0.547635 0.836718
86.382092714 3.296833 2.121950 0.000000 0.000000 0.000000 0.551017 0.834494
86.472083092 3.298787 2.125823 0.000000 0.000000 0.000000 0.558089 0.829781
86.523828268 3.299537 2.129488 0.000000 0.000000 0.000000 0.562080 0.827083
86.615870237 3.300549 2.135537 0.000000 0.000000 0.000000 0.569065 0.822292
86.670076370 3.301859 2.134376 0.000000 0.000000 0.000000 0.573628 0.819116
86.774803400 3.306939 2.149750 0.000000 0.000000 0.000000 0.574352 0.818609
86.820199966 3.308806 2.156410 0.000000 0.000000 0.000000 0.574785 0.818305
86.919469357 3.314687 2.173899 0.000000 0.000000 0.000000 0.575054 0.818115
86.967871189 3.317627 2.182351 0.000000 0.000000 0.000000 0.574725 0.818347
87.056761026 3.322277 2.198377 0.000000 0.000000 0.000000 0.574543 0.818474
87.109259605 3.326188 2.207833 0.000000 0.000000 0.000000 0.574368 0.818597
87.192007065 3.332618 2.223274 0.000000 0.000000 0.000000 0.574298 0.818646
87.253980637 3.337083 2.233790 0.000000 0.000000 0.000000 0.574416 0.818563
87.349741697 3.339500 2.239623 0.000000 0.000000 0.000000 0.581371 0.813639
87.405018091 3.342534 2.244306 0.000000 0.000000 0.000000 0.585527 0.810653
87.485984564 3.345175 2.247570 0.000000 0.000000 0.000000 0.591236 0.806498
87.543567896 3.345769 2.248914 0.000000 0.000000 0.000000 0.595738 0.803179
87.634330273 3.347372 2.252231 0.000000 0.000000 0.000000 0.602562 0.798072
87.686902761 3.347248 2.252765 0.000000 0.000000 0.000000 0.606741 0.794900
87.787247896 3.348362 2.255890 0.000000 0.000000 0.000000 0.614236 0.789123
87.837472916 3.349269 2.263790 0.000000 0.000000 0.000000 0.615135 0.788422
87.916748285 3.352287 2.277523 0.000000 0.000000 0.000000 0.615207 0.788365
87.986268759 3.355160 2.287952 0.000000 0.000000 0.000000 0.615357 0.788248
88.086726427 3.360085 2.304827 0.000000 0.000000 0.000000 0.615551 0.788097
88.150101423 3.363226 2.314654 0.000000 0.000000 0.000000 0.615703 0.787978
88.240933418 3.364061 2.319481 0.000000 0.000000 0.000000 0.621741 0.783223
88.297403812 3.364747 2.323029 0.000000 0.000000 0.000000 0.625408 0.780298
88.386169910 3.368026 2.326397 0.000000 0.000000 0.000000 0.631452 0.775415
88.450335503 3.369362 2.328591 0.000000 0.000000 0.000000 0.636588 0.771204
88.535275698 3.369160 2.331850 0.000000 0.000000 0.000000 0.642545 0.766248
88.605426788 3.369840 2.335179 0.000000 0.000000 0.000000 0.647820 0.761793
88.683759212 3.371098 2.337085 0.000000 0.000000 0.000000 0.653869 0.756608
88.750116110 3.371892 2.346874 0.000000 0.000000 0.000000 0.654432 0.756120
88.851769447 3.374959 2.365891 0.000000 0.000000 0.000000 0.654420 0.756131
88.916266441 3.375925 2.376063 0.000000 0.000000 0.000000 0.654267 0.756263
89.002526760 3.379589 2.390823 0.000000 0.000000 0.000000 0.654203 0.756319
89.057895184 3.381844 2.400989 0.000000 0.000000 0.000000 0.654269 0.756262
89.140100241 3.384663 2.415908 0.000000 0.000000 0.000000 0.654424 0.756128
89.195465088 3.384927 2.422354 0.000000 0.000000 0.000000 0.657893 0.753111
89.289087772 3.385117 2.427434 0.000000 0.000000 0.000000 0.663909 0.747813
89.344048738 3.383914 2.429286 0.000000 0.000000 0.000000 0.667629 0.744494
89.440391302 3.382873 2.434743 0.000000 0.000000 0.000000 0.674397 0.738369
89.492968559 3.381937 2.435243 0.000000 0.000000 0.000000 0.678313 0.734773
89.607647657 3.381687 2.454244 0.000000 0.000000 0.000000 0.679047 0.734094
89.672281504 3.382676 2.465375 0.000000 0.000000 0.000000 0.678842 0.734285
89.768073082 3.385243 2.483457 0.000000 0.000000 0.000000 0.678866 0.734262
89.829360723 3.385861 2.494935 0.000000 0.000000 0.000000 0.678502 0.734599
89.918611765 3.387098 2.511227 0.000000 0.000000 0.000000 0.678876 0.734253
89.983339548 3.388863 2.521607 0.000000 0.000000 0.000000 0.678788 0.734334
90.075467348 3.390291 2.538314 0.000000 0.000000 0.000000 0.678979 0.734158
90.136802912 3.392175 2.552479 0.000000 0.000000 0.000000 0.678971 0.734165
90.217718840 3.393860 2.568994 0.000000 0.000000 0.000000 0.678656 0.734457
90.282570362 3.396587 2.582569 0.000000 0.000000 0.000000 0.678811 0.734313
90.377734184 3.399025 2.599873 0.000000 0.000000 0.000000 0.679046 0.734096
90.428593874 3.400136 2.608216 0.000000 0.000000 0.000000 0.679107 0.734039
90.510604858 3.401502 2.623953 0.000000 0.000000 0.000000 0.678973 0.734164
90.568803549 3.402205 2.636727 0.000000 0.000000 0.000000 0.678993 0.734145
90.669097900 3.404840 2.656362 0.000000 0.000000 0.000000 0.678952 0.734183
90.734403133 3.406727 2.669461 0.000000 0.000000 0.000000 0.678979 0.734158
90.817264557 3.408595 2.685175 0.000000 0.000000 0.000000 0.679210 0.733944
90.874949217 3.409770 2.694944 0.000000 0.000000 0.000000 0.679245 0.733912
90.977848291 3.411533 2.714244 0.000000 0.000000 0.000000 0.679226 0.733929
91.038990498 3.412303 2.726035 0.000000 0.000000 0.000000 0.679002 0.734136
91.132968187 3.415039 2.745087 0.000000 0.000000 0.000000 0.678568 0.734537
91.184181929 3.415374 2.757885 0.000000 0.000000 0.000000 0.678584 0.734523
91.277483940 3.417643 2.773969 0.000000 0.000000 0.000000 0.678537 0.734566
91.333750963 3.419222 2.783577 0.000000 0.000000 0.000000 0.678706 0.734410
91.435931683 3.420207 2.803115 0.000000 0.000000 0.000000 0.678480 0.734619
91.490885019 3.422166 2.815659 0.000000 0.000000 0.000000 0.678167 0.734908
91.596405983 3.424082 2.835456 0.000000 0.000000 0.000000 0.677918 0.735137
91.657889366 3.425149 2.847505 0.000000 0.000000 0.000000 0.677956 0.735102
91.744920015 3.426434 2.863146 0.000000 0.000000 0.000000 0.677931 0.735126
91.803375244 3.427998 2.873749 0.000000 0.000000 0.000000 0.677909 0.735146
91.889576912 3.429757 2.890657 0.000000 0.000000 0.000000 0.678001 0.735061
91.950321198 3.431304 2.903455 0.000000 0.000000 0.000000 0.677917 0.735138
92.040585995 3.432248 2.919686 0.000000 0.000000 0.000000 0.677737 0.735304
92.095539570 3.434145 2.929875 0.000000 0.000000 0.000000 0.678188 0.734888
92.180634975 3.434344 2.944075 0.000000 0.000000 0.000000 0.678399 0.734693
92.233907700 3.434885 2.953805 0.000000 0.000000 0.000000 0.678487 0.734612
92.324627161 3.436686 2.970751 0.000000 0.000000 0.000000 0.678458 0.734639
92.377721786 3.436342 2.981399 0.000000 0.000000 0.000000 0.678199 0.734878
92.477380037 3.438305 3.000281 0.000000 0.000000 0.000000 0.678249 0.734832
92.527386665 3.440061 3.009899 0.000000 0.000000 0.000000 0.678170 0.734905
92.615924358 3.443832 3.027426 0.000000 0.000000 0.000000 0.678285 0.734799
92.672314167 3.445374 3.037908 0.000000 0.000000 0.000000 0.678316 0.734770
92.773890257 3.447176 3.056005 0.000000 0.000000 0.000000 0.678353 0.734736
92.833395958 3.448505 3.069027 0.000000 0.000000 0.000000 0.677966 0.735093
92.924817085 3.450510 3.085754 0.000000 0.000000 0.000000 0.677788 0.735258
92.988978386 3.452953 3.099752 0.000000 0.000000 0.000000 0.677616 0.735416
93.100240469 3.454894 3.119908 0.000000 0.000000 0.000000 0.677824 0.735224
93.152472734 3.455572 3.129234 0.000000 0.000000 0.000000 0.677876 0.735177
93.248969555 3.456957 3.148706 0.000000 0.000000 0.000000 0.678086 0.734982
93.302347898 3.458084 3.160113 0.000000 0.000000 0.000000 0.677647 0.735387
93.402684212 3.459924 3.179461 0.000000 0.000000 0.000000 0.677473 0.735548
93.454676867 3.460827 3.190444 0.000000 0.000000 0.000000 0.677619 0.735413
93.552758694 3.460488 3.210550 0.000000 0.000000 0.000000 0.677596 0.735434
93.613630056 3.461359 3.221537 0.000000 0.000000 0.000000 0.677771 0.735274
93.707502604 3.463003 3.238945 0.000000 0.000000 0.000000 0.677411 0.735605
93.764230251 3.464117 3.250881 0.000000 0.000000 0.000000 0.677339 0.735671
93.873910427 3.465690 3.271643 0.000000 0.000000 0.000000 0.677089 0.735901
93.914932251 3.467848 3.280514 0.000000 0.000000 0.000000 0.677420 0.735597
94.005584240 3.469819 3.296765 0.000000 0.000000 0.000000 0.677231 0.735770
94.060539484 3.470598 3.307182 0.000000 0.000000 0.000000 0.677322 0.735687
94.156020403 3.472574 3.325183 0.000000 0.000000 0.000000 0.677379 0.735634
94.210253716 3.474024 3.336976 0.000000 0.000000 0.000000 0.677564 0.735464
94.306135893 3.474764 3.355542 0.000000 0.000000 0.000000 0.677427 0.735590
94.372974396 3.475365 3.368683 0.000000 0.000000 0.000000 0.677525 0.735500
94.471097946 3.476914 3.386483 0.000000 0.000000 0.000000 0.677565 0.735463
94.529613972 3.478501 3.397316 0.000000 0.000000 0.000000 0.677417 0.735600
94.627149820 3.478713 3.416286 0.000000 0.000000 0.000000 0.677382 0.735631
94.671769142 3.479661 3.425875 0.000000 0.000000 0.000000 0.677168 0.735829
94.763330460 3.481403 3.443230 0.000000 0.000000 0.000000 0.677310 0.735698
94.822440624 3.484085 3.455578 0.000000 0.000000 0.000000 0.676936 0.736042
94.912670851 3.486730 3.472424 0.000000 0.000000 0.000000 0.677192 0.735806
94.978972197 3.488043 3.485088 0.000000 0.000000 0.000000 0.677033 0.735953
95.068254471 3.490934 3.503275 0.000000 0.000000 0.000000 0.676893 0.736081
95.123470068 3.493270 3.514235 0.000000 0.000000 0.000000 0.676814 0.736154
95.210581541 3.494665 3.530203 0.000000 0.000000 0.000000 0.677031 0.735955
95.261231899 3.494561 3.540825 0.000000 0.000000 0.000000 0.677139 0.735855
95.358219862 3.495898 3.558751 0.000000 0.000000 0.000000 0.677306 0.735702
95.405269146 3.496357 3.568859 0.000000 0.000000 0.000000 0.677255 0.735748
95.495450497 3.495802 3.572243 0.000000 0.000000 0.000000 0.677080 0.735909
95.556711435 3.495460 3.573556 0.000000 0.000000 0.000000 0.676678 0.736279
95.654532194 3.494841 3.575067 0.000000 0.000000 0.000000 0.676635 0.736318
95.718507051 3.495114 3.576306 0.000000 0.000000 0.000000 0.676742 0.736220
95.809733868 3.494331 3.576259 0.000000 0.000000 0.000000 0.676910 0.736066
95.869915009 3.495061 3.575139 0.000000 0.000000 0.000000 0.677066 0.735923
95.968504429 3.494884 3.573757 0.000000 0.000000 0.000000 0.677273 0.735732
96.013655424 3.494626 3.575511 0.000000 0.000000 0.000000 0.677419 0.735597
96.105460644 3.496346 3.575795 0.000000 0.000000 0.000000 0.677359 0.735653
96.151817083 3.497091 3.575764 0.000000 0.000000 0.000000 0.677233 0.735769
96.249305487 3.497722 3.576232 0.000000 0.000000 0.000000 0.677183 0.735815
96.313171148 3.497522 3.576120 0.000000 0.000000 0.000000 0.677255 0.735749
96.411842108 3.496423 3.577538 0.000000 0.000000 0.000000 0.677272 0.735733
96.483254194 3.495685 3.577680 0.000000 0.000000 0.000000 0.677275 0.735730
96.576039553 3.496255 3.579194 0.000000 0.000000 0.000000 0.677335 0.735675
96.634468794 3.495562 3.579016 0.000000 0.000000 0.000000 0.677303 0.735705
96.723625898 3.495152 3.579573 0.000000 0.000000 0.000000 0.677086 0.735904
96.781600475 3.496040 3.579583 0.000000 0.000000 0.000000 0.676925 0.736052
96.866395235 3.496334 3.579760 0.000000 0.000000 0.000000 0.677040 0.735946
96.921135187 3.497065 3.580091 0.000000 0.000000 0.000000 0.677055 0.735933
97.019036293 3.497603 3.580433 0.000000 0.000000 0.000000 0.677219 0.735782
97.060910940 3.499202 3.581133 0.000000 0.000000 0.000000 0.677164 0.735832
97.153807163 3.498969 3.584098 0.000000 0.000000 0.000000 0.677245 0.735758
97.211027622 3.499739 3.583865 0.000000 0.000000 0.000000 0.677264 0.735740
97.305245876 3.500378 3.585107 0.000000 0.000000 0.000000 0.677216 0.735785
97.364989996 3.500545 3.586203 0.000000 0.000000 0.000000 0.677364 0.735648
97.465471268 3.501003 3.585951 0.000000 0.000000 0.000000 0.677394 0.735620
97.531141281 3.501229 3.585802 0.000000 0.000000 0.000000 0.677510 0.735513
97.607466698 3.501062 3.584747 0.000000 0.000000 0.000000 0.677478 0.735543
97.670571327 3.500739 3.586086 0.000000 0.000000 0.000000 0.677390 0.735624
97.761371374 3.500547 3.586080 0.000000 0.000000 0.000000 0.677391 0.735623
97.826786518 3.501256 3.586170 0.000000 0.000000 0.000000 0.677295 0.735711
97.904732704 3.501726 3.587668 0.000000 0.000000 0.000000 0.677169 0.735827
97.972033739 3.502374 3.586944 0.000000 0.000000 0.000000 0.677045 0.735942
98.065672398 3.502474 3.587209 0.000000 0.000000 0.000000 0.677055 0.735933
98.120881319 3.501644 3.583588 0.000000 0.000000 0.000000 0.676946 0.736033
98.209275961 3.501274 3.584299 0.000000 0.000000 0.000000 0.676972 0.736009
98.266049623 3.502284 3.583967 0.000000 0.000000 0.000000 0.676865 0.736107
98.353181839 3.500901 3.583401 0.000000 0.000000 0.000000 0.676829 0.736140
98.403073549 3.500698 3.582923 0.000000 0.000000 0.000000 0.676684 0.736274
98.490382910 3.500932 3.582023 0.000000 0.000000 0.000000 0.676658 0.736297
98.542252064 3.499376 3.582247 0.000000 0.000000 0.000000 0.677016 0.735969
98.624454260 3.497774 3.584251 0.000000 0.000000 0.000000 0.676809 0.736159
98.685510397 3.497014 3.583374 0.000000 0.000000 0.000000 0.676769 0.736195
98.779605627 3.496989 3.582689 0.000000 0.000000 0.000000 0.676975 0.736006
98.838194609 3.495853 3.581088 0.000000 0.000000 0.000000 0.677030 0.735956
98.929908276 3.495774 3.581030 0.000000 0.000000 0.000000 0.677115 0.735877
98.986426353 3.494283 3.581133 0.000000 0.000000 0.000000 0.677142 0.735852
99.090990067 3.494452 3.580431 0.000000 0.000000 0.000000 0.677143 0.735851
99.137984037 3.493880 3.581116 0.000000 0.000000 0.000000 0.677343 0.735667
99.222180128 3.492942 3.581288 0.000000 0.000000 0.000000 0.677306 0.735701
99.274515629 3.492174 3.581206 0.000000 0.000000 0.000000 0.677255 0.735749
99.372492313 3.491119 3.580879 0.000000 0.000000 0.000000 0.677402 0.735613
99.430688858 3.490777 3.580422 0.000000 0.000000 0.000000 0.677604 0.735427
99.544572830 3.492487 3.581241 0.000000 0.000000 0.000000 0.677516 0.735508
99.586899042 3.492369 3.581459 0.000000 0.000000 0.000000 0.677624 0.735409
99.684531927 3.492114 3.582915 0.000000 0.000000 0.000000 0.677707 0.735332
99.732462883 3.492011 3.583405 0.000000 0.000000 0.000000 0.677476 0.735545
99.817482233 3.492425 3.583474 0.000000 0.000000 0.000000 0.677607 0.735424
99.865893364 3.491900 3.583321 0.000000 0.000000 0.000000 0.677782 0.735263
99.974117994 3.491642 3.581713 0.000000 0.000000 0.000000 0.677668 0.735368
100.008396149 3.491647 3.581469 0.000000 0.000000 0.000000 0.677695 0.735343
100.099959850 3.490761 3.581693 0.000000 0.000000 0.000000 0.677589 0.735441
100.157341719 3.490409 3.581836 0.000000 0.000000 0.000000 0.677813 0.735234
100.251402378 3.490539 3.582475 0.000000 0.000000 0.000000 0.677970 0.735089
100.296842813 3.491699 3.582465 0.000000 0.000000 0.000000 0.677844 0.735205
100.386153460 3.494650 3.581601 0.000000 0.000000 0.000000 0.678031 0.735033
100.438560963 3.494644 3.581971 0.000000 0.000000 0.000000 0.678104 0.734966
100.523025513 3.494302 3.581411 0.000000 0.000000 0.000000 0.678176 0.734900
100.578892708 3.493702 3.583420 0.000000 0.000000 0.000000 0.678293 0.734791
100.666844606 3.494190 3.583974 0.000000 0.000000 0.000000 0.678452 0.734645
100.717916250 3.495300 3.584383 0.000000 0.000000 0.000000 0.678161 0.734913
100.814438343 3.498362 3.584038 0.000000 0.000000 0.000000 0.678374 0.734717
100.859156370 3.499327 3.583980 0.000000 0.000000 0.000000 0.678195 0.734882
100.952885628 3.499934 3.584551 0.000000 0.000000 0.000000 0.678260 0.734822
101.000487804 3.498457 3.584572 0.000000 0.000000 0.000000 0.678318 0.734768
101.085479736 3.497575 3.584137 0.000000 0.000000 0.000000 0.678232 0.734848
101.136031866 3.496218 3.583824 0.000000 0.000000 0.000000 0.678252 0.734829
101.229514122 3.496575 3.582492 0.000000 0.000000 0.000000 0.678027 0.735037
101.274351120 3.495663 3.581458 0.000000 0.000000 0.000000 0.678345 0.734743
101.373620749 3.495176 3.581012 0.000000 0.000000 0.000000 0.678480 0.734619
101.426921129 3.495841 3.579566 0.000000 0.000000 0.000000 0.678620 0.734490
101.521782160 3.495103 3.579870 0.000000 0.000000 0.000000 0.678793 0.734329
101.570658922 3.493542 3.580922 0.000000 0.000000 0.000000 0.679108 0.734038
101.657437325 3.492625 3.581838 0.000000 0.000000 0.000000 0.679209 0.733945
101.713495970 3.493402 3.583987 0.000000 0.000000 0.000000 0.679170 0.733981
101.799236774 3.491903 3.584309 0.000000 0.000000 0.000000 0.679253 0.733904
101.849389791 3.491906 3.584456 0.000000 0.000000 0.000000 0.679264 0.733894
101.945839167 3.490672 3.584965 0.000000 0.000000 0.000000 0.679156 0.733994
101.999189854 3.490624 3.585460 0.000000 0.000000 0.000000 0.679327 0.733836
102.086042404 3.489396 3.586194 0.000000 0.000000 0.000000 0.679271 0.733887
102.136522293 3.488623 3.586928 0.000000 0.000000 0.000000 0.679230 0.733925
102.221495152 3.489273 3.588532 0.000000 0.000000 0.000000 0.679335 0.733828
102.276251078 3.489222 3.589099 0.000000 0.000000 0.000000 0.679339 0.733824
102.367645025 3.489614 3.590782 0.000000 0.000000 0.000000 0.679307 0.733854
102.423708200 3.489230 3.590631 0.000000 0.000000 0.000000 0.679284 0.733875
102.525077105 3.487554 3.591260 0.000000 0.000000 0.000000 0.679208 0.733946
102.574762106 3.487296 3.592585 0.000000 0.000000 0.000000 0.679175 0.733977
102.674291134 3.487018 3.590733 0.000000 0.000000 0.000000 0.678869 0.734259
