56.000000000 0.001396 1.000603 0.000000 0.000000 0.000000 -0.005091 0.999987
56.092626333 0.009160 0.999086 0.000000 0.000000 0.000000 -0.004985 0.999988
56.136488199 0.009771 0.997769 0.000000 0.000000 0.000000 -0.004286 0.999991
56.234569073 0.009945 0.997184 0.000000 0.000000 0.000000 -0.003815 0.999993
56.291095257 0.010113 0.995815 0.000000 0.000000 0.000000 -0.003638 0.999993
56.384810448 0.008044 0.994438 0.000000 0.000000 0.000000 -0.003749 0.999993
56.432573795 0.006537 0.993218 0.000000 0.000000 0.000000 -0.003754 0.999993
56.517774343 0.004514 0.993064 0.000000 0.000000 0.000000 -0.003296 0.999995
56.566277504 0.003208 0.993197 0.000000 0.000000 0.000000 -0.003198 0.999995
56.658776283 0.001839 0.994286 0.000000 0.000000 0.000000 -0.002988 0.999996
56.719421625 0.001313 0.995370 0.000000 0.000000 0.000000 -0.003051 0.999995
56.806190968 0.000814 0.996260 0.000000 0.000000 0.000000 -0.003184 0.999995
56.859033823 0.000332 0.995834 0.000000 0.000000 0.000000 -0.003394 0.999994
56.956225157 0.001232 0.996077 0.000000 0.000000 0.000000 -0.003319 0.999994
56.992516994 0.001974 0.997162 0.000000 0.000000 0.000000 -0.003308 0.999995
57.085117579 0.002606 0.996298 0.000000 0.000000 0.000000 -0.003276 0.999995
57.135342836 0.002889 0.996005 0.000000 0.000000 0.000000 -0.003121 0.999995
57.226917267 0.004005 0.997417 0.000000 0.000000 0.000000 -0.002837 0.999996
57.280653477 0.004746 0.998065 0.000000 0.000000 0.000000 -0.002632 0.999997
57.376023293 0.005225 0.998761 0.000000 0.000000 0.000000 -0.002497 0.999997
57.421943903 0.004303 0.998185 0.000000 0.000000 0.000000 -0.002421 0.999997
57.506844759 0.003120 0.998825 0.000000 0.000000 0.000000 -0.002455 0.999997
57.561612844 0.002397 0.997683 0.000000 0.000000 0.000000 -0.002376 0.999997
57.661116600 0.002220 0.998111 0.000000 0.000000 0.000000 -0.002390 0.999997
57.713097334 0.002440 0.997953 0.000000 0.000000 0.000000 -0.002268 0.999997
57.818692207 0.002475 0.997421 0.000000 0.000000 0.000000 -0.002200 0.999998
57.857132435 0.002355 0.995415 0.000000 0.000000 0.000000 -0.002294 0.999997
57.942367077 0.003431 0.994780 0.000000 0.000000 0.000000 -0.002310 0.999997
57.993121147 0.004004 0.994638 0.000000 0.000000 0.000000 -0.002387 0.999997
58.084053516 0.005092 0.994649 0.000000 0.000000 0.000000 -0.002278 0.999997
58.134043932 0.005230 0.994441 0.000000 0.000000 0.000000 -0.002153 0.999998
58.226578236 0.005082 0.995621 0.000000 0.000000 0.000000 -0.002036 0.999998
58.278188705 0.004211 0.994369 0.000000 0.000000 0.000000 -0.002025 0.999998
58.375108480 0.004312 0.994116 0.000000 0.000000 0.000000 -0.002035 0.999998
58.432198524 0.004110 0.993705 0.000000 0.000000 0.000000 -0.001753 0.999998
58.513686180 0.003391 0.993761 0.000000 0.000000 0.000000 -0.001625 0.999999
58.577755451 0.001986 0.992785 0.000000 0.000000 0.000000 -0.001664 0.999999
58.663658381 0.000687 0.990954 0.000000 0.000000 0.000000 -0.001959 0.999998
58.721382856 0.000471 0.991664 0.000000 0.000000 0.000000 -0.002088 0.999998
58.811643362 0.000550 0.991819 0.000000 0.000000 0.000000 -0.001918 0.999998
58.859117508 0.001291 0.992237 0.000000 0.000000 0.000000 -0.001718 0.999999
58.954252720 0.001576 0.992332 0.000000 0.000000 0.000000 -0.001674 0.999999
59.016629219 0.001400 0.992407 0.000000 0.000000 0.000000 -0.001340 0.999999
59.106379747 0.000898 0.992582 0.000000 0.000000 0.000000 -0.001149 0.999999
59.158839226 0.000571 0.992888 0.000000 0.000000 0.000000 -0.000883 1.000000
59.239713192 0.000509 0.992340 0.000000 0.000000 0.000000 -0.000669 1.000000
59.295119047 0.000842 0.992117 0.000000 0.000000 0.000000 -0.001031 0.999999
59.400145054 0.000697 0.991838 0.000000 0.000000 0.000000 -0.001726 0.999999
59.447155952 0.000604 0.992456 0.000000 0.000000 0.000000 -0.001719 0.999999
59.543852329 0.000434 0.993162 0.000000 0.000000 0.000000 -0.001895 0.999998
59.590034962 0.000998 0.992378 0.000000 0.000000 0.000000 -0.001597 0.999999
59.665421247 -0.000020 0.991866 0.000000 0.000000 0.000000 -0.001471 0.999999
59.720851421 -0.000752 0.989728 0.000000 0.000000 0.000000 -0.001740 0.999998
59.805132151 -0.000649 0.987658 0.000000 0.000000 0.000000 -0.001773 0.999998
59.860359430 -0.001378 0.987010 0.000000 0.000000 0.000000 -0.001773 0.999998
59.957119226 -0.002059 0.987256 0.000000 0.000000 0.000000 -0.001602 0.999999
60.005816936 -0.001209 0.988815 0.000000 0.000000 0.000000 -0.001177 0.999999
60.089397669 -0.000344 0.990699 0.000000 0.000000 0.000000 -0.001185 0.999999
60.138172865 -0.000740 0.991125 0.000000 0.000000 0.000000 -0.000897 1.000000
60.220950127 -0.000986 0.990796 0.000000 0.000000 0.000000 -0.000892 1.000000
60.272440672 -0.001367 0.991391 0.000000 0.000000 0.000000 -0.000893 1.000000
60.365985632 -0.002330 0.991747 0.000000 0.000000 0.000000 -0.000702 1.000000
60.419920921 -0.002235 0.994096 0.000000 0.000000 0.000000 -0.000876 1.000000
60.517887354 -0.002570 0.993706 0.000000 0.000000 0.000000 -0.000948 1.000000
60.576246977 -0.001854 0.993955 0.000000 0.000000 0.000000 -0.001132 0.999999
60.661265135 -0.001842 0.994992 0.000000 0.000000 0.000000 -0.001339 0.999999
60.720116138 -0.002126 0.996550 0.000000 0.000000 0.000000 -0.001291 0.999999
60.806773424 -0.003299 0.998244 0.000000 0.000000 0.000000 -0.001587 0.999999
60.856551170 -0.003140 0.998273 0.000000 0.000000 0.000000 -0.001284 0.999999
60.954911470 -0.003372 0.997871 0.000000 0.000000 0.000000 -0.001520 0.999999
61.012297630 -0.003151 0.996628 0.000000 0.000000 0.000000 -0.001469 0.999999
61.109639168 -0.001843 0.995930 0.000000 0.000000 0.000000 -0.001416 0.999999
61.157109976 -0.001034 0.993663 0.000000 0.000000 0.000000 -0.001391 0.999999
61.239634752 -0.000382 0.992756 0.000000 0.000000 0.000000 -0.001266 0.999999
61.291578770 0.000782 0.992824 0.000000 0.000000 0.000000 -0.001263 0.999999
61.377224922 0.001058 0.992595 0.000000 0.000000 0.000000 -0.001434 0.999999
61.424571276 0.000449 0.991972 0.000000 0.000000 0.000000 -0.001607 0.999999
61.517945051 -0.000497 0.992662 0.000000 0.000000 0.000000 -0.001642 0.999999
61.571182013 0.000177 0.992691 0.000000 0.000000 0.000000 -0.001982 0.999998
61.674693108 -0.001050 0.993596 0.000000 0.000000 0.000000 -0.002082 0.999998
61.731230259 -0.001965 0.994348 0.000000 0.000000 0.000000 -0.001890 0.999998
61.823836803 -0.002137 0.993424 0.000000 0.000000 0.000000 -0.001837 0.999998
61.867137194 -0.002746 0.994103 0.000000 0.000000 0.000000 -0.001678 0.999999
61.957184315 -0.002973 0.993914 0.000000 0.000000 0.000000 -0.001297 0.999999
62.007257462 -0.003457 0.994346 0.000000 0.000000 0.000000 -0.001328 0.999999
62.096065044 -0.003458 0.993963 0.000000 0.000000 0.000000 -0.001317 0.999999
62.149833441 -0.003718 0.994411 0.000000 0.000000 0.000000 -0.001411 0.999999
62.231528997 0.011095 0.994606 0.000000 0.000000 0.000000 -0.001201 0.999999
62.288254261 0.020096 0.994581 0.000000 0.000000 0.000000 -0.000990 1.000000
62.372793436 0.034044 0.995516 0.000000 0.000000 0.000000 -0.000806 1.000000
62.437046528 0.044566 0.995615 0.000000 0.000000 0.000000 -0.000520 1.000000
62.518205643 0.057076 0.994984 0.000000 0.000000 0.000000 -0.000415 1.000000
62.573649645 0.066635 0.994501 0.000000 0.000000 0.000000 -0.000379 1.000000
62.658019066 0.081080 0.995382 0.000000 0.000000 0.000000 -0.000151 1.000000
62.708748341 0.089005 0.995155 0.000000 0.000000 0.000000 -0.000166 1.000000
62.802901506 0.104594 0.994294 0.000000 0.000000 0.000000 -0.000121 1.000000
62.862125397 0.116024 0.993462 0.000000 0.000000 0.000000 0.000040 1.000000
62.944721937 0.130121 0.993121 0.000000 0.000000 0.000000 0.000194 1.000000
63.001682520 0.140235 0.992732 0.000000 0.000000 0.000000 -0.000095 1.000000
63.096352816 0.156503 0.993504 0.000000 0.000000 0.000000 0.000083 1.000000
63.140980959 0.163514 0.993256 0.000000 0.000000 0.000000 0.000169 1.000000
63.224403381 0.177452 0.995182 0.000000 0.000000 0.000000 0.000269 1.000000
63.278097630 0.187420 0.995843 0.000000 0.000000 0.000000 0.000390 1.000000
63.378735542 0.207060 0.995499 0.000000 0.000000 0.000000 0.000790 1.000000
63.429337263 0.216870 0.995513 0.000000 0.000000 0.000000 0.000784 1.000000
63.507558107 0.230748 0.996032 0.000000 0.000000 0.000000 0.000799 1.000000
63.561244726 0.239849 0.997885 0.000000 0.000000 0.000000 0.000686 1.000000
63.651183605 0.254791 0.998275 0.000000 0.000000 0.000000 0.000766 1.000000
63.722069025 0.267945 0.999858 0.000000 0.000000 0.000000 0.000821 1.000000
63.818211794 0.283666 1.000843 0.000000 0.000000 0.000000 0.000919 1.000000
63.867984533 0.291829 1.001254 0.000000 0.000000 0.000000 0.000914 1.000000
63.954170942 0.306175 1.002822 0.000000 0.000000 0.000000 0.001069 0.999999
64.007827759 0.316076 1.003898 0.000000 0.000000 0.000000 0.001165 0.999999
64.098969221 0.331055 1.003194 0.000000 0.000000 0.000000 0.001069 0.999999
64.150251389 0.340451 1.004919 0.000000 0.000000 0.000000 0.000898 1.000000
64.240028858 0.356019 1.005462 0.000000 0.000000 0.000000 0.000982 1.000000
64.291742325 0.363499 1.005873 0.000000 0.000000 0.000000 0.001001 0.999999
64.384911537 0.379357 1.005972 0.000000 0.000000 0.000000 0.001295 0.999999
64.438662767 0.389409 1.005606 0.000000 0.000000 0.000000 0.001289 0.999999
64.529100657 0.404178 1.006417 0.000000 0.000000 0.000000 0.001671 0.999999
64.581606388 0.413050 1.007324 0.000000 0.000000 0.000000 0.001629 0.999999
64.666499376 0.427360 1.007409 0.000000 0.000000 0.000000 0.001449 0.999999
64.719514608 0.435960 1.007158 0.000000 0.000000 0.000000 0.001406 0.999999
64.801486015 0.448126 1.008222 0.000000 0.000000 0.000000 0.001641 0.999999
64.853920698 0.457678 1.007904 0.000000 0.000000 0.000000 0.001814 0.999998
64.943417788 0.472991 1.007682 0.000000 0.000000 0.000000 0.002093 0.999998
64.995023489 0.482565 1.007987 0.000000 0.000000 0.000000 0.001967 0.999998
65.076430798 0.497033 1.006131 0.000000 0.000000 0.000000 0.002519 0.999997
65.137303352 0.508094 1.006179 0.000000 0.000000 0.000000 0.002508 0.999997
65.235720634 0.524875 1.006653 0.000000 0.000000 0.000000 0.002957 0.999996
65.286878586 0.533429 1.005333 0.000000 0.000000 0.000000 0.003174 0.999995
65.388996363 0.549866 1.005408 0.000000 0.000000 0.000000 0.003350 0.999994
65.443364143 0.559142 1.006709 0.000000 0.000000 0.000000 0.003378 0.999994
65.533442974 0.574757 1.007897 0.000000 0.000000 0.000000 0.003389 0.999994
65.583643198 0.582485 1.008420 0.000000 0.000000 0.000000 0.003241 0.999995
65.666572094 0.597120 1.008396 0.000000 0.000000 0.000000 0.003414 0.999994
65.718314648 0.605475 1.007062 0.000000 0.000000 0.000000 0.003309 0.999995
65.813969851 0.623049 1.007528 0.000000 0.000000 0.000000 0.003713 0.999993
65.860479355 0.630471 1.007759 0.000000 0.000000 0.000000 0.003780 0.999993
65.949100494 0.646217 1.007146 0.000000 0.000000 0.000000 0.004088 0.999992
66.006313324 0.656136 1.006879 0.000000 0.000000 0.000000 0.004211 0.999991
66.091695070 0.672993 1.005960 0.000000 0.000000 0.000000 0.004604 0.999989
66.150105000 0.683297 1.004827 0.000000 0.000000 0.000000 0.004988 0.999988
66.245607138 0.700005 1.005957 0.000000 0.000000 0.000000 0.005042 0.999987
66.289936066 0.708415 1.005940 0.000000 0.000000 0.000000 0.005105 0.999987
66.374847174 0.721879 1.006453 0.000000 0.000000 0.000000 0.005229 0.999986
66.427448988 0.729824 1.007333 0.000000 0.000000 0.000000 0.005482 0.999985
66.515174389 0.744985 1.008670 0.000000 0.000000 0.000000 0.005828 0.999983
66.565155268 0.753267 1.009248 0.000000 0.000000 0.000000 0.006191 0.999981
66.668905973 0.770195 1.009361 0.000000 0.000000 0.000000 0.006095 0.999981
66.720251560 0.778559 1.009487 0.000000 0.000000 0.000000 0.006117 0.999981
66.818524122 0.795655 1.009358 0.000000 0.000000 0.000000 0.006128 0.999981
66.862034321 0.802736 1.009978 0.000000 0.000000 0.000000 0.006322 0.999980
66.948162079 0.818989 1.009596 0.000000 0.000000 0.000000 0.006494 0.999979
66.998103142 0.828182 1.009367 0.000000 0.000000 0.000000 0.006566 0.999978
67.100195885 0.847400 1.009271 0.000000 0.000000 0.000000 0.006801 0.999977
67.157076359 0.858286 1.009609 0.000000 0.000000 0.000000 0.006814 0.999977
67.269846916 0.876229 1.009370 0.000000 0.000000 0.000000 0.006863 0.999976
67.325706720 0.890012 1.010522 0.000000 0.000000 0.000000 0.007256 0.999974
67.417520761 0.908033 1.010087 0.000000 0.000000 0.000000 0.007362 0.999973
67.475314379 0.918468 1.009697 0.000000 0.000000 0.000000 0.007354 0.999973
67.587245464 0.939042 1.009678 0.000000 0.000000 0.000000 0.007310 0.999973
67.657504320 0.953930 1.012069 0.000000 0.000000 0.000000 0.007307 0.999973
67.744100571 0.969859 1.013483 0.000000 0.000000 0.000000 0.007285 0.999973
67.809964418 0.982193 1.013779 0.000000 0.000000 0.000000 0.007554 0.999971
67.907867193 1.000323 1.014833 0.000000 0.000000 0.000000 0.007971 0.999968
67.955658197 1.010659 1.014641 0.000000 0.000000 0.000000 0.008289 0.999966
68.043772697 1.026610 1.015132 0.000000 0.000000 0.000000 0.008171 0.999967
68.092056751 1.035860 1.015485 0.000000 0.000000 0.000000 0.008674 0.999962
68.198954105 1.056963 1.016235 0.000000 0.000000 0.000000 0.009247 0.999957
68.239401817 1.064986 1.017628 0.000000 0.000000 0.000000 0.009509 0.999955
68.334116697 1.082054 1.018350 0.000000 0.000000 0.000000 0.009736 0.999953
68.393169165 1.093057 1.017540 0.000000 0.000000 0.000000 0.009824 0.999952
68.488315105 1.108670 1.018616 0.000000 0.000000 0.000000 0.010398 0.999946
68.548655272 1.121172 1.019857 0.000000 0.000000 0.000000 0.010698 0.999943
68.628951550 1.136244 1.021055 0.000000 0.000000 0.000000 0.010691 0.999943
68.688163757 1.147065 1.021138 0.000000 0.000000 0.000000 0.010918 0.999940
68.771270037 1.160858 1.018584 0.000000 0.000000 0.000000 0.011243 0.999937
68.824939728 1.171049 1.017661 0.000000 0.000000 0.000000 0.011402 0.999935
68.927378178 1.189963 1.018127 0.000000 0.000000 0.000000 0.011533 0.999933
68.988554239 1.202371 1.017598 0.000000 0.000000 0.000000 0.011726 0.999931
69.091393948 1.222117 1.016767 0.000000 0.000000 0.000000 0.011862 0.999930
69.142657280 1.232298 1.015503 0.000000 0.000000 0.000000 0.012252 0.999925
69.226943970 1.247017 1.014566 0.000000 0.000000 0.000000 0.012609 0.999921
69.291504383 1.258587 1.013512 0.000000 0.000000 0.000000 0.012928 0.999916
69.395749092 1.277312 1.013885 0.000000 0.000000 0.000000 0.013193 0.999913
69.444655418 1.288168 1.014354 0.000000 0.000000 0.000000 0.013427 0.999910
69.543005466 1.307246 1.015273 0.000000 0.000000 0.000000 0.013766 0.999905
69.595045090 1.316941 1.016665 0.000000 0.000000 0.000000 0.014002 0.999902
69.695927858 1.335721 1.017944 0.000000 0.000000 0.000000 0.014205 0.999899
69.753221989 1.346361 1.018058 0.000000 0.000000 0.000000 0.014257 0.999898
69.852281094 1.364987 1.018546 0.000000 0.000000 0.000000 0.014515 0.999895
69.909631014 1.378064 1.019354 0.000000 0.000000 0.000000 0.014805 0.999890
70.003495455 1.395413 1.021652 0.000000 0.000000 0.000000 0.015094 0.999886
70.055417776 1.405839 1.023220 0.000000 0.000000 0.000000 0.015046 0.999887
70.137858391 1.421760 1.024960 0.000000 0.000000 0.000000 0.015238 0.999884
70.199167728 1.432943 1.024941 0.000000 0.000000 0.000000 0.015196 0.999885
70.302878618 1.451654 1.024786 0.000000 0.000000 0.000000 0.015102 0.999886
70.369396687 1.464326 1.025481 0.000000 0.000000 0.000000 0.015026 0.999887
70.461210728 1.482457 1.025888 0.000000 0.000000 0.000000 0.015155 0.999885
70.509778738 1.492513 1.026300 0.000000 0.000000 0.000000 0.015172 0.999885
70.599387646 1.509495 1.025459 0.000000 0.000000 0.000000 0.015534 0.999879
70.656033039 1.519962 1.025822 0.000000 0.000000 0.000000 0.015737 0.999876
70.768153429 1.539733 1.027913 0.000000 0.000000 0.000000 0.016019 0.999872
70.815999985 1.548182 1.028270 0.000000 0.000000 0.000000 0.016119 0.999870
70.900581121 1.564141 1.030082 0.000000 0.000000 0.000000 0.016233 0.999868
70.955633402 1.574446 1.031447 0.000000 0.000000 0.000000 0.016296 0.999867
71.042252779 1.588798 1.032231 0.000000 0.000000 0.000000 0.016542 0.999863
71.103641987 1.600526 1.031845 0.000000 0.000000 0.000000 0.016373 0.999866
71.186776161 1.617479 1.032831 0.000000 0.000000 0.000000 0.016605 0.999862
71.250498533 1.629434 1.033501 0.000000 0.000000 0.000000 0.016465 0.999864
71.341936827 1.636625 1.033751 0.000000 0.000000 0.000000 0.023387 0.999726
71.393325806 1.641716 1.033504 0.000000 0.000000 0.000000 0.026845 0.999640
71.487019539 1.645307 1.032007 0.000000 0.000000 0.000000 0.033477 0.999439
71.537977695 1.646537 1.032052 0.000000 0.000000 0.000000 0.036396 0.999337
71.626116753 1.648422 1.029492 0.000000 0.000000 0.000000 0.042887 0.999080
71.682151079 1.650705 1.029337 0.000000 0.000000 0.000000 0.047089 0.998891
71.763496399 1.654600 1.028499 0.000000 0.000000 0.000000 0.053156 0.998586
71.820455313 1.655259 1.029931 0.000000 0.000000 0.000000 0.057107 0.998368
71.918866396 1.659943 1.030652 0.000000 0.000000 0.000000 0.065060 0.997881
71.975845575 1.660115 1.030267 0.000000 0.000000 0.000000 0.069043 0.997614
72.068582535 1.661610 1.028828 0.000000 0.000000 0.000000 0.075629 0.997136
72.122643709 1.662117 1.028121 0.000000 0.000000 0.000000 0.079248 0.996855
72.217851877 1.675872 1.029666 0.000000 0.000000 0.000000 0.079416 0.996842
72.265589714 1.682267 1.030558 0.000000 0.000000 0.000000 0.079250 0.996855
72.354194641 1.698940 1.031772 0.000000 0.000000 0.000000 0.079318 0.996849
72.403216600 1.706732 1.031233 0.000000 0.000000 0.000000 0.079466 0.996838
72.504085302 1.725779 1.033163 0.000000 0.000000 0.000000 0.079860 0.996806
72.559812546 1.737845 1.035964 0.000000 0.000000 0.000000 0.080027 0.996793
72.641114473 1.755237 1.039131 0.000000 0.000000 0.000000 0.080218 0.996777
72.695553064 1.766769 1.041421 0.000000 0.000000 0.000000 0.080176 0.996781
72.784453154 1.784141 1.045706 0.000000 0.000000 0.000000 0.080137 0.996784
72.839464188 1.788970 1.046195 0.000000 0.000000 0.000000 0.083815 0.996481
72.931765556 1.792970 1.046974 0.000000 0.000000 0.000000 0.089736 0.995966
72.986810684 1.796341 1.047477 0.000000 0.000000 0.000000 0.093602 0.995610
73.071648121 1.800232 1.047419 0.000000 0.000000 0.000000 0.099424 0.995045
73.129702330 1.802589 1.046387 0.000000 0.000000 0.000000 0.103574 0.994622
73.227200508 1.806948 1.045632 0.000000 0.000000 0.000000 0.110682 0.993856
73.271549940 1.808016 1.044693 0.000000 0.000000 0.000000 0.113891 0.993493
73.365193605 1.822821 1.047320 0.000000 0.000000 0.000000 0.114134 0.993465
73.410813332 1.831422 1.048432 0.000000 0.000000 0.000000 0.114274 0.993449
73.495560646 1.846493 1.052615 0.000000 0.000000 0.000000 0.114530 0.993420
73.549853325 1.857652 1.056425 0.000000 0.000000 0.000000 0.114517 0.993421
73.635336399 1.874116 1.060398 0.000000 0.000000 0.000000 0.114388 0.993436
73.700213671 1.885919 1.062106 0.000000 0.000000 0.000000 0.114585 0.993413
73.794411182 1.901837 1.067165 0.000000 0.000000 0.000000 0.114711 0.993399
73.851395130 1.912261 1.070450 0.000000 0.000000 0.000000 0.114966 0.993369
73.934927464 1.928737 1.075412 0.000000 0.000000 0.000000 0.115330 0.993327
73.994324923 1.933841 1.077142 0.000000 0.000000 0.000000 0.119846 0.992793
74.076428652 1.939528 1.078807 0.000000 0.000000 0.000000 0.125793 0.992057
74.138641834 1.941022 1.079080 0.000000 0.000000 0.000000 0.130003 0.991514
74.232690811 1.942934 1.080137 0.000000 0.000000 0.000000 0.137541 0.990496
74.284757137 1.944105 1.079002 0.000000 0.000000 0.000000 0.141310 0.989965
74.368963718 1.948164 1.077651 0.000000 0.000000 0.000000 0.147370 0.989081
74.424954653 1.949628 1.077338 0.000000 0.000000 0.000000 0.151247 0.988496
74.512892008 1.951969 1.077060 0.000000 0.000000 0.000000 0.157515 0.987517
74.568120718 1.958121 1.079712 0.000000 0.000000 0.000000 0.157620 0.987500
74.659038782 1.970750 1.084305 0.000000 0.000000 0.000000 0.157669 0.987492
74.720528126 1.980589 1.087496 0.000000 0.000000 0.000000 0.157581 0.987506
74.807915449 1.996316 1.092760 0.000000 0.000000 0.000000 0.157815 0.987469
74.867791891 2.004875 1.095476 0.000000 0.000000 0.000000 0.157525 0.987515
74.956265450 2.019137 1.101868 0.000000 0.000000 0.000000 0.157868 0.987460
75.006022692 2.028784 1.106364 0.000000 0.000000 0.000000 0.157909 0.987454
75.093890429 2.044722 1.113063 0.000000 0.000000 0.000000 0.158109 0.987422
75.151803017 2.053430 1.116019 0.000000 0.000000 0.000000 0.157854 0.987462
75.237923384 2.070056 1.121338 0.000000 0.000000 0.000000 0.157879 0.987458
75.289012432 2.082147 1.124252 0.000000 0.000000 0.000000 0.157881 0.987458
75.377345324 2.098507 1.129116 0.000000 0.000000 0.000000 0.158061 0.987429
75.433693886 2.110356 1.132519 0.000000 0.000000 0.000000 0.158187 0.987409
75.537194490 2.131066 1.137601 0.000000 0.000000 0.000000 0.158295 0.987392
75.586070776 2.140280 1.140232 0.000000 0.000000 0.000000 0.158536 0.987353
75.689361572 2.157426 1.146360 0.000000 0.000000 0.000000 0.158977 0.987282
75.744805098 2.168295 1.150203 0.000000 0.000000 0.000000 0.158886 0.987297
75.826009274 2.181512 1.153336 0.000000 0.000000 0.000000 0.159284 0.987233
75.899021864 2.188554 1.153512 0.000000 0.000000 0.000000 0.164318 0.986407
75.992537260 2.194444 1.153635 0.000000 0.000000 0.000000 0.171038 0.985264
76.056124210 2.196462 1.153315 0.000000 0.000000 0.000000 0.175554 0.984470
76.141805172 2.200818 1.151529 0.000000 0.000000 0.000000 0.181260 0.983435
76.196712971 2.201984 1.150394 0.000000 0.000000 0.000000 0.185473 0.982649
76.279946327 2.204926 1.151199 0.000000 0.000000 0.000000 0.191391 0.981514
76.336917877 2.207262 1.151607 0.000000 0.000000 0.000000 0.195409 0.980722
76.431858301 2.212293 1.150942 0.000000 0.000000 0.000000 0.202399 0.979303
76.487337351 2.220612 1.152780 0.000000 0.000000 0.000000 0.202440 0.979295
76.576975346 2.233179 1.159253 0.000000 0.000000 0.000000 0.202448 0.979293
76.635664701 2.242806 1.164180 0.000000 0.000000 0.000000 0.202318 0.979320
76.736702204 2.258948 1.172041 0.000000 0.000000 0.000000 0.202398 0.979303
76.784813404 2.268540 1.175466 0.000000 0.000000 0.000000 0.202543 0.979273
76.872728825 2.283542 1.182762 0.000000 0.000000 0.000000 0.202838 0.979212
76.940669060 2.294748 1.186757 0.000000 0.000000 0.000000 0.202948 0.979189
77.039191484 2.311198 1.194365 0.000000 0.000000 0.000000 0.203127 0.979152
77.091496944 2.322972 1.199474 0.000000 0.000000 0.000000 0.203020 0.979174
77.178045034 2.329553 1.202679 0.000000 0.000000 0.000000 0.208871 0.977943
77.233334064 2.333940 1.205275 0.000000 0.000000 0.000000 0.212561 0.977148
77.321522951 2.338878 1.207460 0.000000 0.000000 0.000000 0.218385 0.975863
77.385615587 2.342063 1.205447 0.000000 0.000000 0.000000 0.222819 0.974860
77.482558012 2.354799 1.211150 0.000000 0.000000 0.000000 0.222683 0.974891
77.535058022 2.365161 1.216081 0.000000 0.000000 0.000000 0.222836 0.974856
77.635596514 2.381536 1.223835 0.000000 0.000000 0.000000 0.222800 0.974864
77.687636852 2.389268 1.227801 0.000000 0.000000 0.000000 0.223001 0.974818
77.783472538 2.404228 1.235934 0.000000 0.000000 0.000000 0.223126 0.974790
77.833787918 2.412136 1.239686 0.000000 0.000000 0.000000 0.223472 0.974710
77.940711260 2.429568 1.248063 0.000000 0.000000 0.000000 0.223426 0.974721
77.985099792 2.437159 1.253351 0.000000 0.000000 0.000000 0.223667 0.974666
78.074628830 2.452101 1.260678 0.000000 0.000000 0.000000 0.224061 0.974575
78.126539230 2.460288 1.265702 0.000000 0.000000 0.000000 0.224180 0.974548
78.225707769 2.467650 1.266325 0.000000 0.000000 0.000000 0.231246 0.972895
78.287621975 2.468295 1.267004 0.000000 0.000000 0.000000 0.235339 0.971913
78.371752024 2.480805 1.271676 0.000000 0.000000 0.000000 0.235557 0.971861
78.425225496 2.487473 1.273776 0.000000 0.000000 0.000000 0.235760 0.971811
78.525620699 2.501962 1.281920 0.000000 0.000000 0.000000 0.235758 0.971812
78.588539600 2.511081 1.286735 0.000000 0.000000 0.000000 0.235723 0.971820
78.670593977 2.524361 1.294396 0.000000 0.000000 0.000000 0.235997 0.971754
78.735427380 2.534487 1.299317 0.000000 0.000000 0.000000 0.235845 0.971791
78.827690363 2.550610 1.307303 0.000000 0.000000 0.000000 0.235880 0.971782
78.889282465 2.562760 1.312505 0.000000 0.000000 0.000000 0.236012 0.971750
78.986895561 2.580103 1.320663 0.000000 0.000000 0.000000 0.236209 0.971702
79.038242817 2.588977 1.325726 0.000000 0.000000 0.000000 0.235988 0.971756
79.133278370 2.594910 1.328182 0.000000 0.000000 0.000000 0.242511 0.970149
79.188038111 2.599112 1.327142 0.000000 0.000000 0.000000 0.245220 0.969467
79.274859905 2.601687 1.326720 0.000000 0.000000 0.000000 0.251243 0.967924
79.325020790 2.607543 1.330466 0.000000 0.000000 0.000000 0.251318 0.967905
79.419587612 2.621590 1.337874 0.000000 0.000000 0.000000 0.251450 0.967870
79.476016521 2.631818 1.341916 0.000000 0.000000 0.000000 0.251438 0.967873
79.572896481 2.644496 1.349091 0.000000 0.000000 0.000000 0.251031 0.967979
79.625355482 2.652911 1.354338 0.000000 0.000000 0.000000 0.250851 0.968026
79.715934038 2.665891 1.363026 0.000000 0.000000 0.000000 0.251168 0.967943
79.766192913 2.673615 1.369446 0.000000 0.000000 0.000000 0.250852 0.968025
79.851100206 2.686773 1.382104 0.000000 0.000000 0.000000 0.251209 0.967933
79.911969662 2.695862 1.387849 0.000000 0.000000 0.000000 0.251142 0.967950
80.005322218 2.711079 1.394982 0.000000 0.000000 0.000000 0.251133 0.967953
80.049822092 2.719120 1.397802 0.000000 0.000000 0.000000 0.251168 0.967944
80.144307137 2.732336 1.405335 0.000000 0.000000 0.000000 0.251081 0.967966
80.194717646 2.741877 1.409978 0.000000 0.000000 0.000000 0.250901 0.968013
80.283586025 2.748413 1.412319 0.000000 0.000000 0.000000 0.256816 0.966460
80.339012861 2.751704 1.413251 0.000000 0.000000 0.000000 0.260322 0.965522
80.432806969 2.754726 1.414644 0.000000 0.000000 0.000000 0.266897 0.963725
80.481657505 2.755957 1.413292 0.000000 0.000000 0.000000 0.269984 0.962865
80.570667744 2.758014 1.410497 0.000000 0.000000 0.000000 0.275704 0.961243
80.629180193 2.760245 1.409251 0.000000 0.000000 0.000000 0.279422 0.960168
80.725515127 2.764339 1.409443 0.000000 0.000000 0.000000 0.286293 0.958142
80.785824299 2.767066 1.406908 0.000000 0.000000 0.000000 0.290160 0.956978
80.885531425 2.770186 1.406538 0.000000 0.000000 0.000000 0.297272 0.954793
80.931448936 2.770304 1.405460 0.000000 0.000000 0.000000 0.299947 0.953956
81.023196459 2.782140 1.411158 0.000000 0.000000 0.000000 0.300043 0.953926
81.074112654 2.788348 1.413237 0.000000 0.000000 0.000000 0.300023 0.953932
81.169610262 2.801284 1.422225 0.000000 0.000000 0.000000 0.299869 0.953980
81.221564293 2.809814 1.427293 0.000000 0.000000 0.000000 0.299759 0.954015
81.317089081 2.824741 1.436940 0.000000 0.000000 0.000000 0.299842 0.953989
81.373459816 2.833579 1.441219 0.000000 0.000000 0.000000 0.299934 0.953960
81.468533754 2.848036 1.450019 0.000000 0.000000 0.000000 0.299908 0.953968
81.523016691 2.858020 1.457584 0.000000 0.000000 0.000000 0.299602 0.954064
81.598726511 2.870956 1.467504 0.000000 0.000000 0.000000 0.299704 0.954032
81.657386780 2.874211 1.470024 0.000000 0.000000 0.000000 0.303418 0.952858
81.743980408 2.878983 1.471817 0.000000 0.000000 0.000000 0.308634 0.951181
81.802433014 2.881289 1.471016 0.000000 0.000000 0.000000 0.312406 0.949949
81.892469883 2.884058 1.470817 0.000000 0.000000 0.000000 0.318510 0.947919
81.951400280 2.885833 1.469976 0.000000 0.000000 0.000000 0.322529 0.946560
82.051398516 2.890734 1.472886 0.000000 0.000000 0.000000 0.329477 0.944164
82.098116398 2.892579 1.474166 0.000000 0.000000 0.000000 0.332523 0.943095
82.188131332 2.902765 1.481749 0.000000 0.000000 0.000000 0.332136 0.943232
82.248149872 2.909785 1.486488 0.000000 0.000000 0.000000 0.332038 0.943266
82.336132288 2.920981 1.496061 0.000000 0.000000 0.000000 0.331769 0.943360
82.396090031 2.928463 1.502979 0.000000 0.000000 0.000000 0.331985 0.943285
82.493404388 2.942640 1.515123 0.000000 0.000000 0.000000 0.332225 0.943200
82.545469284 2.951355 1.521476 0.000000 0.000000 0.000000 0.332308 0.943171
82.645762682 2.965279 1.533368 0.000000 0.000000 0.000000 0.332455 0.943119
82.703368902 2.973883 1.537940 0.000000 0.000000 0.000000 0.332483 0.943109
82.786747932 2.985556 1.546381 0.000000 0.000000 0.000000 0.332559 0.943082
82.854153395 2.996520 1.554614 0.000000 0.000000 0.000000 0.332869 0.942973
82.943068027 3.010207 1.565600 0.000000 0.000000 0.000000 0.332948 0.942945
83.009804964 3.021293 1.573680 0.000000 0.000000 0.000000 0.332983 0.942933
83.085191727 3.032236 1.581612 0.000000 0.000000 0.000000 0.332987 0.942931
83.153803349 3.042267 1.589944 0.000000 0.000000 0.000000 0.333247 0.942840
83.241653681 3.054015 1.598630 0.000000 0.000000 0.000000 0.333034 0.942915
83.297069788 3.055826 1.600321 0.000000 0.000000 0.000000 0.336400 0.941719
83.389735460 3.059986 1.600306 0.000000 0.000000 0.000000 0.342664 0.939458
83.453119040 3.062038 1.599034 0.000000 0.000000 0.000000 0.346956 0.937882
83.537900448 3.065380 1.597610 0.000000 0.000000 0.000000 0.352414 0.935844
83.597048283 3.067341 1.597390 0.000000 0.000000 0.000000 0.356123 0.934439
83.717325926 3.072502 1.597160 0.000000 0.000000 0.000000 0.364599 0.931165
83.749479055 3.072371 1.594320 0.000000 0.000000 0.000000 0.366342 0.930480
83.838826418 3.075737 1.594375 0.000000 0.000000 0.000000 0.371703 0.928352
83.901724577 3.077737 1.594993 0.000000 0.000000 0.000000 0.375798 0.926702
83.992516994 3.078765 1.596361 0.000000 0.000000 0.000000 0.381440 0.924394
84.051721573 3.078826 1.596304 0.000000 0.000000 0.000000 0.385315 0.922785
84.156426907 3.082472 1.595778 0.000000 0.000000 0.000000 0.392576 0.919720
84.200500965 3.082844 1.591670 0.000000 0.000000 0.000000 0.395067 0.918652
84.283172131 3.091960 1.598113 0.000000 0.000000 0.000000 0.394842 0.918749
84.341853619 3.100566 1.606021 0.000000 0.000000 0.000000 0.394932 0.918710
84.440338135 3.113710 1.619479 0.000000 0.000000 0.000000 0.395112 0.918633
84.490278244 3.120918 1.625979 0.000000 0.000000 0.000000 0.395110 0.918634
84.590413809 3.132905 1.636138 0.000000 0.000000 0.000000 0.395286 0.918558
84.637861252 3.136259 1.637959 0.000000 0.000000 0.000000 0.398487 0.917174
84.731191397 3.139986 1.641490 0.000000 0.000000 0.000000 0.404734 0.914435
84.795961142 3.143679 1.641893 0.000000 0.000000 0.000000 0.408352 0.912825
84.885035038 3.145966 1.641889 0.000000 0.000000 0.000000 0.414092 0.910235
84.942189693 3.148730 1.645299 0.000000 0.000000 0.000000 0.413855 0.910343
85.035698891 3.156970 1.655447 0.000000 0.000000 0.000000 0.413735 0.910397
85.087255955 3.162328 1.662875 0.000000 0.000000 0.000000 0.413840 0.910349
85.177431345 3.172989 1.675477 0.000000 0.000000 0.000000 0.413828 0.910355
85.234461546 3.180553 1.683714 0.000000 0.000000 0.000000 0.413885 0.910329
85.317269802 3.189751 1.696208 0.000000 0.000000 0.000000 0.414051 0.910254
85.371974707 3.198500 1.703762 0.000000 0.000000 0.000000 0.414203 0.910184
85.478625298 3.201498 1.708668 0.000000 0.000000 0.000000 0.420992 0.907064
85.528799295 3.204125 1.707533 0.000000 0.000000 0.000000 0.424079 0.905625
85.623463392 3.208250 1.710122 0.000000 0.000000 0.000000 0.430470 0.902605
85.673765659 3.209861 1.710619 0.000000 0.000000 0.000000 0.432885 0.901449
85.763669968 3.219125 1.718912 0.000000 0.000000 0.000000 0.432818 0.901481
85.820935726 3.224770 1.722362 0.000000 0.000000 0.000000 0.432795 0.901492
85.910727024 3.234282 1.732748 0.000000 0.000000 0.000000 0.432814 0.901483
85.964876890 3.239304 1.739147 0.000000 0.000000 0.000000 0.432722 0.901527
86.051109076 3.249453 1.750948 0.000000 0.000000 0.000000 0.432654 0.901560
86.103527308 3.255176 1.760004 0.000000 0.000000 0.000000 0.432734 0.901522
86.201452255 3.266676 1.774460 0.000000 0.000000 0.000000 0.432662 0.901556
86.242657185 3.272712 1.781128 0.000000 0.000000 0.000000 0.432695 0.901540
86.334985495 3.283395 1.793582 0.000000 0.000000 0.000000 0.432832 0.901475
86.382092714 3.286710 1.794858 0.000000 0.000000 0.000000 0.435854 0.900018
86.472083092 3.290802 1.797651 0.000000 0.000000 0.000000 0.441782 0.897122
86.523828268 3.291841 1.799037 0.000000 0.000000 0.000000 0.444442 0.895807
86.615870237 3.293255 1.801112 0.000000 0.000000 0.000000 0.450353 0.892850
86.670076370 3.293178 1.800958 0.000000 0.000000 0.000000 0.453522 0.891245
86.774803400 3.302052 1.812049 0.000000 0.000000 0.000000 0.453319 0.891349
86.820199966 3.307350 1.818138 0.000000 0.000000 0.000000 0.453537 0.891238
86.919469357 3.317670 1.833153 0.000000 0.000000 0.000000 0.453350 0.891333
86.967871189 3.322394 1.841771 0.000000 0.000000 0.000000 0.453171 0.891423
87.056761026 3.332612 1.855371 0.000000 0.000000 0.000000 0.453296 0.891360
87.109259605 3.338921 1.863434 0.000000 0.000000 0.000000 0.453320 0.891348
87.192007065 3.348704 1.874367 0.000000 0.000000 0.000000 0.453516 0.891248
87.253980637 3.354592 1.883060 0.000000 0.000000 0.000000 0.453391 0.891312
87.349741697 3.358431 1.886586 0.000000 0.000000 0.000000 0.459386 0.888237
87.405018091 3.360882 1.886133 0.000000 0.000000 0.000000 0.462564 0.886586
87.485984564 3.365083 1.887483 0.000000 0.000000 0.000000 0.467274 0.884113
87.543567896 3.366114 1.886671 0.000000 0.000000 0.000000 0.470917 0.882178
87.634330273 3.368949 1.885926 0.000000 0.000000 0.000000 0.476390 0.879234
87.686902761 3.370714 1.885062 0.000000 0.000000 0.000000 0.479876 0.877336
87.787247896 3.371846 1.887986 0.000000 0.000000 0.000000 0.485771 0.874086
87.837472916 3.376195 1.891943 0.000000 0.000000 0.000000 0.485663 0.874146
87.916748285 3.382517 1.902532 0.000000 0.000000 0.000000 0.485533 0.874218
87.986268759 3.388944 1.911565 0.000000 0.000000 0.000000 0.485337 0.874327
88.086726427 3.398252 1.926551 0.000000 0.000000 0.000000 0.485402 0.874291
88.150101423 3.403892 1.935143 0.000000 0.000000 0.000000 0.485367 0.874311
88.240933418 3.406070 1.942392 0.000000 0.000000 0.000000 0.490816 0.871263
88.297403812 3.409534 1.945411 0.000000 0.000000 0.000000 0.494071 0.869422
88.386169910 3.411202 1.948401 0.000000 0.000000 0.000000 0.499601 0.866256
88.450335503 3.413254 1.948753 0.000000 0.000000 0.000000 0.503410 0.864047
88.535275698 3.414392 1.949931 0.000000 0.000000 0.000000 0.508453 0.861090
88.605426788 3.414557 1.950030 0.000000 0.000000 0.000000 0.512596 0.858630
88.683759212 3.415939 1.950264 0.000000 0.000000 0.000000 0.517430 0.855725
88.750116110 3.421223 1.955959 0.000000 0.000000 0.000000 0.517096 0.855927
88.851769447 3.429252 1.971739 0.000000 0.000000 0.000000 0.517078 0.855938
88.916266441 3.435068 1.982120 0.000000 0.000000 0.000000 0.516960 0.856009
89.002526760 3.441796 1.995517 0.000000 0.000000 0.000000 0.517266 0.855825
89.057895184 3.446833 2.004461 0.000000 0.000000 0.000000 0.517057 0.855951
89.140100241 3.453383 2.018313 0.000000 0.000000 0.000000 0.516994 0.855989
89.195465088 3.456164 2.021566 0.000000 0.000000 0.000000 0.520060 0.854130
89.289087772 3.458330 2.024141 0.000000 0.000000 0.000000 0.525706 0.850666
89.344048738 3.458338 2.025156 0.000000 0.000000 0.000000 0.528883 0.848695
89.440391302 3.459050 2.025949 0.000000 0.000000 0.000000 0.534681 0.845054
89.492968559 3.460132 2.022733 0.000000 0.000000 0.000000 0.537847 0.843042
89.607647657 3.468100 2.037300 0.000000 0.000000 0.000000 0.537846 0.843043
89.672281504 3.471672 2.044198 0.000000 0.000000 0.000000 0.537882 0.843020
89.768073082 3.478696 2.059890 0.000000 0.000000 0.000000 0.537890 0.843015
89.829360723 3.483331 2.070469 0.000000 0.000000 0.000000 0.537715 0.843127
89.918611765 3.488901 2.083207 0.000000 0.000000 0.000000 0.537777 0.843087
89.983339548 3.492379 2.093226 0.000000 0.000000 0.000000 0.537752 0.843103
90.075467348 3.497970 2.107766 0.000000 0.000000 0.000000 0.537790 0.843079
90.136802912 3.503438 2.119154 0.000000 0.000000 0.000000 0.537908 0.843003
90.217718840 3.511633 2.132723 0.000000 0.000000 0.000000 0.538129 0.842863
90.282570362 3.516828 2.143729 0.000000 0.000000 0.000000 0.538092 0.842886
90.377734184 3.524736 2.159225 0.000000 0.000000 0.000000 0.538110 0.842875
90.428593874 3.529106 2.166936 0.000000 0.000000 0.000000 0.538069 0.842901
90.510604858 3.536520 2.180306 0.000000 0.000000 0.000000 0.538290 0.842759
90.568803549 3.542528 2.191565 0.000000 0.000000 0.000000 0.538006 0.842941
90.669097900 3.551256 2.209585 0.000000 0.000000 0.000000 0.537824 0.843057
90.734403133 3.556607 2.219830 0.000000 0.000000 0.000000 0.537864 0.843032
90.817264557 3.563970 2.233162 0.000000 0.000000 0.000000 0.538037 0.842921
90.874949217 3.567951 2.243862 0.000000 0.000000 0.000000 0.537949 0.842977
90.977848291 3.576058 2.260356 0.000000 0.000000 0.000000 0.537512 0.843256
91.038990498 3.580518 2.271554 0.000000 0.000000 0.000000 0.537603 0.843198
91.132968187 3.587698 2.287420 0.000000 0.000000 0.000000 0.537578 0.843214
91.184181929 3.591790 2.294766 0.000000 0.000000 0.000000 0.537611 0.843193
91.277483940 3.599473 2.308707 0.000000 0.000000 0.000000 0.537735 0.843114
91.333750963 3.603155 2.317363 0.000000 0.000000 0.000000 0.537827 0.843055
91.435931683 3.612536 2.333850 0.000000 0.000000 0.000000 0.537828 0.843054
91.490885019 3.617788 2.344333 0.000000 0.000000 0.000000 0.538013 0.842937
91.596405983 3.626550 2.361105 0.000000 0.000000 0.000000 0.538009 0.842939
91.657889366 3.630587 2.372165 0.000000 0.000000 0.000000 0.538181 0.842830
91.744920015 3.637288 2.384462 0.000000 0.000000 0.000000 0.538611 0.842555
91.803375244 3.642164 2.393161 0.000000 0.000000 0.000000 0.538568 0.842582
91.889576912 3.648300 2.408068 0.000000 0.000000 0.000000 0.538649 0.842530
91.950321198 3.653191 2.418105 0.000000 0.000000 0.000000 0.538737 0.842474
92.040585995 3.660330 2.432873 0.000000 0.000000 0.000000 0.538821 0.842420
92.095539570 3.665791 2.442544 0.000000 0.000000 0.000000 0.538974 0.842323
92.180634975 3.672482 2.455743 0.000000 0.000000 0.000000 0.539148 0.842211
92.233907700 3.677839 2.463045 0.000000 0.000000 0.000000 0.539174 0.842194
92.324627161 3.686183 2.478243 0.000000 0.000000 0.000000 0.539157 0.842205
92.377721786 3.690914 2.487992 0.000000 0.000000 0.000000 0.538802 0.842433
92.477380037 3.698160 2.504683 0.000000 0.000000 0.000000 0.538706 0.842494
92.527386665 3.702395 2.513382 0.000000 0.000000 0.000000 0.538556 0.842590
92.615924358 3.708657 2.524884 0.000000 0.000000 0.000000 0.538482 0.842637
92.672314167 3.712469 2.530802 0.000000 0.000000 0.000000 0.538495 0.842629
92.773890257 3.720238 2.546837 0.000000 0.000000 0.000000 0.538743 0.842470
92.833395958 3.726346 2.558972 0.000000 0.000000 0.000000 0.538702 0.842496
92.924817085 3.733055 2.574699 0.000000 0.000000 0.000000 0.538948 0.842339
92.988978386 3.737871 2.586337 0.000000 0.000000 0.000000 0.539085 0.842251
93.100240469 3.745097 2.602153 0.000000 0.000000 0.000000 0.539683 0.841868
93.152472734 3.748808 2.611181 0.000000 0.000000 0.000000 0.539763 0.841817
93.248969555 3.755004 2.627201 0.000000 0.000000 0.000000 0.539734 0.841836
93.302347898 3.759172 2.637860 0.000000 0.000000 0.000000 0.539742 0.841831
93.402684212 3.765578 2.655970 0.000000 0.000000 0.000000 0.540122 0.841587
93.454676867 3.770712 2.665827 0.000000 0.000000 0.000000 0.540357 0.841436
93.552758694 3.777972 2.681647 0.000000 0.000000 0.000000 0.540441 0.841382
93.613630056 3.782035 2.691045 0.000000 0.000000 0.000000 0.540408 0.841403
93.707502604 3.788937 2.706687 0.000000 0.000000 0.000000 0.540224 0.841521
93.764230251 3.792337 2.716208 0.000000 0.000000 0.000000 0.540151 0.841568
93.873910427 3.800827 2.734240 0.000000 0.000000 0.000000 0.540451 0.841376
93.914932251 3.804769 2.742799 0.000000 0.000000 0.000000 0.540539 0.841319
94.005584240 3.811654 2.757657 0.000000 0.000000 0.000000 0.540593 0.841284
94.060539484 3.815264 2.766878 0.000000 0.000000 0.000000 0.540593 0.841284
94.156020403 3.821329 2.780641 0.000000 0.000000 0.000000 0.540808 0.841146
94.210253716 3.826836 2.790406 0.000000 0.000000 0.000000 0.540743 0.841188
94.306135893 3.835020 2.806211 0.000000 0.000000 0.000000 0.541056 0.840986
94.372974396 3.841936 2.815890 0.000000 0.000000 0.000000 0.541039 0.840997
94.471097946 3.849183 2.829228 0.000000 0.000000 0.000000 0.541053 0.840989
94.529613972 3.853310 2.839399 0.000000 0.000000 0.000000 0.540819 0.841139
94.627149820 3.862346 2.855721 0.000000 0.000000 0.000000 0.540733 0.841194
94.671769142 3.866637 2.863571 0.000000 0.000000 0.000000 0.540664 0.841239
94.763330460 3.873568 2.878840 0.000000 0.000000 0.000000 0.540698 0.841216
94.822440624 3.878124 2.887745 0.000000 0.000000 0.000000 0.540581 0.841292
94.912670851 3.884410 2.902213 0.000000 0.000000 0.000000 0.540847 0.841121
94.978972197 3.890790 2.913849 0.000000 0.000000 0.000000 0.540961 0.841048
95.068254471 3.898304 2.931335 0.000000 0.000000 0.000000 0.540683 0.841226
95.123470068 3.902689 2.942418 0.000000 0.000000 0.000000 0.540444 0.841380
95.210581541 3.908549 2.956208 0.000000 0.000000 0.000000 0.540537 0.841320
95.261231899 3.911517 2.965667 0.000000 0.000000 0.000000 0.540881 0.841099
95.358219862 3.918581 2.981113 0.000000 0.000000 0.000000 0.541149 0.840927
95.405269146 3.922645 2.988244 0.000000 0.000000 0.000000 0.541253 0.840860
95.495450497 3.924025 2.989752 0.000000 0.000000 0.000000 0.541384 0.840776
95.556711435 3.923813 2.990608 0.000000 0.000000 0.000000 0.541198 0.840895
95.654532194 3.923396 2.991658 0.000000 0.000000 0.000000 0.540958 0.841050
95.718507051 3.923046 2.993351 0.000000 0.000000 0.000000 0.540831 0.841131
95.809733868 3.923328 2.992044 0.000000 0.000000 0.000000 0.540728 0.841197
95.869915009 3.925206 2.990557 0.000000 0.000000 0.000000 0.540650 0.841248
95.968504429 3.926502 2.991312 0.000000 0.000000 0.000000 0.540874 0.841103
96.013655424 3.926880 2.992479 0.000000 0.000000 0.000000 0.540706 0.841212
96.105460644 3.927038 2.992006 0.000000 0.000000 0.000000 0.540705 0.841212
96.151817083 3.928249 2.991640 0.000000 0.000000 0.000000 0.540809 0.841145
96.249305487 3.927966 2.990962 0.000000 0.000000 0.000000 0.540749 0.841184
96.313171148 3.927058 2.989906 0.000000 0.000000 0.000000 0.540729 0.841197
96.411842108 3.927052 2.990795 0.000000 0.000000 0.000000 0.540391 0.841414
96.483254194 3.926961 2.991304 0.000000 0.000000 0.000000 0.540173 0.841554
96.576039553 3.927521 2.991566 0.000000 0.000000 0.000000 0.540218 0.841525
96.634468794 3.928461 2.991331 0.000000 0.000000 0.000000 0.540120 0.841588
96.723625898 3.929125 2.990532 0.000000 0.000000 0.000000 0.539918 0.841718
96.781600475 3.930414 2.990397 0.000000 0.000000 0.000000 0.540104 0.841598
96.866395235 3.933939 2.990970 0.000000 0.000000 0.000000 0.539896 0.841732
96.921135187 3.934194 2.988956 0.000000 0.000000 0.000000 0.539785 0.841803
97.019036293 3.934266 2.987489 0.000000 0.000000 0.000000 0.539719 0.841845
97.060910940 3.934347 2.986526 0.000000 0.000000 0.000000 0.539607 0.841917
97.153807163 3.934598 2.986715 0.000000 0.000000 0.000000 0.539548 0.841955
97.211027622 3.934483 2.989379 0.000000 0.000000 0.000000 0.539404 0.842047
97.305245876 3.934338 2.990502 0.000000 0.000000 0.000000 0.539386 0.842059
97.364989996 3.933983 2.991278 0.000000 0.000000 0.000000 0.539577 0.841936
97.465471268 3.933337 2.992096 0.000000 0.000000 0.000000 0.539641 0.841895
97.531141281 3.932419 2.992933 0.000000 0.000000 0.000000 0.539775 0.841809
97.607466698 3.931018 2.992346 0.000000 0.000000 0.000000 0.539486 0.841994
97.670571327 3.931331 2.992497 0.000000 0.000000 0.000000 0.539524 0.841970
97.761371374 3.931124 2.992664 0.000000 0.000000 0.000000 0.539843 0.841766
97.826786518 3.933256 2.992665 0.000000 0.000000 0.000000 0.539797 0.841795
97.904732704 3.934654 2.992117 0.000000 0.000000 0.000000 0.539602 0.841920
97.972033739 3.934610 2.989663 0.000000 0.000000 0.000000 0.539273 0.842131
98.065672398 3.936340 2.990394 0.000000 0.000000 0.000000 0.539402 0.842049
98.120881319 3.936826 2.990428 0.000000 0.000000 0.000000 0.539214 0.842169
98.209275961 3.936968 2.991234 0.000000 0.000000 0.000000 0.539339 0.842089
98.266049623 3.937120 2.992713 0.000000 0.000000 0.000000 0.539346 0.842084
98.353181839 3.937051 2.993084 0.000000 0.000000 0.000000 0.539377 0.842064
98.403073549 3.935934 2.994364 0.000000 0.000000 0.000000 0.539454 0.842015
98.490382910 3.935258 2.994680 0.000000 0.000000 0.000000 0.539432 0.842029
98.542252064 3.933853 2.993662 0.000000 0.000000 0.000000 0.539539 0.841960
98.624454260 3.932088 2.993754 0.000000 0.000000 0.000000 0.539694 0.841862
98.685510397 3.930652 2.995944 0.000000 0.000000 0.000000 0.539912 0.841721
98.779605627 3.929326 2.996874 0.000000 0.000000 0.000000 0.539908 0.841724
98.838194609 3.928987 2.997586 0.000000 0.000000 0.000000 0.539939 0.841704
98.929908276 3.927597 2.998149 0.000000 0.000000 0.000000 0.539834 0.841771
98.986426353 3.926684 2.996526 0.000000 0.000000 0.000000 0.539914 0.841720
99.090990067 3.927509 2.997104 0.000000 0.000000 0.000000 0.540466 0.841366
99.137984037 3.927073 2.997107 0.000000 0.000000 0.000000 0.540568 0.841300
99.222180128 3.925370 2.997038 0.000000 0.000000 0.000000 0.540727 0.841198
99.274515629 3.925186 2.996534 0.000000 0.000000 0.000000 0.540634 0.841258
99.372492313 3.924273 2.996886 0.000000 0.000000 0.000000 0.540796 0.841154
99.430688858 3.923209 2.995432 0.000000 0.000000 0.000000 0.540666 0.841238
99.544572830 3.922758 2.994773 0.000000 0.000000 0.000000 0.540607 0.841276
99.586899042 3.921213 2.994327 0.000000 0.000000 0.000000 0.540592 0.841285
99.684531927 3.921412 2.992897 0.000000 0.000000 0.000000 0.540370 0.841427
99.732462883 3.921476 2.992703 0.000000 0.000000 0.000000 0.540474 0.841361
99.817482233 3.920248 2.991895 0.000000 0.000000 0.000000 0.540276 0.841488
99.865893364 3.922139 2.992010 0.000000 0.000000 0.000000 0.540236 0.841514
99.974117994 3.921640 2.992484 0.000000 0.000000 0.000000 0.540270 0.841492
100.008396149 3.921839 2.993228 0.000000 0.000000 0.000000 0.539977 0.841680
100.099959850 3.922310 2.993812 0.000000 0.000000 0.000000 0.539931 0.841709
100.157341719 3.921404 2.996314 0.000000 0.000000 0.000000 0.540002 0.841664
100.251402378 3.921938 2.996172 0.000000 0.000000 0.000000 0.539934 0.841707
100.296842813 3.921736 2.996305 0.000000 0.000000 0.000000 0.540126 0.841584
100.386153460 3.921929 2.995768 0.000000 0.000000 0.000000 0.540150 0.841569
100.438560963 3.922349 2.994953 0.000000 0.000000 0.000000 0.539932 0.841708
100.523025513 3.921554 2.995105 0.000000 0.000000 0.000000 0.539611 0.841915
100.578892708 3.922263 2.993618 0.000000 0.000000 0.000000 0.539531 0.841966
100.666844606 3.921796 2.993971 0.000000 0.000000 0.000000 0.539298 0.842115
100.717916250 3.922802 2.993690 0.000000 0.000000 0.000000 0.538972 0.842324
100.814438343 3.922729 2.992919 0.000000 0.000000 0.000000 0.539095 0.842245
100.859156370 3.924591 2.993081 0.000000 0.000000 0.000000 0.538636 0.842538
100.952885628 3.924397 2.993157 0.000000 0.000000 0.000000 0.538510 0.842619
101.000487804 3.923328 2.992534 0.000000 0.000000 0.000000 0.538551 0.842593
101.085479736 3.921241 2.991004 0.000000 0.000000 0.000000 0.538424 0.842674
101.136031866 3.921263 2.989841 0.000000 0.000000 0.000000 0.538130 0.842862
101.229514122 3.921449 2.989942 0.000000 0.000000 0.000000 0.538321 0.842740
101.274351120 3.922156 2.988560 0.000000 0.000000 0.000000 0.538382 0.842701
101.373620749 3.922444 2.988255 0.000000 0.000000 0.000000 0.538323 0.842738
101.426921129 3.923026 2.988098 0.000000 0.000000 0.000000 0.538437 0.842666
101.521782160 3.921659 2.987238 0.000000 0.000000 0.000000 0.538462 0.842650
101.570658922 3.922716 2.985656 0.000000 0.000000 0.000000 0.538283 0.842764
101.657437325 3.922787 2.986672 0.000000 0.000000 0.000000 0.538284 0.842764
101.713495970 3.923258 2.988154 0.000000 0.000000 0.000000 0.538151 0.842848
101.799236774 3.923551 2.986948 0.000000 0.000000 0.000000 0.538215 0.842807
101.849389791 3.925118 2.987135 0.000000 0.000000 0.000000 0.538122 0.842867
101.945839167 3.924600 2.989465 0.000000 0.000000 0.000000 0.538344 0.842725
101.999189854 3.925535 2.990337 0.000000 0.000000 0.000000 0.538272 0.842771
102.086042404 3.924913 2.989522 0.000000 0.000000 0.000000 0.538136 0.842858
102.136522293 3.924578 2.988698 0.000000 0.000000 0.000000 0.537995 0.842948
102.221495152 3.924674 2.989066 0.000000 0.000000 0.000000 0.537911 0.843002
102.276251078 3.926212 2.990011 0.000000 0.000000 0.000000 0.538084 0.842891
102.367645025 3.926213 2.989226 0.000000 0.000000 0.000000 0.538036 0.842922
102.423708200 3.926240 2.988921 0.000000 0.000000 0.000000 0.537873 0.843026
102.525077105 3.926497 2.989401 0.000000 0.000000 0.000000 0.537881 0.843021
102.574762106 3.926576 2.988527 0.000000 0.000000 0.000000 0.537767 0.843093
102.674291134 3.926542 2.990158 0.000000 0.000000 0.000000 0.537921 0.842995
