56.000000000 -0.003647 1.001885 0.000000 0.000000 0.000000 -0.003144 0.999995
56.092626333 -0.000342 0.996755 0.000000 0.000000 0.000000 -0.002396 0.999997
56.136488199 -0.003359 0.994395 0.000000 0.000000 0.000000 -0.001904 0.999998
56.234569073 -0.004796 0.994444 0.000000 0.000000 0.000000 -0.001441 0.999999
56.291095257 -0.004610 0.995276 0.000000 0.000000 0.000000 -0.001454 0.999999
56.384810448 -0.004849 0.996447 0.000000 0.000000 0.000000 -0.001564 0.999999
56.432573795 -0.003818 0.995889 0.000000 0.000000 0.000000 -0.001416 0.999999
56.517774343 -0.002916 0.996631 0.000000 0.000000 0.000000 -0.001120 0.999999
56.566277504 -0.002772 0.997013 0.000000 0.000000 0.000000 -0.001165 0.999999
56.658776283 -0.003175 0.997437 0.000000 0.000000 0.000000 -0.001091 0.999999
56.719421625 -0.002945 0.997590 0.000000 0.000000 0.000000 -0.000996 1.000000
56.806190968 -0.003545 0.997374 0.000000 0.000000 0.000000 -0.001287 0.999999
56.859033823 -0.005235 0.995864 0.000000 0.000000 0.000000 -0.001677 0.999999
56.956225157 -0.004579 0.995041 0.000000 0.000000 0.000000 -0.001812 0.999998
56.992516994 -0.004229 0.994238 0.000000 0.000000 0.000000 -0.001839 0.999998
57.085117579 -0.003816 0.993923 0.000000 0.000000 0.000000 -0.001858 0.999998
57.135342836 -0.003648 0.994140 0.000000 0.000000 0.000000 -0.001780 0.999998
57.226917267 -0.002102 0.994981 0.000000 0.000000 0.000000 -0.001502 0.999999
57.280653477 -0.002776 0.995341 0.000000 0.000000 0.000000 -0.001517 0.999999
57.376023293 -0.003178 0.996044 0.000000 0.000000 0.000000 -0.001599 0.999999
57.421943903 -0.002740 0.995743 0.000000 0.000000 0.000000 -0.001606 0.999999
57.506844759 -0.002564 0.996721 0.000000 0.000000 0.000000 -0.001524 0.999999
57.561612844 -0.001690 0.996081 0.000000 0.000000 0.000000 -0.001456 0.999999
57.661116600 -0.002295 0.995937 0.000000 0.000000 0.000000 -0.001556 0.999999
57.713097334 -0.002202 0.995743 0.000000 0.000000 0.000000 -0.001685 0.999999
57.818692207 -0.001689 0.996471 0.000000 0.000000 0.000000 -0.001755 0.999998
57.857132435 -0.001521 0.997061 0.000000 0.000000 0.000000 -0.001786 0.999998
57.942367077 -0.001066 0.996902 0.000000 0.000000 0.000000 -0.001791 0.999998
57.993121147 0.000091 0.997153 0.000000 0.000000 0.000000 -0.001745 0.999998
58.084053516 0.000800 0.997630 0.000000 0.000000 0.000000 -0.001617 0.999999
58.134043932 0.001127 0.998193 0.000000 0.000000 0.000000 -0.001454 0.999999
58.226578236 -0.000164 0.998449 0.000000 0.000000 0.000000 -0.001617 0.999999
58.278188705 -0.000688 0.999190 0.000000 0.000000 0.000000 -0.001570 0.999999
58.375108480 -0.001600 0.999351 0.000000 0.000000 0.000000 -0.001679 0.999999
58.432198524 -0.001719 1.000088 0.000000 0.000000 0.000000 -0.001717 0.999999
58.513686180 -0.001895 1.000256 0.000000 0.000000 0.000000 -0.001849 0.999998
58.577755451 -0.001457 1.000570 0.000000 0.000000 0.000000 -0.001917 0.999998
58.663658381 -0.001031 1.002678 0.000000 0.000000 0.000000 -0.002027 0.999998
58.721382856 -0.001858 1.001321 0.000000 0.000000 0.000000 -0.002133 0.999998
58.811643362 -0.002341 1.000954 0.000000 0.000000 0.000000 -0.002300 0.999997
58.859117508 -0.001400 1.000601 0.000000 0.000000 0.000000 -0.002252 0.999997
58.954252720 -0.002044 1.001145 0.000000 0.000000 0.000000 -0.002291 0.999997
59.016629219 -0.000906 0.999886 0.000000 0.000000 0.000000 -0.002165 0.999998
59.106379747 -0.001154 0.999387 0.000000 0.000000 0.000000 -0.002050 0.999998
59.158839226 -0.000690 0.998853 0.000000 0.000000 0.000000 -0.002049 0.999998
59.239713192 -0.000690 0.999004 0.000000 0.000000 0.000000 -0.002063 0.999998
59.295119047 -0.001269 0.999455 0.000000 0.000000 0.000000 -0.002223 0.999998
59.400145054 -0.001546 0.998992 0.000000 0.000000 0.000000 -0.002224 0.999998
59.447155952 -0.002131 0.999543 0.000000 0.000000 0.000000 -0.002251 0.999997
59.543852329 -0.002341 0.999921 0.000000 0.000000 0.000000 -0.002210 0.999998
59.590034962 -0.002571 1.000806 0.000000 0.000000 0.000000 -0.002148 0.999998
59.665421247 -0.003065 1.002070 0.000000 0.000000 0.000000 -0.002237 0.999997
59.720851421 -0.003944 1.002337 0.000000 0.000000 0.000000 -0.002332 0.999997
59.805132151 -0.004225 1.001680 0.000000 0.000000 0.000000 -0.002212 0.999998
59.860359430 -0.003633 1.001009 0.000000 0.000000 0.000000 -0.002218 0.999998
59.957119226 -0.003165 1.000773 0.000000 0.000000 0.000000 -0.002137 0.999998
60.005816936 -0.002383 1.000892 0.000000 0.000000 0.000000 -0.002362 0.999997
60.089397669 -0.003607 1.001812 0.000000 0.000000 0.000000 -0.002305 0.999997
60.138172865 -0.003846 1.001154 0.000000 0.000000 0.000000 -0.002237 0.999997
60.220950127 -0.004000 1.001259 0.000000 0.000000 0.000000 -0.002421 0.999997
60.272440672 -0.004029 1.000926 0.000000 0.000000 0.000000 -0.002385 0.999997
60.365985632 -0.004315 1.000420 0.000000 0.000000 0.000000 -0.002306 0.999997
60.419920921 -0.004112 0.998929 0.000000 0.000000 0.000000 -0.002271 0.999997
60.517887354 -0.004279 0.998827 0.000000 0.000000 0.000000 -0.002366 0.999997
60.576246977 -0.004133 0.999315 0.000000 0.000000 0.000000 -0.002386 0.999997
60.661265135 -0.004645 0.998592 0.000000 0.000000 0.000000 -0.002435 0.999997
60.720116138 -0.004910 0.998842 0.000000 0.000000 0.000000 -0.002604 0.999997
60.806773424 -0.006030 0.998459 0.000000 0.000000 0.000000 -0.002607 0.999997
60.856551170 -0.006746 0.997807 0.000000 0.000000 0.000000 -0.002624 0.999997
60.954911470 -0.007872 0.998674 0.000000 0.000000 0.000000 -0.002640 0.999997
61.012297630 -0.008086 1.000212 0.000000 0.000000 0.000000 -0.002749 0.999996
61.109639168 -0.008021 1.000838 0.000000 0.000000 0.000000 -0.002748 0.999996
61.157109976 -0.007740 1.001262 0.000000 0.000000 0.000000 -0.003072 0.999995
61.239634752 -0.007285 1.000070 0.000000 0.000000 0.000000 -0.003067 0.999995
61.291578770 -0.006171 0.998913 0.000000 0.000000 0.000000 -0.003006 0.999995
61.377224922 -0.006154 0.998783 0.000000 0.000000 0.000000 -0.002861 0.999996
61.424571276 -0.006269 0.998769 0.000000 0.000000 0.000000 -0.002833 0.999996
61.517945051 -0.005836 0.998118 0.000000 0.000000 0.000000 -0.002980 0.999996
61.571182013 -0.005548 0.998136 0.000000 0.000000 0.000000 -0.002993 0.999996
61.674693108 -0.005449 0.998757 0.000000 0.000000 0.000000 -0.002949 0.999996
61.731230259 -0.005446 0.999217 0.000000 0.000000 0.000000 -0.002990 0.999996
61.823836803 -0.005693 0.999622 0.000000 0.000000 0.000000 -0.003006 0.999995
61.867137194 -0.006326 0.999783 0.000000 0.000000 0.000000 -0.003043 0.999995
61.957184315 -0.007182 0.999826 0.000000 0.000000 0.000000 -0.003250 0.999995
62.007257462 -0.007169 0.999916 0.000000 0.000000 0.000000 -0.003364 0.999994
62.096065044 -0.007078 1.000364 0.000000 0.000000 0.000000 -0.003475 0.999994
62.149833441 -0.007468 1.000154 0.000000 0.000000 0.000000 -0.003611 0.999993
62.231528997 0.005988 0.999908 0.000000 0.000000 0.000000 -0.003512 0.999994
62.288254261 0.014915 1.000349 0.000000 0.000000 0.000000 -0.003528 0.999994
62.372793436 0.029323 1.000470 0.000000 0.000000 0.000000 -0.003487 0.999994
62.437046528 0.040140 1.000601 0.000000 0.000000 0.000000 -0.003221 0.999995
62.518205643 0.054565 0.999855 0.000000 0.000000 0.000000 -0.003058 0.999995
62.573649645 0.063155 0.999611 0.000000 0.000000 0.000000 -0.003103 0.999995
62.658019066 0.077464 0.999138 0.000000 0.000000 0.000000 -0.002978 0.999996
62.708748341 0.085809 0.999035 0.000000 0.000000 0.000000 -0.002891 0.999996
62.802901506 0.101543 0.998509 0.000000 0.000000 0.000000 -0.002732 0.999996
62.862125397 0.110524 0.999178 0.000000 0.000000 0.000000 -0.002497 0.999997
62.944721937 0.124052 0.999812 0.000000 0.000000 0.000000 -0.002478 0.999997
63.001682520 0.133208 1.000387 0.000000 0.000000 0.000000 -0.002310 0.999997
63.096352816 0.149556 1.000652 0.000000 0.000000 0.000000 -0.002085 0.999998
63.140980959 0.155869 1.000401 0.000000 0.000000 0.000000 -0.001943 0.999998
63.224403381 0.170223 0.999727 0.000000 0.000000 0.000000 -0.001746 0.999998
63.278097630 0.179974 1.000267 0.000000 0.000000 0.000000 -0.001689 0.999999
63.378735542 0.197358 0.999901 0.000000 0.000000 0.000000 -0.001670 0.999999
63.429337263 0.206481 0.999821 0.000000 0.000000 0.000000 -0.001592 0.999999
63.507558107 0.220227 1.000883 0.000000 0.000000 0.000000 -0.001494 0.999999
63.561244726 0.229097 1.001085 0.000000 0.000000 0.000000 -0.001419 0.999999
63.651183605 0.243772 1.001706 0.000000 0.000000 0.000000 -0.001549 0.999999
63.722069025 0.256173 1.001441 0.000000 0.000000 0.000000 -0.001436 0.999999
63.818211794 0.273107 1.001087 0.000000 0.000000 0.000000 -0.001154 0.999999
63.867984533 0.283454 1.001646 0.000000 0.000000 0.000000 -0.001099 0.999999
63.954170942 0.298351 1.001122 0.000000 0.000000 0.000000 -0.000981 1.000000
64.007827759 0.306063 1.001013 0.000000 0.000000 0.000000 -0.000823 1.000000
64.098969221 0.321868 1.000577 0.000000 0.000000 0.000000 -0.000637 1.000000
64.150251389 0.331302 1.001391 0.000000 0.000000 0.000000 -0.000436 1.000000
64.240028858 0.347299 1.001334 0.000000 0.000000 0.000000 -0.000167 1.000000
64.291742325 0.356246 1.001273 0.000000 0.000000 0.000000 -0.000115 1.000000
64.384911537 0.371771 1.002460 0.000000 0.000000 0.000000 0.000218 1.000000
64.438662767 0.381757 1.002548 0.000000 0.000000 0.000000 0.000417 1.000000
64.529100657 0.397545 1.002430 0.000000 0.000000 0.000000 0.000673 1.000000
64.581606388 0.406709 1.002917 0.000000 0.000000 0.000000 0.001004 0.999999
64.666499376 0.421939 1.004402 0.000000 0.000000 0.000000 0.001361 0.999999
64.719514608 0.431273 1.004864 0.000000 0.000000 0.000000 0.001649 0.999999
64.801486015 0.445793 1.004217 0.000000 0.000000 0.000000 0.001899 0.999998
64.853920698 0.454385 1.004645 0.000000 0.000000 0.000000 0.002038 0.999998
64.943417788 0.470216 1.005485 0.000000 0.000000 0.000000 0.002369 0.999997
64.995023489 0.479732 1.004660 0.000000 0.000000 0.000000 0.002555 0.999997
65.076430798 0.494284 1.005629 0.000000 0.000000 0.000000 0.002907 0.999996
65.137303352 0.504385 1.005748 0.000000 0.000000 0.000000 0.002852 0.999996
65.235720634 0.520969 1.005758 0.000000 0.000000 0.000000 0.002949 0.999996
65.286878586 0.529871 1.005452 0.000000 0.000000 0.000000 0.002998 0.999996
65.388996363 0.547029 1.005676 0.000000 0.000000 0.000000 0.003020 0.999995
65.443364143 0.556103 1.005760 0.000000 0.000000 0.000000 0.003025 0.999995
65.533442974 0.571683 1.004827 0.000000 0.000000 0.000000 0.003286 0.999995
65.583643198 0.580984 1.004903 0.000000 0.000000 0.000000 0.003452 0.999994
65.666572094 0.596710 1.005295 0.000000 0.000000 0.000000 0.003431 0.999994
65.718314648 0.605381 1.005122 0.000000 0.000000 0.000000 0.003444 0.999994
65.813969851 0.622380 1.005953 0.000000 0.000000 0.000000 0.003455 0.999994
65.860479355 0.630276 1.006016 0.000000 0.000000 0.000000 0.003501 0.999994
65.949100494 0.646794 1.006413 0.000000 0.000000 0.000000 0.003601 0.999994
66.006313324 0.656521 1.006740 0.000000 0.000000 0.000000 0.003505 0.999994
66.091695070 0.671448 1.006582 0.000000 0.000000 0.000000 0.003410 0.999994
66.150105000 0.682342 1.006317 0.000000 0.000000 0.000000 0.003402 0.999994
66.245607138 0.699259 1.005795 0.000000 0.000000 0.000000 0.003427 0.999994
66.289936066 0.706492 1.006361 0.000000 0.000000 0.000000 0.003440 0.999994
66.374847174 0.721448 1.006670 0.000000 0.000000 0.000000 0.003668 0.999993
66.427448988 0.729893 1.006701 0.000000 0.000000 0.000000 0.003693 0.999993
66.515174389 0.745863 1.008170 0.000000 0.000000 0.000000 0.003781 0.999993
66.565155268 0.754859 1.007757 0.000000 0.000000 0.000000 0.003896 0.999992
66.668905973 0.772697 1.008380 0.000000 0.000000 0.000000 0.004012 0.999992
66.720251560 0.781196 1.008756 0.000000 0.000000 0.000000 0.004050 0.999992
66.818524122 0.796531 1.008929 0.000000 0.000000 0.000000 0.004339 0.999991
66.862034321 0.803080 1.009583 0.000000 0.000000 0.000000 0.004826 0.999988
66.948162079 0.817108 1.010084 0.000000 0.000000 0.000000 0.005099 0.999987
66.998103142 0.825618 1.010339 0.000000 0.000000 0.000000 0.004969 0.999988
67.100195885 0.843907 1.010037 0.000000 0.000000 0.000000 0.005114 0.999987
67.157076359 0.854363 1.009342 0.000000 0.000000 0.000000 0.005257 0.999986
67.269846916 0.873730 1.007312 0.000000 0.000000 0.000000 0.005570 0.999984
67.325706720 0.884710 1.006562 0.000000 0.000000 0.000000 0.005608 0.999984
67.417520761 0.901411 1.006669 0.000000 0.000000 0.000000 0.005657 0.999984
67.475314379 0.911860 1.007403 0.000000 0.000000 0.000000 0.005871 0.999983
67.587245464 0.932260 1.007762 0.000000 0.000000 0.000000 0.006182 0.999981
67.657504320 0.946952 1.008790 0.000000 0.000000 0.000000 0.006210 0.999981
67.744100571 0.964155 1.009027 0.000000 0.000000 0.000000 0.006395 0.999980
67.809964418 0.976757 1.009737 0.000000 0.000000 0.000000 0.006507 0.999979
67.907867193 0.994123 1.009034 0.000000 0.000000 0.000000 0.006737 0.999977
67.955658197 1.002593 1.010316 0.000000 0.000000 0.000000 0.006659 0.999978
68.043772697 1.018476 1.011644 0.000000 0.000000 0.000000 0.006821 0.999977
68.092056751 1.028163 1.011894 0.000000 0.000000 0.000000 0.006975 0.999976
68.198954105 1.048958 1.012527 0.000000 0.000000 0.000000 0.007217 0.999974
68.239401817 1.057233 1.013277 0.000000 0.000000 0.000000 0.007649 0.999971
68.334116697 1.075101 1.013990 0.000000 0.000000 0.000000 0.008053 0.999968
68.393169165 1.084624 1.014283 0.000000 0.000000 0.000000 0.008352 0.999965
68.488315105 1.102183 1.013917 0.000000 0.000000 0.000000 0.008413 0.999965
68.548655272 1.114265 1.014680 0.000000 0.000000 0.000000 0.008382 0.999965
68.628951550 1.130171 1.015039 0.000000 0.000000 0.000000 0.008266 0.999966
68.688163757 1.141504 1.015196 0.000000 0.000000 0.000000 0.008247 0.999966
68.771270037 1.156128 1.015015 0.000000 0.000000 0.000000 0.008459 0.999964
68.824939728 1.165118 1.015043 0.000000 0.000000 0.000000 0.008555 0.999963
68.927378178 1.183455 1.016026 0.000000 0.000000 0.000000 0.008905 0.999960
68.988554239 1.195335 1.015854 0.000000 0.000000 0.000000 0.009049 0.999959
69.091393948 1.214493 1.016511 0.000000 0.000000 0.000000 0.009303 0.999957
69.142657280 1.224405 1.015240 0.000000 0.000000 0.000000 0.009276 0.999957
69.226943970 1.240101 1.015151 0.000000 0.000000 0.000000 0.009522 0.999955
69.291504383 1.251347 1.016236 0.000000 0.000000 0.000000 0.009414 0.999956
69.395749092 1.269668 1.016919 0.000000 0.000000 0.000000 0.009599 0.999954
69.444655418 1.278939 1.017441 0.000000 0.000000 0.000000 0.009743 0.999953
69.543005466 1.297195 1.017411 0.000000 0.000000 0.000000 0.009965 0.999950
69.595045090 1.307626 1.017444 0.000000 0.000000 0.000000 0.010066 0.999949
69.695927858 1.326171 1.018761 0.000000 0.000000 0.000000 0.010216 0.999948
69.753221989 1.336698 1.018706 0.000000 0.000000 0.000000 0.010521 0.999945
69.852281094 1.355674 1.020667 0.000000 0.000000 0.000000 0.010726 0.999942
69.909631014 1.367435 1.021715 0.000000 0.000000 0.000000 0.010855 0.999941
70.003495455 1.385269 1.022343 0.000000 0.000000 0.000000 0.011081 0.999939
70.055417776 1.396428 1.022725 0.000000 0.000000 0.000000 0.011224 0.999937
70.137858391 1.411702 1.022338 0.000000 0.000000 0.000000 0.011232 0.999937
70.199167728 1.423385 1.023016 0.000000 0.000000 0.000000 0.011487 0.999934
70.302878618 1.443194 1.024259 0.000000 0.000000 0.000000 0.011590 0.999933
70.369396687 1.455725 1.024573 0.000000 0.000000 0.000000 0.011686 0.999932
70.461210728 1.472441 1.024952 0.000000 0.000000 0.000000 0.011850 0.999930
70.509778738 1.480996 1.025295 0.000000 0.000000 0.000000 0.011765 0.999931
70.599387646 1.496265 1.026966 0.000000 0.000000 0.000000 0.011975 0.999928
70.656033039 1.506333 1.027930 0.000000 0.000000 0.000000 0.012041 0.999928
70.768153429 1.526614 1.028943 0.000000 0.000000 0.000000 0.012308 0.999924
70.815999985 1.537490 1.030122 0.000000 0.000000 0.000000 0.012314 0.999924
70.900581121 1.553437 1.029726 0.000000 0.000000 0.000000 0.012637 0.999920
70.955633402 1.563452 1.030422 0.000000 0.000000 0.000000 0.012731 0.999919
71.042252779 1.578177 1.031715 0.000000 0.000000 0.000000 0.012996 0.999916
71.103641987 1.590046 1.031830 0.000000 0.000000 0.000000 0.013057 0.999915
71.186776161 1.606113 1.033236 0.000000 0.000000 0.000000 0.013390 0.999910
71.250498533 1.618466 1.034733 0.000000 0.000000 0.000000 0.013494 0.999909
71.341936827 1.623883 1.034657 0.000000 0.000000 0.000000 0.020415 0.999792
71.393325806 1.627207 1.035583 0.000000 0.000000 0.000000 0.024009 0.999712
71.487019539 1.631846 1.034978 0.000000 0.000000 0.000000 0.031161 0.999514
71.537977695 1.632587 1.032904 0.000000 0.000000 0.000000 0.034235 0.999414
71.626116753 1.634601 1.031229 0.000000 0.000000 0.000000 0.040190 0.999192
71.682151079 1.636234 1.030880 0.000000 0.000000 0.000000 0.043932 0.999035
71.763496399 1.638181 1.029687 0.000000 0.000000 0.000000 0.049899 0.998754
71.820455313 1.638237 1.029246 0.000000 0.000000 0.000000 0.054013 0.998540
71.918866396 1.641545 1.029961 0.000000 0.000000 0.000000 0.061465 0.998109
71.975845575 1.641889 1.029722 0.000000 0.000000 0.000000 0.065247 0.997869
72.068582535 1.644050 1.029766 0.000000 0.000000 0.000000 0.071622 0.997432
72.122643709 1.644506 1.029041 0.000000 0.000000 0.000000 0.075154 0.997172
72.217851877 1.657949 1.031936 0.000000 0.000000 0.000000 0.075013 0.997183
72.265589714 1.664816 1.033322 0.000000 0.000000 0.000000 0.074863 0.997194
72.354194641 1.679568 1.035330 0.000000 0.000000 0.000000 0.074878 0.997193
72.403216600 1.687405 1.036068 0.000000 0.000000 0.000000 0.074851 0.997195
72.504085302 1.705159 1.039433 0.000000 0.000000 0.000000 0.075252 0.997165
72.559812546 1.717137 1.041296 0.000000 0.000000 0.000000 0.075363 0.997156
72.641114473 1.732531 1.044843 0.000000 0.000000 0.000000 0.075299 0.997161
72.695553064 1.743689 1.046818 0.000000 0.000000 0.000000 0.075491 0.997147
72.784453154 1.759594 1.049142 0.000000 0.000000 0.000000 0.075696 0.997131
72.839464188 1.762738 1.049286 0.000000 0.000000 0.000000 0.079433 0.996840
72.931765556 1.767239 1.050494 0.000000 0.000000 0.000000 0.085489 0.996339
72.986810684 1.769873 1.050595 0.000000 0.000000 0.000000 0.089259 0.996008
73.071648121 1.772801 1.049763 0.000000 0.000000 0.000000 0.095291 0.995450
73.129702330 1.772581 1.048339 0.000000 0.000000 0.000000 0.099338 0.995054
73.227200508 1.774034 1.046820 0.000000 0.000000 0.000000 0.106319 0.994332
73.271549940 1.773482 1.046852 0.000000 0.000000 0.000000 0.109436 0.993994
73.365193605 1.786701 1.049307 0.000000 0.000000 0.000000 0.109440 0.993993
73.410813332 1.791799 1.050241 0.000000 0.000000 0.000000 0.109396 0.993998
73.495560646 1.807301 1.053706 0.000000 0.000000 0.000000 0.109168 0.994023
73.549853325 1.817032 1.056084 0.000000 0.000000 0.000000 0.109028 0.994039
73.635336399 1.833224 1.060186 0.000000 0.000000 0.000000 0.108981 0.994044
73.700213671 1.845298 1.061014 0.000000 0.000000 0.000000 0.109083 0.994033
73.794411182 1.861542 1.064632 0.000000 0.000000 0.000000 0.109256 0.994014
73.851395130 1.872216 1.066926 0.000000 0.000000 0.000000 0.109368 0.994001
73.934927464 1.888421 1.071955 0.000000 0.000000 0.000000 0.109561 0.993980
73.994324923 1.892946 1.073122 0.000000 0.000000 0.000000 0.113983 0.993483
74.076428652 1.898255 1.075264 0.000000 0.000000 0.000000 0.120145 0.992756
74.138641834 1.901740 1.075877 0.000000 0.000000 0.000000 0.124635 0.992203
74.232690811 1.904982 1.076046 0.000000 0.000000 0.000000 0.132015 0.991248
74.284757137 1.905957 1.075476 0.000000 0.000000 0.000000 0.135643 0.990758
74.368963718 1.909047 1.074276 0.000000 0.000000 0.000000 0.141923 0.989878
74.424954653 1.910501 1.073500 0.000000 0.000000 0.000000 0.145799 0.989314
74.512892008 1.912969 1.072992 0.000000 0.000000 0.000000 0.151878 0.988399
74.568120718 1.918903 1.073986 0.000000 0.000000 0.000000 0.151636 0.988436
74.659038782 1.931956 1.078357 0.000000 0.000000 0.000000 0.151845 0.988404
74.720528126 1.941329 1.081422 0.000000 0.000000 0.000000 0.151703 0.988426
74.807915449 1.955290 1.085606 0.000000 0.000000 0.000000 0.151781 0.988414
74.867791891 1.966251 1.088120 0.000000 0.000000 0.000000 0.151704 0.988426
74.956265450 1.981008 1.091335 0.000000 0.000000 0.000000 0.151738 0.988421
75.006022692 1.991517 1.093936 0.000000 0.000000 0.000000 0.151918 0.988393
75.093890429 2.008227 1.099281 0.000000 0.000000 0.000000 0.152098 0.988365
75.151803017 2.018751 1.101989 0.000000 0.000000 0.000000 0.152157 0.988356
75.237923384 2.033189 1.107107 0.000000 0.000000 0.000000 0.152271 0.988339
75.289012432 2.042887 1.109840 0.000000 0.000000 0.000000 0.152530 0.988299
75.377345324 2.059695 1.113853 0.000000 0.000000 0.000000 0.152794 0.988258
75.433693886 2.070530 1.116662 0.000000 0.000000 0.000000 0.153002 0.988226
75.537194490 2.088142 1.121174 0.000000 0.000000 0.000000 0.153050 0.988218
75.586070776 2.095982 1.122751 0.000000 0.000000 0.000000 0.152952 0.988234
75.689361572 2.113951 1.127488 0.000000 0.000000 0.000000 0.153154 0.988202
75.744805098 2.124974 1.131314 0.000000 0.000000 0.000000 0.153300 0.988180
75.826009274 2.140171 1.135669 0.000000 0.000000 0.000000 0.153609 0.988132
75.899021864 2.145428 1.137040 0.000000 0.000000 0.000000 0.159066 0.987268
75.992537260 2.151453 1.137341 0.000000 0.000000 0.000000 0.165882 0.986146
76.056124210 2.151572 1.138952 0.000000 0.000000 0.000000 0.170295 0.985393
76.141805172 2.153864 1.138571 0.000000 0.000000 0.000000 0.176234 0.984348
76.196712971 2.154654 1.138971 0.000000 0.000000 0.000000 0.179941 0.983677
76.279946327 2.157183 1.138389 0.000000 0.000000 0.000000 0.185697 0.982607
76.336917877 2.159119 1.137193 0.000000 0.000000 0.000000 0.189579 0.981865
76.431858301 2.162319 1.137476 0.000000 0.000000 0.000000 0.196345 0.980535
76.487337351 2.168869 1.140413 0.000000 0.000000 0.000000 0.196188 0.980566
76.576975346 2.182793 1.146439 0.000000 0.000000 0.000000 0.196016 0.980601
76.635664701 2.192136 1.150618 0.000000 0.000000 0.000000 0.196035 0.980597
76.736702204 2.209012 1.157697 0.000000 0.000000 0.000000 0.196178 0.980568
76.784813404 2.219127 1.162252 0.000000 0.000000 0.000000 0.196039 0.980596
76.872728825 2.234691 1.167143 0.000000 0.000000 0.000000 0.196146 0.980575
76.940669060 2.246625 1.170709 0.000000 0.000000 0.000000 0.196024 0.980599
77.039191484 2.263955 1.178896 0.000000 0.000000 0.000000 0.196119 0.980580
77.091496944 2.275254 1.183484 0.000000 0.000000 0.000000 0.196186 0.980567
77.178045034 2.281746 1.185711 0.000000 0.000000 0.000000 0.202018 0.979382
77.233334064 2.285836 1.187635 0.000000 0.000000 0.000000 0.205532 0.978650
77.321522951 2.288979 1.187557 0.000000 0.000000 0.000000 0.211696 0.977336
77.385615587 2.291074 1.185708 0.000000 0.000000 0.000000 0.215830 0.976431
77.482558012 2.303505 1.190916 0.000000 0.000000 0.000000 0.215677 0.976465
77.535058022 2.311185 1.192869 0.000000 0.000000 0.000000 0.215917 0.976412
77.635596514 2.326756 1.199401 0.000000 0.000000 0.000000 0.215955 0.976403
77.687636852 2.334912 1.202503 0.000000 0.000000 0.000000 0.216032 0.976386
77.783472538 2.349424 1.208529 0.000000 0.000000 0.000000 0.216113 0.976368
77.833787918 2.358179 1.212991 0.000000 0.000000 0.000000 0.216242 0.976340
77.940711260 2.374645 1.220300 0.000000 0.000000 0.000000 0.216511 0.976280
77.985099792 2.383299 1.224523 0.000000 0.000000 0.000000 0.216478 0.976287
78.074628830 2.398485 1.231116 0.000000 0.000000 0.000000 0.216894 0.976195
78.126539230 2.408656 1.235650 0.000000 0.000000 0.000000 0.217004 0.976171
78.225707769 2.413470 1.238043 0.000000 0.000000 0.000000 0.224259 0.974530
78.287621975 2.415728 1.238059 0.000000 0.000000 0.000000 0.228721 0.973492
78.371752024 2.428644 1.242208 0.000000 0.000000 0.000000 0.229177 0.973385
78.425225496 2.436231 1.243978 0.000000 0.000000 0.000000 0.229518 0.973304
78.525620699 2.451614 1.251215 0.000000 0.000000 0.000000 0.229861 0.973223
78.588539600 2.461459 1.256526 0.000000 0.000000 0.000000 0.230104 0.973166
78.670593977 2.474717 1.263024 0.000000 0.000000 0.000000 0.230216 0.973139
78.735427380 2.484693 1.267930 0.000000 0.000000 0.000000 0.230104 0.973166
78.827690363 2.500188 1.276889 0.000000 0.000000 0.000000 0.230210 0.973141
78.889282465 2.511352 1.284020 0.000000 0.000000 0.000000 0.230343 0.973109
78.986895561 2.527444 1.291935 0.000000 0.000000 0.000000 0.230474 0.973078
79.038242817 2.536689 1.296656 0.000000 0.000000 0.000000 0.230414 0.973093
79.133278370 2.542488 1.300152 0.000000 0.000000 0.000000 0.237006 0.971508
79.188038111 2.546045 1.299264 0.000000 0.000000 0.000000 0.239701 0.970847
79.274859905 2.549612 1.300263 0.000000 0.000000 0.000000 0.245551 0.969384
79.325020790 2.556022 1.302727 0.000000 0.000000 0.000000 0.245621 0.969366
79.419587612 2.569351 1.309815 0.000000 0.000000 0.000000 0.245726 0.969339
79.476016521 2.576938 1.314659 0.000000 0.000000 0.000000 0.245809 0.969318
79.572896481 2.591173 1.322299 0.000000 0.000000 0.000000 0.245743 0.969335
79.625355482 2.600350 1.326185 0.000000 0.000000 0.000000 0.245756 0.969332
79.715934038 2.614363 1.333863 0.000000 0.000000 0.000000 0.245853 0.969307
79.766192913 2.623820 1.338572 0.000000 0.000000 0.000000 0.245691 0.969348
79.851100206 2.638144 1.346005 0.000000 0.000000 0.000000 0.245744 0.969335
79.911969662 2.648850 1.351888 0.000000 0.000000 0.000000 0.245810 0.969318
80.005322218 2.663846 1.359525 0.000000 0.000000 0.000000 0.245716 0.969342
80.049822092 2.671441 1.363649 0.000000 0.000000 0.000000 0.245720 0.969341
80.144307137 2.686444 1.371395 0.000000 0.000000 0.000000 0.245680 0.969351
80.194717646 2.695339 1.376322 0.000000 0.000000 0.000000 0.245662 0.969356
80.283586025 2.700372 1.378833 0.000000 0.000000 0.000000 0.251635 0.967822
80.339012861 2.703783 1.379865 0.000000 0.000000 0.000000 0.255129 0.966907
80.432806969 2.707641 1.379454 0.000000 0.000000 0.000000 0.261670 0.965157
80.481657505 2.709010 1.378675 0.000000 0.000000 0.000000 0.264539 0.964375
80.570667744 2.711023 1.377935 0.000000 0.000000 0.000000 0.270550 0.962706
80.629180193 2.711906 1.375858 0.000000 0.000000 0.000000 0.273941 0.961747
80.725515127 2.714827 1.375573 0.000000 0.000000 0.000000 0.280593 0.959827
80.785824299 2.715825 1.373388 0.000000 0.000000 0.000000 0.284246 0.958751
80.885531425 2.717518 1.372262 0.000000 0.000000 0.000000 0.291228 0.956654
80.931448936 2.718740 1.370743 0.000000 0.000000 0.000000 0.293952 0.955820
81.023196459 2.730431 1.376693 0.000000 0.000000 0.000000 0.294021 0.955799
81.074112654 2.736546 1.379808 0.000000 0.000000 0.000000 0.293920 0.955830
81.169610262 2.750349 1.389561 0.000000 0.000000 0.000000 0.294220 0.955738
81.221564293 2.757897 1.394953 0.000000 0.000000 0.000000 0.294137 0.955763
81.317089081 2.772547 1.404466 0.000000 0.000000 0.000000 0.294176 0.955751
81.373459816 2.781777 1.410490 0.000000 0.000000 0.000000 0.294252 0.955728
81.468533754 2.796696 1.420228 0.000000 0.000000 0.000000 0.294124 0.955767
81.523016691 2.806835 1.427312 0.000000 0.000000 0.000000 0.294035 0.955795
81.598726511 2.820136 1.437149 0.000000 0.000000 0.000000 0.293947 0.955822
81.657386780 2.823461 1.439791 0.000000 0.000000 0.000000 0.297760 0.954641
81.743980408 2.827484 1.442476 0.000000 0.000000 0.000000 0.303136 0.952947
81.802433014 2.829047 1.442122 0.000000 0.000000 0.000000 0.306986 0.951714
81.892469883 2.831183 1.440933 0.000000 0.000000 0.000000 0.313243 0.949673
81.951400280 2.833320 1.438248 0.000000 0.000000 0.000000 0.317244 0.948344
82.051398516 2.836523 1.437943 0.000000 0.000000 0.000000 0.324022 0.946050
82.098116398 2.837659 1.436570 0.000000 0.000000 0.000000 0.326924 0.945050
82.188131332 2.848257 1.442557 0.000000 0.000000 0.000000 0.326846 0.945078
82.248149872 2.855801 1.445731 0.000000 0.000000 0.000000 0.327072 0.944999
82.336132288 2.868064 1.454399 0.000000 0.000000 0.000000 0.326972 0.945034
82.396090031 2.876417 1.460878 0.000000 0.000000 0.000000 0.326985 0.945029
82.493404388 2.891231 1.471948 0.000000 0.000000 0.000000 0.327277 0.944929
82.545469284 2.900398 1.478497 0.000000 0.000000 0.000000 0.326982 0.945031
82.645762682 2.915884 1.489668 0.000000 0.000000 0.000000 0.327009 0.945021
82.703368902 2.926138 1.496046 0.000000 0.000000 0.000000 0.326850 0.945076
82.786747932 2.938265 1.505832 0.000000 0.000000 0.000000 0.326687 0.945133
82.854153395 2.948463 1.513474 0.000000 0.000000 0.000000 0.326646 0.945147
82.943068027 2.961884 1.522710 0.000000 0.000000 0.000000 0.326750 0.945111
83.009804964 2.972775 1.530348 0.000000 0.000000 0.000000 0.326716 0.945122
83.085191727 2.983619 1.538536 0.000000 0.000000 0.000000 0.326717 0.945122
83.153803349 2.994499 1.545400 0.000000 0.000000 0.000000 0.326642 0.945148
83.241653681 3.006823 1.553699 0.000000 0.000000 0.000000 0.326458 0.945212
83.297069788 3.010466 1.555937 0.000000 0.000000 0.000000 0.329612 0.944117
83.389735460 3.015036 1.556457 0.000000 0.000000 0.000000 0.335919 0.941891
83.453119040 3.016402 1.555001 0.000000 0.000000 0.000000 0.340250 0.940335
83.537900448 3.018280 1.555562 0.000000 0.000000 0.000000 0.345513 0.938414
83.597048283 3.019463 1.554884 0.000000 0.000000 0.000000 0.349199 0.937049
83.717325926 3.021939 1.554129 0.000000 0.000000 0.000000 0.357467 0.933926
83.749479055 3.020782 1.552342 0.000000 0.000000 0.000000 0.359262 0.933237
83.838826418 3.023035 1.552777 0.000000 0.000000 0.000000 0.364626 0.931154
83.901724577 3.023841 1.553655 0.000000 0.000000 0.000000 0.368615 0.929582
83.992516994 3.027885 1.554397 0.000000 0.000000 0.000000 0.374195 0.927350
84.051721573 3.028302 1.552843 0.000000 0.000000 0.000000 0.377997 0.925807
84.156426907 3.032247 1.551568 0.000000 0.000000 0.000000 0.385139 0.922859
84.200500965 3.032028 1.549277 0.000000 0.000000 0.000000 0.387828 0.921732
84.283172131 3.040426 1.555658 0.000000 0.000000 0.000000 0.387765 0.921758
84.341853619 3.047835 1.562993 0.000000 0.000000 0.000000 0.387647 0.921808
84.440338135 3.060203 1.574888 0.000000 0.000000 0.000000 0.387536 0.921854
84.490278244 3.066340 1.581210 0.000000 0.000000 0.000000 0.387508 0.921866
84.590413809 3.079291 1.592614 0.000000 0.000000 0.000000 0.387671 0.921798
84.637861252 3.081469 1.594855 0.000000 0.000000 0.000000 0.390801 0.920475
84.731191397 3.084740 1.598607 0.000000 0.000000 0.000000 0.396775 0.917916
84.795961142 3.086962 1.598644 0.000000 0.000000 0.000000 0.400383 0.916348
84.885035038 3.089037 1.597812 0.000000 0.000000 0.000000 0.405924 0.913907
84.942189693 3.092906 1.601354 0.000000 0.000000 0.000000 0.405616 0.914044
85.035698891 3.102441 1.610997 0.000000 0.000000 0.000000 0.405640 0.914033
85.087255955 3.109119 1.618178 0.000000 0.000000 0.000000 0.405604 0.914049
85.177431345 3.119902 1.631275 0.000000 0.000000 0.000000 0.405711 0.914001
85.234461546 3.127391 1.639809 0.000000 0.000000 0.000000 0.405831 0.913948
85.317269802 3.138095 1.650368 0.000000 0.000000 0.000000 0.406006 0.913871
85.371974707 3.145827 1.656952 0.000000 0.000000 0.000000 0.406040 0.913855
85.478625298 3.151537 1.659796 0.000000 0.000000 0.000000 0.412871 0.910790
85.528799295 3.153196 1.659388 0.000000 0.000000 0.000000 0.415890 0.909415
85.623463392 3.155499 1.660793 0.000000 0.000000 0.000000 0.422499 0.906364
85.673765659 3.157248 1.660143 0.000000 0.000000 0.000000 0.425243 0.905079
85.763669968 3.165552 1.667594 0.000000 0.000000 0.000000 0.425237 0.905082
85.820935726 3.170752 1.671348 0.000000 0.000000 0.000000 0.425110 0.905142
85.910727024 3.179782 1.682311 0.000000 0.000000 0.000000 0.425090 0.905151
85.964876890 3.185068 1.689839 0.000000 0.000000 0.000000 0.424771 0.905301
86.051109076 3.194776 1.702172 0.000000 0.000000 0.000000 0.424740 0.905316
86.103527308 3.201285 1.711184 0.000000 0.000000 0.000000 0.424706 0.905331
86.201452255 3.212870 1.724467 0.000000 0.000000 0.000000 0.424636 0.905364
86.242657185 3.218962 1.730363 0.000000 0.000000 0.000000 0.424641 0.905362
86.334985495 3.230430 1.741778 0.000000 0.000000 0.000000 0.424749 0.905311
86.382092714 3.233513 1.742992 0.000000 0.000000 0.000000 0.427767 0.903889
86.472083092 3.237080 1.744219 0.000000 0.000000 0.000000 0.433433 0.901186
86.523828268 3.239673 1.744641 0.000000 0.000000 0.000000 0.436101 0.899898
86.615870237 3.241664 1.746170 0.000000 0.000000 0.000000 0.441876 0.897076
86.670076370 3.241315 1.745282 0.000000 0.000000 0.000000 0.445079 0.895491
86.774803400 3.250164 1.755513 0.000000 0.000000 0.000000 0.445372 0.895345
86.820199966 3.253624 1.759803 0.000000 0.000000 0.000000 0.445505 0.895280
86.919469357 3.262862 1.772727 0.000000 0.000000 0.000000 0.445619 0.895223
86.967871189 3.268043 1.779790 0.000000 0.000000 0.000000 0.445471 0.895296
87.056761026 3.277775 1.793721 0.000000 0.000000 0.000000 0.445571 0.895247
87.109259605 3.284066 1.801817 0.000000 0.000000 0.000000 0.445575 0.895245
87.192007065 3.292941 1.814047 0.000000 0.000000 0.000000 0.445635 0.895215
87.253980637 3.299993 1.821978 0.000000 0.000000 0.000000 0.445454 0.895305
87.349741697 3.302162 1.824806 0.000000 0.000000 0.000000 0.451633 0.892204
87.405018091 3.302985 1.823525 0.000000 0.000000 0.000000 0.454716 0.890636
87.485984564 3.305017 1.824336 0.000000 0.000000 0.000000 0.459551 0.888151
87.543567896 3.305342 1.823049 0.000000 0.000000 0.000000 0.463104 0.886304
87.634330273 3.307191 1.822121 0.000000 0.000000 0.000000 0.468875 0.883265
87.686902761 3.307229 1.821513 0.000000 0.000000 0.000000 0.472078 0.881557
87.787247896 3.307493 1.822664 0.000000 0.000000 0.000000 0.478171 0.878267
87.837472916 3.309383 1.824724 0.000000 0.000000 0.000000 0.478401 0.878142
87.916748285 3.315905 1.834891 0.000000 0.000000 0.000000 0.478441 0.878120
87.986268759 3.322244 1.844721 0.000000 0.000000 0.000000 0.478542 0.878065
88.086726427 3.331899 1.858420 0.000000 0.000000 0.000000 0.478549 0.878061
88.150101423 3.339130 1.866682 0.000000 0.000000 0.000000 0.478681 0.877989
88.240933418 3.341950 1.870753 0.000000 0.000000 0.000000 0.484438 0.874825
88.297403812 3.345731 1.874252 0.000000 0.000000 0.000000 0.487875 0.872913
88.386169910 3.348125 1.876511 0.000000 0.000000 0.000000 0.493426 0.869788
88.450335503 3.349468 1.874672 0.000000 0.000000 0.000000 0.497098 0.867694
88.535275698 3.350407 1.874317 0.000000 0.000000 0.000000 0.502127 0.864794
88.605426788 3.350327 1.874224 0.000000 0.000000 0.000000 0.506314 0.862349
88.683759212 3.352633 1.872656 0.000000 0.000000 0.000000 0.511216 0.859452
88.750116110 3.357655 1.878138 0.000000 0.000000 0.000000 0.511050 0.859551
88.851769447 3.366442 1.893463 0.000000 0.000000 0.000000 0.511104 0.859519
88.916266441 3.373235 1.902850 0.000000 0.000000 0.000000 0.511029 0.859563
89.002526760 3.380689 1.916749 0.000000 0.000000 0.000000 0.511177 0.859475
89.057895184 3.386260 1.923894 0.000000 0.000000 0.000000 0.511119 0.859510
89.140100241 3.392881 1.936527 0.000000 0.000000 0.000000 0.511120 0.859509
89.195465088 3.394622 1.940661 0.000000 0.000000 0.000000 0.514313 0.857603
89.289087772 3.396710 1.943499 0.000000 0.000000 0.000000 0.519840 0.854263
89.344048738 3.397984 1.943785 0.000000 0.000000 0.000000 0.522920 0.852382
89.440391302 3.399582 1.945485 0.000000 0.000000 0.000000 0.528730 0.848790
89.492968559 3.401894 1.944228 0.000000 0.000000 0.000000 0.531807 0.846865
89.607647657 3.409544 1.959614 0.000000 0.000000 0.000000 0.531821 0.846857
89.672281504 3.413379 1.967424 0.000000 0.000000 0.000000 0.531752 0.846900
89.768073082 3.420613 1.984121 0.000000 0.000000 0.000000 0.531947 0.846778
89.829360723 3.426279 1.994192 0.000000 0.000000 0.000000 0.531881 0.846819
89.918611765 3.431683 2.005472 0.000000 0.000000 0.000000 0.532126 0.846665
89.983339548 3.436134 2.015196 0.000000 0.000000 0.000000 0.532071 0.846700
90.075467348 3.443398 2.028802 0.000000 0.000000 0.000000 0.531898 0.846809
90.136802912 3.449183 2.039713 0.000000 0.000000 0.000000 0.531883 0.846818
90.217718840 3.457009 2.052252 0.000000 0.000000 0.000000 0.531899 0.846808
90.282570362 3.462322 2.062957 0.000000 0.000000 0.000000 0.531998 0.846746
90.377734184 3.469872 2.075916 0.000000 0.000000 0.000000 0.531955 0.846773
90.428593874 3.474284 2.083466 0.000000 0.000000 0.000000 0.531864 0.846830
90.510604858 3.481393 2.097167 0.000000 0.000000 0.000000 0.531919 0.846795
90.568803549 3.487364 2.107084 0.000000 0.000000 0.000000 0.531948 0.846777
90.669097900 3.494372 2.123546 0.000000 0.000000 0.000000 0.531934 0.846786
90.734403133 3.499473 2.134605 0.000000 0.000000 0.000000 0.531890 0.846813
90.817264557 3.505903 2.147554 0.000000 0.000000 0.000000 0.532102 0.846681
90.874949217 3.509818 2.156914 0.000000 0.000000 0.000000 0.532150 0.846650
90.977848291 3.518354 2.173014 0.000000 0.000000 0.000000 0.532129 0.846664
91.038990498 3.522554 2.183966 0.000000 0.000000 0.000000 0.532268 0.846576
91.132968187 3.530049 2.199947 0.000000 0.000000 0.000000 0.532401 0.846492
91.184181929 3.533879 2.209302 0.000000 0.000000 0.000000 0.532338 0.846532
91.277483940 3.540629 2.223204 0.000000 0.000000 0.000000 0.532356 0.846520
91.333750963 3.544737 2.232075 0.000000 0.000000 0.000000 0.532393 0.846497
91.435931683 3.552161 2.248805 0.000000 0.000000 0.000000 0.532364 0.846515
91.490885019 3.556805 2.259567 0.000000 0.000000 0.000000 0.532354 0.846522
91.596405983 3.564781 2.277364 0.000000 0.000000 0.000000 0.532374 0.846509
91.657889366 3.570686 2.288081 0.000000 0.000000 0.000000 0.532342 0.846529
91.744920015 3.578959 2.300424 0.000000 0.000000 0.000000 0.532613 0.846359
91.803375244 3.584623 2.310076 0.000000 0.000000 0.000000 0.532568 0.846387
91.889576912 3.591214 2.324823 0.000000 0.000000 0.000000 0.532527 0.846413
91.950321198 3.596733 2.335912 0.000000 0.000000 0.000000 0.532275 0.846571
92.040585995 3.603934 2.350703 0.000000 0.000000 0.000000 0.532145 0.846653
92.095539570 3.608823 2.359766 0.000000 0.000000 0.000000 0.532043 0.846717
92.180634975 3.616057 2.372575 0.000000 0.000000 0.000000 0.532119 0.846669
92.233907700 3.620967 2.381209 0.000000 0.000000 0.000000 0.532067 0.846702
92.324627161 3.628691 2.395682 0.000000 0.000000 0.000000 0.532057 0.846709
92.377721786 3.633986 2.406519 0.000000 0.000000 0.000000 0.532017 0.846734
92.477380037 3.641743 2.422174 0.000000 0.000000 0.000000 0.532067 0.846702
92.527386665 3.646314 2.431312 0.000000 0.000000 0.000000 0.532128 0.846664
92.615924358 3.653834 2.444642 0.000000 0.000000 0.000000 0.532114 0.846673
92.672314167 3.659325 2.453337 0.000000 0.000000 0.000000 0.532142 0.846655
92.773890257 3.667718 2.470271 0.000000 0.000000 0.000000 0.532322 0.846542
92.833395958 3.673395 2.481393 0.000000 0.000000 0.000000 0.532136 0.846659
92.924817085 3.680731 2.497289 0.000000 0.000000 0.000000 0.532109 0.846676
92.988978386 3.686099 2.508782 0.000000 0.000000 0.000000 0.532164 0.846641
93.100240469 3.695302 2.525738 0.000000 0.000000 0.000000 0.532223 0.846604
93.152472734 3.700745 2.532856 0.000000 0.000000 0.000000 0.532491 0.846435
93.248969555 3.708670 2.549154 0.000000 0.000000 0.000000 0.532385 0.846502
93.302347898 3.713506 2.559120 0.000000 0.000000 0.000000 0.532374 0.846510
93.402684212 3.721002 2.576185 0.000000 0.000000 0.000000 0.532488 0.846438
93.454676867 3.726252 2.584645 0.000000 0.000000 0.000000 0.532459 0.846456
93.552758694 3.733054 2.601576 0.000000 0.000000 0.000000 0.532622 0.846353
93.613630056 3.736937 2.611667 0.000000 0.000000 0.000000 0.532862 0.846202
93.707502604 3.744221 2.627506 0.000000 0.000000 0.000000 0.532721 0.846291
93.764230251 3.749489 2.638568 0.000000 0.000000 0.000000 0.532608 0.846362
93.873910427 3.755877 2.655631 0.000000 0.000000 0.000000 0.532530 0.846411
93.914932251 3.759519 2.663132 0.000000 0.000000 0.000000 0.532633 0.846346
94.005584240 3.765880 2.675971 0.000000 0.000000 0.000000 0.532837 0.846218
94.060539484 3.769606 2.684110 0.000000 0.000000 0.000000 0.532986 0.846124
94.156020403 3.776156 2.699664 0.000000 0.000000 0.000000 0.533041 0.846089
94.210253716 3.780565 2.708963 0.000000 0.000000 0.000000 0.532765 0.846263
94.306135893 3.787358 2.723677 0.000000 0.000000 0.000000 0.532838 0.846217
94.372974396 3.793354 2.734109 0.000000 0.000000 0.000000 0.532842 0.846215
94.471097946 3.800891 2.749541 0.000000 0.000000 0.000000 0.532905 0.846175
94.529613972 3.806164 2.758746 0.000000 0.000000 0.000000 0.532818 0.846230
94.627149820 3.816330 2.775205 0.000000 0.000000 0.000000 0.532736 0.846282
94.671769142 3.820185 2.783167 0.000000 0.000000 0.000000 0.532760 0.846267
94.763330460 3.827465 2.798580 0.000000 0.000000 0.000000 0.532811 0.846234
94.822440624 3.832300 2.809577 0.000000 0.000000 0.000000 0.532821 0.846228
94.912670851 3.839110 2.824204 0.000000 0.000000 0.000000 0.532771 0.846259
94.978972197 3.844653 2.835183 0.000000 0.000000 0.000000 0.532949 0.846147
95.068254471 3.852322 2.852061 0.000000 0.000000 0.000000 0.532683 0.846315
95.123470068 3.856673 2.863031 0.000000 0.000000 0.000000 0.532782 0.846252
95.210581541 3.863136 2.877206 0.000000 0.000000 0.000000 0.533007 0.846111
95.261231899 3.867744 2.885885 0.000000 0.000000 0.000000 0.533150 0.846021
95.358219862 3.874749 2.899839 0.000000 0.000000 0.000000 0.533175 0.846005
95.405269146 3.877261 2.906674 0.000000 0.000000 0.000000 0.533202 0.845988
95.495450497 3.876792 2.908143 0.000000 0.000000 0.000000 0.533407 0.845858
95.556711435 3.876661 2.910055 0.000000 0.000000 0.000000 0.533354 0.845892
95.654532194 3.875980 2.911113 0.000000 0.000000 0.000000 0.533339 0.845901
95.718507051 3.875493 2.911356 0.000000 0.000000 0.000000 0.533294 0.845930
95.809733868 3.874811 2.909959 0.000000 0.000000 0.000000 0.533068 0.846072
95.869915009 3.875909 2.908418 0.000000 0.000000 0.000000 0.533056 0.846080
95.968504429 3.875868 2.907862 0.000000 0.000000 0.000000 0.533049 0.846084
96.013655424 3.876332 2.908322 0.000000 0.000000 0.000000 0.532936 0.846156
96.105460644 3.876207 2.908408 0.000000 0.000000 0.000000 0.532955 0.846143
96.151817083 3.876830 2.907183 0.000000 0.000000 0.000000 0.532933 0.846158
96.249305487 3.877646 2.905443 0.000000 0.000000 0.000000 0.532924 0.846163
96.313171148 3.877533 2.904146 0.000000 0.000000 0.000000 0.533013 0.846107
96.411842108 3.877835 2.903239 0.000000 0.000000 0.000000 0.532993 0.846119
96.483254194 3.877909 2.902525 0.000000 0.000000 0.000000 0.532801 0.846240
96.576039553 3.878619 2.903743 0.000000 0.000000 0.000000 0.533013 0.846107
96.634468794 3.878505 2.903661 0.000000 0.000000 0.000000 0.532831 0.846221
96.723625898 3.878079 2.903870 0.000000 0.000000 0.000000 0.532859 0.846204
96.781600475 3.877430 2.904456 0.000000 0.000000 0.000000 0.532837 0.846218
96.866395235 3.877581 2.903369 0.000000 0.000000 0.000000 0.532990 0.846122
96.921135187 3.877637 2.902802 0.000000 0.000000 0.000000 0.532852 0.846208
97.019036293 3.877791 2.903577 0.000000 0.000000 0.000000 0.532801 0.846241
97.060910940 3.878346 2.903636 0.000000 0.000000 0.000000 0.532838 0.846217
97.153807163 3.878635 2.904467 0.000000 0.000000 0.000000 0.532800 0.846241
97.211027622 3.878727 2.903330 0.000000 0.000000 0.000000 0.532545 0.846402
97.305245876 3.879209 2.903183 0.000000 0.000000 0.000000 0.532414 0.846484
97.364989996 3.879480 2.902985 0.000000 0.000000 0.000000 0.532492 0.846435
97.465471268 3.879561 2.902741 0.000000 0.000000 0.000000 0.532462 0.846454
97.531141281 3.879292 2.902942 0.000000 0.000000 0.000000 0.532397 0.846495
97.607466698 3.877899 2.902236 0.000000 0.000000 0.000000 0.532492 0.846435
97.670571327 3.877903 2.902631 0.000000 0.000000 0.000000 0.532431 0.846474
97.761371374 3.878161 2.903071 0.000000 0.000000 0.000000 0.532542 0.846404
97.826786518 3.878635 2.903081 0.000000 0.000000 0.000000 0.532407 0.846488
97.904732704 3.877969 2.903094 0.000000 0.000000 0.000000 0.532357 0.846520
97.972033739 3.876959 2.901533 0.000000 0.000000 0.000000 0.532475 0.846446
98.065672398 3.877099 2.900947 0.000000 0.000000 0.000000 0.532623 0.846352
98.120881319 3.876387 2.900517 0.000000 0.000000 0.000000 0.532698 0.846305
98.209275961 3.875843 2.900623 0.000000 0.000000 0.000000 0.532857 0.846205
98.266049623 3.875875 2.900777 0.000000 0.000000 0.000000 0.532766 0.846263
98.353181839 3.875632 2.900582 0.000000 0.000000 0.000000 0.532963 0.846138
98.403073549 3.876544 2.901168 0.000000 0.000000 0.000000 0.533117 0.846041
98.490382910 3.876606 2.900522 0.000000 0.000000 0.000000 0.532977 0.846129
98.542252064 3.875999 2.899542 0.000000 0.000000 0.000000 0.532978 0.846129
98.624454260 3.876086 2.899718 0.000000 0.000000 0.000000 0.533033 0.846094
98.685510397 3.876007 2.900312 0.000000 0.000000 0.000000 0.533008 0.846110
98.779605627 3.875476 2.900825 0.000000 0.000000 0.000000 0.532932 0.846158
98.838194609 3.876177 2.900963 0.000000 0.000000 0.000000 0.532895 0.846181
98.929908276 3.875864 2.900547 0.000000 0.000000 0.000000 0.532791 0.846247
98.986426353 3.876070 2.900956 0.000000 0.000000 0.000000 0.532941 0.846152
99.090990067 3.876553 2.900551 0.000000 0.000000 0.000000 0.532951 0.846146
99.137984037 3.875981 2.900220 0.000000 0.000000 0.000000 0.532818 0.846230
99.222180128 3.875627 2.899878 0.000000 0.000000 0.000000 0.532749 0.846273
99.274515629 3.875339 2.899533 0.000000 0.000000 0.000000 0.532753 0.846271
99.372492313 3.875528 2.898864 0.000000 0.000000 0.000000 0.532855 0.846207
99.430688858 3.875687 2.898214 0.000000 0.000000 0.000000 0.532693 0.846308
99.544572830 3.874964 2.899487 0.000000 0.000000 0.000000 0.532828 0.846224
99.586899042 3.875679 2.898974 0.000000 0.000000 0.000000 0.532737 0.846281
99.684531927 3.875686 2.899485 0.000000 0.000000 0.000000 0.532844 0.846214
99.732462883 3.875072 2.899397 0.000000 0.000000 0.000000 0.532862 0.846202
99.817482233 3.874877 2.900395 0.000000 0.000000 0.000000 0.532841 0.846215
99.865893364 3.874595 2.900341 0.000000 0.000000 0.000000 0.532755 0.846269
99.974117994 3.874138 2.900439 0.000000 0.000000 0.000000 0.532604 0.846364
100.008396149 3.874079 2.900158 0.000000 0.000000 0.000000 0.532608 0.846362
100.099959850 3.873740 2.900279 0.000000 0.000000 0.000000 0.532571 0.846386
100.157341719 3.873464 2.899017 0.000000 0.000000 0.000000 0.532740 0.846279
100.251402378 3.873313 2.898659 0.000000 0.000000 0.000000 0.532526 0.846414
100.296842813 3.874249 2.897827 0.000000 0.000000 0.000000 0.532546 0.846401
100.386153460 3.874156 2.896921 0.000000 0.000000 0.000000 0.532560 0.846393
100.438560963 3.873884 2.896714 0.000000 0.000000 0.000000 0.532611 0.846360
100.523025513 3.873989 2.896220 0.000000 0.000000 0.000000 0.532704 0.846302
100.578892708 3.875021 2.895821 0.000000 0.000000 0.000000 0.532782 0.846252
100.666844606 3.873904 2.895756 0.000000 0.000000 0.000000 0.532855 0.846206
100.717916250 3.873073 2.896206 0.000000 0.000000 0.000000 0.533061 0.846077
100.814438343 3.873381 2.895645 0.000000 0.000000 0.000000 0.533191 0.845995
100.859156370 3.872957 2.895791 0.000000 0.000000 0.000000 0.533278 0.845940
100.952885628 3.872088 2.896301 0.000000 0.000000 0.000000 0.533380 0.845876
101.000487804 3.871652 2.896429 0.000000 0.000000 0.000000 0.533420 0.845851
101.085479736 3.871548 2.896339 0.000000 0.000000 0.000000 0.533452 0.845830
101.136031866 3.870287 2.896875 0.000000 0.000000 0.000000 0.533471 0.845819
101.229514122 3.870074 2.897351 0.000000 0.000000 0.000000 0.533404 0.845861
101.274351120 3.870772 2.897725 0.000000 0.000000 0.000000 0.533657 0.845701
101.373620749 3.870486 2.897684 0.000000 0.000000 0.000000 0.533638 0.845713
101.426921129 3.870102 2.897802 0.000000 0.000000 0.000000 0.533578 0.845751
101.521782160 3.869954 2.897310 0.000000 0.000000 0.000000 0.533638 0.845713
101.570658922 3.868305 2.896448 0.000000 0.000000 0.000000 0.533706 0.845670
101.657437325 3.867906 2.896530 0.000000 0.000000 0.000000 0.533808 0.845606
101.713495970 3.867088 2.896353 0.000000 0.000000 0.000000 0.533794 0.845615
101.799236774 3.866982 2.896225 0.000000 0.000000 0.000000 0.533947 0.845518
101.849389791 3.867463 2.895351 0.000000 0.000000 0.000000 0.533833 0.845590
101.945839167 3.868257 2.894609 0.000000 0.000000 0.000000 0.533852 0.845578
101.999189854 3.868959 2.894519 0.000000 0.000000 0.000000 0.533808 0.845606
102.086042404 3.868731 2.894251 0.000000 0.000000 0.000000 0.533775 0.845627
102.136522293 3.868466 2.893947 0.000000 0.000000 0.000000 0.533693 0.845678
102.221495152 3.868479 2.893455 0.000000 0.000000 0.000000 0.533615 0.845727
102.276251078 3.868348 2.892822 0.000000 0.000000 0.000000 0.533632 0.845717
102.367645025 3.868292 2.893719 0.000000 0.000000 0.000000 0.533424 0.845848
102.423708200 3.867675 2.893937 0.000000 0.000000 0.000000 0.533310 0.845920
102.525077105 3.866677 2.894361 0.000000 0.000000 0.000000 0.533232 0.845969
102.574762106 3.866970 2.894493 0.000000 0.000000 0.000000 0.533127 0.846035
102.674291134 3.867801 2.894862 0.000000 0.000000 0.000000 0.533202 0.845988
