56.000000000 -0.004068 1.006501 0.000000 0.000000 0.000000 0.001370 0.999999
56.092626333 -0.014448 1.000229 0.000000 0.000000 0.000000 0.007645 0.999971
56.136488199 -0.013331 0.998358 0.000000 0.000000 0.000000 0.008509 0.999964
56.234569073 -0.016330 0.995497 0.000000 0.000000 0.000000 0.007859 0.999969
56.291095257 -0.018408 0.994434 0.000000 0.000000 0.000000 0.007731 0.999970
56.384810448 -0.019044 0.994000 0.000000 0.000000 0.000000 0.008178 0.999967
56.432573795 -0.020386 0.994683 0.000000 0.000000 0.000000 0.008154 0.999967
56.517774343 -0.020046 0.994346 0.000000 0.000000 0.000000 0.007648 0.999971
56.566277504 -0.020934 0.994332 0.000000 0.000000 0.000000 0.007608 0.999971
56.658776283 -0.022748 0.994546 0.000000 0.000000 0.000000 0.007799 0.999970
56.719421625 -0.024443 0.995296 0.000000 0.000000 0.000000 0.007927 0.999969
56.806190968 -0.026267 0.995596 0.000000 0.000000 0.000000 0.007587 0.999971
56.859033823 -0.027715 0.997039 0.000000 0.000000 0.000000 0.007961 0.999968
56.956225157 -0.027498 0.995567 0.000000 0.000000 0.000000 0.007634 0.999971
56.992516994 -0.025931 0.994532 0.000000 0.000000 0.000000 0.007487 0.999972
57.085117579 -0.026749 0.994924 0.000000 0.000000 0.000000 0.007433 0.999972
57.135342836 -0.028336 0.996258 0.000000 0.000000 0.000000 0.007469 0.999972
57.226917267 -0.031196 0.998214 0.000000 0.000000 0.000000 0.008017 0.999968
57.280653477 -0.031946 0.995913 0.000000 0.000000 0.000000 0.008090 0.999967
57.376023293 -0.031160 0.996111 0.000000 0.000000 0.000000 0.008444 0.999964
57.421943903 -0.031593 0.996413 0.000000 0.000000 0.000000 0.008578 0.999963
57.506844759 -0.033100 0.995791 0.000000 0.000000 0.000000 0.007831 0.999969
57.561612844 -0.031296 0.996795 0.000000 0.000000 0.000000 0.008200 0.999966
57.661116600 -0.032148 0.996697 0.000000 0.000000 0.000000 0.007746 0.999970
57.713097334 -0.033546 0.995975 0.000000 0.000000 0.000000 0.007767 0.999970
57.818692207 -0.034306 0.993276 0.000000 0.000000 0.000000 0.007237 0.999974
57.857132435 -0.035135 0.992534 0.000000 0.000000 0.000000 0.006857 0.999976
57.942367077 -0.036367 0.989481 0.000000 0.000000 0.000000 0.006122 0.999981
57.993121147 -0.038852 0.991532 0.000000 0.000000 0.000000 0.005893 0.999983
58.084053516 -0.040760 0.992111 0.000000 0.000000 0.000000 0.005752 0.999983
58.134043932 -0.041369 0.991913 0.000000 0.000000 0.000000 0.005365 0.999986
58.226578236 -0.041433 0.990815 0.000000 0.000000 0.000000 0.005192 0.999987
58.278188705 -0.040724 0.989476 0.000000 0.000000 0.000000 0.004767 0.999989
58.375108480 -0.040561 0.988087 0.000000 0.000000 0.000000 0.004848 0.999988
58.432198524 -0.041589 0.987190 0.000000 0.000000 0.000000 0.004703 0.999989
58.513686180 -0.041997 0.986663 0.000000 0.000000 0.000000 0.004369 0.999990
58.577755451 -0.042648 0.987233 0.000000 0.000000 0.000000 0.004429 0.999990
58.663658381 -0.042481 0.989024 0.000000 0.000000 0.000000 0.004483 0.999990
58.721382856 -0.043165 0.988590 0.000000 0.000000 0.000000 0.004129 0.999991
58.811643362 -0.042770 0.988514 0.000000 0.000000 0.000000 0.003989 0.999992
58.859117508 -0.043804 0.988756 0.000000 0.000000 0.000000 0.003869 0.999993
58.954252720 -0.044118 0.988420 0.000000 0.000000 0.000000 0.003804 0.999993
59.016629219 -0.045532 0.991022 0.000000 0.000000 0.000000 0.003294 0.999995
59.106379747 -0.045346 0.990793 0.000000 0.000000 0.000000 0.003043 0.999995
59.158839226 -0.044491 0.991470 0.000000 0.000000 0.000000 0.002739 0.999996
59.239713192 -0.043919 0.990469 0.000000 0.000000 0.000000 0.002785 0.999996
59.295119047 -0.042165 0.988894 0.000000 0.000000 0.000000 0.003071 0.999995
59.400145054 -0.041950 0.984355 0.000000 0.000000 0.000000 0.003142 0.999995
59.447155952 -0.042777 0.982939 0.000000 0.000000 0.000000 0.003290 0.999995
59.543852329 -0.041866 0.983018 0.000000 0.000000 0.000000 0.003209 0.999995
59.590034962 -0.041565 0.981400 0.000000 0.000000 0.000000 0.003464 0.999994
59.665421247 -0.040751 0.982354 0.000000 0.000000 0.000000 0.003714 0.999993
59.720851421 -0.039269 0.979900 0.000000 0.000000 0.000000 0.003741 0.999993
59.805132151 -0.038380 0.978561 0.000000 0.000000 0.000000 0.003675 0.999993
59.860359430 -0.037979 0.979816 0.000000 0.000000 0.000000 0.003653 0.999993
59.957119226 -0.039566 0.979861 0.000000 0.000000 0.000000 0.003799 0.999993
60.005816936 -0.039004 0.979298 0.000000 0.000000 0.000000 0.003629 0.999993
60.089397669 -0.038447 0.979410 0.000000 0.000000 0.000000 0.003199 0.999995
60.138172865 -0.037106 0.979890 0.000000 0.000000 0.000000 0.003311 0.999995
60.220950127 -0.037229 0.978875 0.000000 0.000000 0.000000 0.003397 0.999994
60.272440672 -0.035954 0.980193 0.000000 0.000000 0.000000 0.003150 0.999995
60.365985632 -0.034543 0.979410 0.000000 0.000000 0.000000 0.003681 0.999993
60.419920921 -0.033001 0.980579 0.000000 0.000000 0.000000 0.003445 0.999994
60.517887354 -0.033575 0.980044 0.000000 0.000000 0.000000 0.003464 0.999994
60.576246977 -0.035334 0.980677 0.000000 0.000000 0.000000 0.003274 0.999995
60.661265135 -0.034865 0.980050 0.000000 0.000000 0.000000 0.003295 0.999995
60.720116138 -0.035486 0.980643 0.000000 0.000000 0.000000 0.003244 0.999995
60.806773424 -0.034680 0.981952 0.000000 0.000000 0.000000 0.003129 0.999995
60.856551170 -0.034470 0.981776 0.000000 0.000000 0.000000 0.003027 0.999995
60.954911470 -0.033536 0.982717 0.000000 0.000000 0.000000 0.003079 0.999995
61.012297630 -0.033624 0.983228 0.000000 0.000000 0.000000 0.002991 0.999996
61.109639168 -0.033368 0.982658 0.000000 0.000000 0.000000 0.002724 0.999996
61.157109976 -0.037164 0.983976 0.000000 0.000000 0.000000 0.002876 0.999996
61.239634752 -0.037562 0.984586 0.000000 0.000000 0.000000 0.002570 0.999997
61.291578770 -0.037704 0.985744 0.000000 0.000000 0.000000 0.002577 0.999997
61.377224922 -0.037308 0.986682 0.000000 0.000000 0.000000 0.002387 0.999997
61.424571276 -0.038149 0.988618 0.000000 0.000000 0.000000 0.002446 0.999997
61.517945051 -0.039542 0.986422 0.000000 0.000000 0.000000 0.002397 0.999997
61.571182013 -0.038935 0.987777 0.000000 0.000000 0.000000 0.002355 0.999997
61.674693108 -0.038278 0.987182 0.000000 0.000000 0.000000 0.002166 0.999998
61.731230259 -0.038059 0.988733 0.000000 0.000000 0.000000 0.001897 0.999998
61.823836803 -0.037439 0.988805 0.000000 0.000000 0.000000 0.001979 0.999998
61.867137194 -0.037817 0.990238 0.000000 0.000000 0.000000 0.001565 0.999999
61.957184315 -0.037766 0.990785 0.000000 0.000000 0.000000 0.001637 0.999999
62.007257462 -0.038325 0.992066 0.000000 0.000000 0.000000 0.001723 0.999999
62.096065044 -0.037470 0.992922 0.000000 0.000000 0.000000 0.001666 0.999999
62.149833441 -0.038045 0.993237 0.000000 0.000000 0.000000 0.001652 0.999999
62.231528997 -0.026154 0.995713 0.000000 0.000000 0.000000 0.001481 0.999999
62.288254261 -0.016257 0.997299 0.000000 0.000000 0.000000 0.001681 0.999999
62.372793436 -0.000080 0.998367 0.000000 0.000000 0.000000 0.001763 0.999998
62.437046528 0.012142 0.998620 0.000000 0.000000 0.000000 0.001536 0.999999
62.518205643 0.025160 0.998027 0.000000 0.000000 0.000000 0.001111 0.999999
62.573649645 0.036277 0.998452 0.000000 0.000000 0.000000 0.001469 0.999999
62.658019066 0.049981 1.001004 0.000000 0.000000 0.000000 0.001464 0.999999
62.708748341 0.059042 1.001757 0.000000 0.000000 0.000000 0.001274 0.999999
62.802901506 0.077298 1.003054 0.000000 0.000000 0.000000 0.001228 0.999999
62.862125397 0.088492 1.003222 0.000000 0.000000 0.000000 0.001390 0.999999
62.944721937 0.102125 1.006321 0.000000 0.000000 0.000000 0.001970 0.999998
63.001682520 0.113191 1.006697 0.000000 0.000000 0.000000 0.002322 0.999997
63.096352816 0.130542 1.007793 0.000000 0.000000 0.000000 0.002633 0.999997
63.140980959 0.137309 1.007007 0.000000 0.000000 0.000000 0.002427 0.999997
63.224403381 0.150714 1.009238 0.000000 0.000000 0.000000 0.002797 0.999996
63.278097630 0.159287 1.009130 0.000000 0.000000 0.000000 0.003409 0.999994
63.378735542 0.175955 1.008630 0.000000 0.000000 0.000000 0.003760 0.999993
63.429337263 0.184315 1.007214 0.000000 0.000000 0.000000 0.003680 0.999993
63.507558107 0.197830 1.007583 0.000000 0.000000 0.000000 0.003687 0.999993
63.561244726 0.207451 1.007932 0.000000 0.000000 0.000000 0.003824 0.999993
63.651183605 0.226625 1.009534 0.000000 0.000000 0.000000 0.004214 0.999991
63.722069025 0.238633 1.009866 0.000000 0.000000 0.000000 0.004508 0.999990
63.818211794 0.255437 1.010346 0.000000 0.000000 0.000000 0.004564 0.999990
63.867984533 0.264146 1.011735 0.000000 0.000000 0.000000 0.004313 0.999991
63.954170942 0.279527 1.011093 0.000000 0.000000 0.000000 0.004694 0.999989
64.007827759 0.289768 1.009270 0.000000 0.000000 0.000000 0.004597 0.999989
64.098969221 0.306072 1.010470 0.000000 0.000000 0.000000 0.004434 0.999990
64.150251389 0.314472 1.010348 0.000000 0.000000 0.000000 0.004379 0.999990
64.240028858 0.330270 1.010057 0.000000 0.000000 0.000000 0.004790 0.999989
64.291742325 0.339789 1.009962 0.000000 0.000000 0.000000 0.004646 0.999989
64.384911537 0.356068 1.009953 0.000000 0.000000 0.000000 0.004552 0.999990
64.438662767 0.368078 1.009310 0.000000 0.000000 0.000000 0.004710 0.999989
64.529100657 0.384624 1.008760 0.000000 0.000000 0.000000 0.005200 0.999986
64.581606388 0.394374 1.006356 0.000000 0.000000 0.000000 0.005327 0.999986
64.666499376 0.409921 1.005559 0.000000 0.000000 0.000000 0.005283 0.999986
64.719514608 0.420584 1.007500 0.000000 0.000000 0.000000 0.005554 0.999985
64.801486015 0.434341 1.007431 0.000000 0.000000 0.000000 0.005816 0.999983
64.853920698 0.441769 1.007518 0.000000 0.000000 0.000000 0.005888 0.999983
64.943417788 0.457167 1.008521 0.000000 0.000000 0.000000 0.005807 0.999983
64.995023489 0.465116 1.007132 0.000000 0.000000 0.000000 0.005574 0.999984
65.076430798 0.477000 1.007413 0.000000 0.000000 0.000000 0.006084 0.999981
65.137303352 0.487170 1.006848 0.000000 0.000000 0.000000 0.006219 0.999981
65.235720634 0.504355 1.007188 0.000000 0.000000 0.000000 0.006171 0.999981
65.286878586 0.513077 1.007706 0.000000 0.000000 0.000000 0.005868 0.999983
65.388996363 0.530096 1.005474 0.000000 0.000000 0.000000 0.005943 0.999982
65.443364143 0.538921 1.006421 0.000000 0.000000 0.000000 0.005969 0.999982
65.533442974 0.554491 1.005605 0.000000 0.000000 0.000000 0.005727 0.999984
65.583643198 0.562847 1.003805 0.000000 0.000000 0.000000 0.005743 0.999984
65.666572094 0.577229 1.003198 0.000000 0.000000 0.000000 0.005847 0.999983
65.718314648 0.585708 1.002428 0.000000 0.000000 0.000000 0.005969 0.999982
65.813969851 0.604386 1.001345 0.000000 0.000000 0.000000 0.006245 0.999980
65.860479355 0.612385 1.001426 0.000000 0.000000 0.000000 0.006207 0.999981
65.949100494 0.627038 1.002477 0.000000 0.000000 0.000000 0.006165 0.999981
66.006313324 0.633113 1.001721 0.000000 0.000000 0.000000 0.006107 0.999981
66.091695070 0.645589 1.001959 0.000000 0.000000 0.000000 0.006304 0.999980
66.150105000 0.654145 1.002809 0.000000 0.000000 0.000000 0.006301 0.999980
66.245607138 0.667450 1.004157 0.000000 0.000000 0.000000 0.006360 0.999980
66.289936066 0.672707 1.004507 0.000000 0.000000 0.000000 0.006316 0.999980
66.374847174 0.686696 1.006261 0.000000 0.000000 0.000000 0.006457 0.999979
66.427448988 0.697227 1.007287 0.000000 0.000000 0.000000 0.006540 0.999979
66.515174389 0.712033 1.007323 0.000000 0.000000 0.000000 0.006795 0.999977
66.565155268 0.720363 1.007114 0.000000 0.000000 0.000000 0.006556 0.999979
66.668905973 0.739390 1.006853 0.000000 0.000000 0.000000 0.006664 0.999978
66.720251560 0.748972 1.006847 0.000000 0.000000 0.000000 0.006890 0.999976
66.818524122 0.765277 1.006343 0.000000 0.000000 0.000000 0.006913 0.999976
66.862034321 0.773767 1.005619 0.000000 0.000000 0.000000 0.007416 0.999972
66.948162079 0.788816 1.006819 0.000000 0.000000 0.000000 0.007752 0.999970
66.998103142 0.796990 1.007976 0.000000 0.000000 0.000000 0.008008 0.999968
67.100195885 0.814606 1.009099 0.000000 0.000000 0.000000 0.008242 0.999966
67.157076359 0.823826 1.009355 0.000000 0.000000 0.000000 0.008535 0.999964
67.269846916 0.843601 1.010990 0.000000 0.000000 0.000000 0.008513 0.999964
67.325706720 0.854389 1.011530 0.000000 0.000000 0.000000 0.008344 0.999965
67.417520761 0.873391 1.011213 0.000000 0.000000 0.000000 0.008199 0.999966
67.475314379 0.884069 1.010759 0.000000 0.000000 0.000000 0.008739 0.999962
67.587245464 0.904896 1.011349 0.000000 0.000000 0.000000 0.008900 0.999960
67.657504320 0.919103 1.013749 0.000000 0.000000 0.000000 0.009231 0.999957
67.744100571 0.934547 1.014006 0.000000 0.000000 0.000000 0.009282 0.999957
67.809964418 0.947148 1.015335 0.000000 0.000000 0.000000 0.009299 0.999957
67.907867193 0.964912 1.016500 0.000000 0.000000 0.000000 0.009504 0.999955
67.955658197 0.972511 1.015916 0.000000 0.000000 0.000000 0.009611 0.999954
68.043772697 0.990181 1.017753 0.000000 0.000000 0.000000 0.009740 0.999953
68.092056751 1.000503 1.019269 0.000000 0.000000 0.000000 0.009711 0.999953
68.198954105 1.018661 1.020325 0.000000 0.000000 0.000000 0.009649 0.999953
68.239401817 1.026346 1.020482 0.000000 0.000000 0.000000 0.009613 0.999954
68.334116697 1.040675 1.020248 0.000000 0.000000 0.000000 0.009966 0.999950
68.393169165 1.048256 1.017341 0.000000 0.000000 0.000000 0.009913 0.999951
68.488315105 1.064858 1.015665 0.000000 0.000000 0.000000 0.010492 0.999945
68.548655272 1.076218 1.016171 0.000000 0.000000 0.000000 0.010664 0.999943
68.628951550 1.090566 1.016155 0.000000 0.000000 0.000000 0.011206 0.999937
68.688163757 1.099595 1.016377 0.000000 0.000000 0.000000 0.011464 0.999934
68.771270037 1.112343 1.014898 0.000000 0.000000 0.000000 0.011356 0.999936
68.824939728 1.121233 1.015002 0.000000 0.000000 0.000000 0.011295 0.999936
68.927378178 1.139015 1.014112 0.000000 0.000000 0.000000 0.011266 0.999937
68.988554239 1.149934 1.012583 0.000000 0.000000 0.000000 0.011119 0.999938
69.091393948 1.169681 1.011922 0.000000 0.000000 0.000000 0.011040 0.999939
69.142657280 1.177174 1.011026 0.000000 0.000000 0.000000 0.010577 0.999944
69.226943970 1.192153 1.011167 0.000000 0.000000 0.000000 0.010547 0.999944
69.291504383 1.203805 1.011832 0.000000 0.000000 0.000000 0.010561 0.999944
69.395749092 1.222756 1.012049 0.000000 0.000000 0.000000 0.010823 0.999941
69.444655418 1.232829 1.011522 0.000000 0.000000 0.000000 0.010734 0.999942
69.543005466 1.250581 1.010818 0.000000 0.000000 0.000000 0.010480 0.999945
69.595045090 1.260002 1.011222 0.000000 0.000000 0.000000 0.010620 0.999944
69.695927858 1.276617 1.011931 0.000000 0.000000 0.000000 0.010985 0.999940
69.753221989 1.286792 1.012940 0.000000 0.000000 0.000000 0.010805 0.999942
69.852281094 1.304921 1.013159 0.000000 0.000000 0.000000 0.010828 0.999941
69.909631014 1.314561 1.011065 0.000000 0.000000 0.000000 0.010330 0.999947
70.003495455 1.330844 1.011611 0.000000 0.000000 0.000000 0.010526 0.999945
70.055417776 1.340833 1.011002 0.000000 0.000000 0.000000 0.010765 0.999942
70.137858391 1.354670 1.011291 0.000000 0.000000 0.000000 0.010518 0.999945
70.199167728 1.365256 1.010655 0.000000 0.000000 0.000000 0.010469 0.999945
70.302878618 1.385071 1.008975 0.000000 0.000000 0.000000 0.010603 0.999944
70.369396687 1.399172 1.010320 0.000000 0.000000 0.000000 0.010668 0.999943
70.461210728 1.416690 1.012171 0.000000 0.000000 0.000000 0.011046 0.999939
70.509778738 1.427316 1.011691 0.000000 0.000000 0.000000 0.011249 0.999937
70.599387646 1.444888 1.012941 0.000000 0.000000 0.000000 0.011191 0.999937
70.656033039 1.455721 1.011553 0.000000 0.000000 0.000000 0.011778 0.999931
70.768153429 1.476044 1.012385 0.000000 0.000000 0.000000 0.011694 0.999932
70.815999985 1.486540 1.011006 0.000000 0.000000 0.000000 0.011985 0.999928
70.900581121 1.501583 1.010753 0.000000 0.000000 0.000000 0.012498 0.999922
70.955633402 1.508220 1.012159 0.000000 0.000000 0.000000 0.012835 0.999918
71.042252779 1.524258 1.012796 0.000000 0.000000 0.000000 0.013260 0.999912
71.103641987 1.533245 1.012887 0.000000 0.000000 0.000000 0.013123 0.999914
71.186776161 1.547525 1.013350 0.000000 0.000000 0.000000 0.013588 0.999908
71.250498533 1.557946 1.012456 0.000000 0.000000 0.000000 0.013501 0.999909
71.341936827 1.564305 1.011455 0.000000 0.000000 0.000000 0.020420 0.999791
71.393325806 1.567623 1.009301 0.000000 0.000000 0.000000 0.024112 0.999709
71.487019539 1.571368 1.007048 0.000000 0.000000 0.000000 0.031223 0.999512
71.537977695 1.571576 1.005084 0.000000 0.000000 0.000000 0.034438 0.999407
71.626116753 1.571273 0.999907 0.000000 0.000000 0.000000 0.040353 0.999186
71.682151079 1.573591 0.997683 0.000000 0.000000 0.000000 0.044032 0.999030
71.763496399 1.576683 0.995854 0.000000 0.000000 0.000000 0.049947 0.998752
71.820455313 1.578657 0.995223 0.000000 0.000000 0.000000 0.054104 0.998535
71.918866396 1.583332 0.993077 0.000000 0.000000 0.000000 0.061686 0.998096
71.975845575 1.585054 0.990147 0.000000 0.000000 0.000000 0.065414 0.997858
72.068582535 1.587036 0.989328 0.000000 0.000000 0.000000 0.072039 0.997402
72.122643709 1.584699 0.988432 0.000000 0.000000 0.000000 0.075171 0.997171
72.217851877 1.599485 0.988240 0.000000 0.000000 0.000000 0.074656 0.997209
72.265589714 1.607462 0.988617 0.000000 0.000000 0.000000 0.074815 0.997197
72.354194641 1.622413 0.989989 0.000000 0.000000 0.000000 0.074855 0.997194
72.403216600 1.633285 0.993446 0.000000 0.000000 0.000000 0.074696 0.997206
72.504085302 1.651066 0.998284 0.000000 0.000000 0.000000 0.075200 0.997168
72.559812546 1.662565 1.001986 0.000000 0.000000 0.000000 0.075039 0.997181
72.641114473 1.678595 1.005338 0.000000 0.000000 0.000000 0.075369 0.997156
72.695553064 1.689005 1.008452 0.000000 0.000000 0.000000 0.075701 0.997131
72.784453154 1.704758 1.012525 0.000000 0.000000 0.000000 0.076301 0.997085
72.839464188 1.708666 1.012798 0.000000 0.000000 0.000000 0.080148 0.996783
72.931765556 1.710650 1.013030 0.000000 0.000000 0.000000 0.085967 0.996298
72.986810684 1.713704 1.012557 0.000000 0.000000 0.000000 0.089449 0.995991
73.071648121 1.716623 1.013064 0.000000 0.000000 0.000000 0.094966 0.995481
73.129702330 1.715814 1.009791 0.000000 0.000000 0.000000 0.099005 0.995087
73.227200508 1.718696 1.007279 0.000000 0.000000 0.000000 0.105904 0.994376
73.271549940 1.720141 1.007047 0.000000 0.000000 0.000000 0.108901 0.994053
73.365193605 1.734359 1.009634 0.000000 0.000000 0.000000 0.108646 0.994080
73.410813332 1.741266 1.010618 0.000000 0.000000 0.000000 0.108821 0.994061
73.495560646 1.755378 1.015265 0.000000 0.000000 0.000000 0.109464 0.993991
73.549853325 1.768629 1.016287 0.000000 0.000000 0.000000 0.109732 0.993961
73.635336399 1.785239 1.020376 0.000000 0.000000 0.000000 0.109913 0.993941
73.700213671 1.797148 1.021294 0.000000 0.000000 0.000000 0.109947 0.993937
73.794411182 1.814135 1.026048 0.000000 0.000000 0.000000 0.110235 0.993906
73.851395130 1.826344 1.031450 0.000000 0.000000 0.000000 0.110097 0.993921
73.934927464 1.844674 1.034668 0.000000 0.000000 0.000000 0.109958 0.993936
73.994324923 1.849928 1.035149 0.000000 0.000000 0.000000 0.114072 0.993472
74.076428652 1.854832 1.035469 0.000000 0.000000 0.000000 0.120146 0.992756
74.138641834 1.854632 1.035700 0.000000 0.000000 0.000000 0.125186 0.992133
74.232690811 1.857220 1.035322 0.000000 0.000000 0.000000 0.132198 0.991223
74.284757137 1.859680 1.036308 0.000000 0.000000 0.000000 0.136343 0.990662
74.368963718 1.863165 1.036084 0.000000 0.000000 0.000000 0.142809 0.989750
74.424954653 1.866739 1.036472 0.000000 0.000000 0.000000 0.146293 0.989241
74.512892008 1.869737 1.037430 0.000000 0.000000 0.000000 0.153102 0.988210
74.568120718 1.876723 1.040566 0.000000 0.000000 0.000000 0.152877 0.988245
74.659038782 1.890188 1.045101 0.000000 0.000000 0.000000 0.153116 0.988208
74.720528126 1.901487 1.047480 0.000000 0.000000 0.000000 0.153161 0.988201
74.807915449 1.913734 1.052954 0.000000 0.000000 0.000000 0.153074 0.988215
74.867791891 1.923312 1.055444 0.000000 0.000000 0.000000 0.153167 0.988200
74.956265450 1.938813 1.061444 0.000000 0.000000 0.000000 0.153517 0.988146
75.006022692 1.947870 1.065029 0.000000 0.000000 0.000000 0.154049 0.988063
75.093890429 1.963837 1.070678 0.000000 0.000000 0.000000 0.154966 0.987920
75.151803017 1.971784 1.071751 0.000000 0.000000 0.000000 0.155598 0.987821
75.237923384 1.987501 1.076551 0.000000 0.000000 0.000000 0.155997 0.987758
75.289012432 1.997652 1.079013 0.000000 0.000000 0.000000 0.156074 0.987745
75.377345324 2.012534 1.084672 0.000000 0.000000 0.000000 0.156238 0.987719
75.433693886 2.021386 1.087073 0.000000 0.000000 0.000000 0.156680 0.987649
75.537194490 2.036956 1.092519 0.000000 0.000000 0.000000 0.156774 0.987635
75.586070776 2.044673 1.094868 0.000000 0.000000 0.000000 0.156783 0.987633
75.689361572 2.062927 1.100173 0.000000 0.000000 0.000000 0.156711 0.987644
75.744805098 2.073115 1.103360 0.000000 0.000000 0.000000 0.156599 0.987662
75.826009274 2.086714 1.106491 0.000000 0.000000 0.000000 0.156463 0.987684
75.899021864 2.093970 1.105813 0.000000 0.000000 0.000000 0.161358 0.986896
75.992537260 2.099481 1.106781 0.000000 0.000000 0.000000 0.168022 0.985783
76.056124210 2.101897 1.108228 0.000000 0.000000 0.000000 0.172437 0.985021
76.141805172 2.105543 1.108949 0.000000 0.000000 0.000000 0.177896 0.984049
76.196712971 2.105300 1.108442 0.000000 0.000000 0.000000 0.181115 0.983462
76.279946327 2.107202 1.107547 0.000000 0.000000 0.000000 0.187299 0.982303
76.336917877 2.108748 1.107146 0.000000 0.000000 0.000000 0.191171 0.981557
76.431858301 2.114131 1.105133 0.000000 0.000000 0.000000 0.198382 0.980125
76.487337351 2.118107 1.107960 0.000000 0.000000 0.000000 0.198134 0.980175
76.576975346 2.131809 1.113519 0.000000 0.000000 0.000000 0.198159 0.980170
76.635664701 2.141060 1.118070 0.000000 0.000000 0.000000 0.198015 0.980199
76.736702204 2.158749 1.124246 0.000000 0.000000 0.000000 0.198143 0.980173
76.784813404 2.168149 1.127796 0.000000 0.000000 0.000000 0.197899 0.980222
76.872728825 2.181221 1.135214 0.000000 0.000000 0.000000 0.198651 0.980070
76.940669060 2.192018 1.137390 0.000000 0.000000 0.000000 0.198603 0.980080
77.039191484 2.209516 1.144504 0.000000 0.000000 0.000000 0.199003 0.979999
77.091496944 2.220308 1.150175 0.000000 0.000000 0.000000 0.199167 0.979966
77.178045034 2.224456 1.152211 0.000000 0.000000 0.000000 0.205219 0.978716
77.233334064 2.227133 1.153612 0.000000 0.000000 0.000000 0.208908 0.977935
77.321522951 2.230728 1.154658 0.000000 0.000000 0.000000 0.215228 0.976564
77.385615587 2.230778 1.152493 0.000000 0.000000 0.000000 0.219512 0.975610
77.482558012 2.243790 1.156511 0.000000 0.000000 0.000000 0.219413 0.975632
77.535058022 2.252148 1.158083 0.000000 0.000000 0.000000 0.219441 0.975626
77.635596514 2.269379 1.167892 0.000000 0.000000 0.000000 0.219901 0.975522
77.687636852 2.278388 1.171329 0.000000 0.000000 0.000000 0.220158 0.975464
77.783472538 2.294853 1.179195 0.000000 0.000000 0.000000 0.220402 0.975409
77.833787918 2.303344 1.184238 0.000000 0.000000 0.000000 0.220351 0.975421
77.940711260 2.320165 1.192437 0.000000 0.000000 0.000000 0.220198 0.975455
77.985099792 2.328388 1.195805 0.000000 0.000000 0.000000 0.220169 0.975462
78.074628830 2.346694 1.201045 0.000000 0.000000 0.000000 0.220730 0.975335
78.126539230 2.354345 1.204628 0.000000 0.000000 0.000000 0.220815 0.975316
78.225707769 2.358950 1.206211 0.000000 0.000000 0.000000 0.227669 0.973739
78.287621975 2.360389 1.209893 0.000000 0.000000 0.000000 0.232186 0.972671
78.371752024 2.374215 1.216151 0.000000 0.000000 0.000000 0.232830 0.972517
78.425225496 2.382964 1.219263 0.000000 0.000000 0.000000 0.232866 0.972509
78.525620699 2.397620 1.226944 0.000000 0.000000 0.000000 0.232735 0.972540
78.588539600 2.407090 1.231703 0.000000 0.000000 0.000000 0.232938 0.972492
78.670593977 2.421036 1.237063 0.000000 0.000000 0.000000 0.233064 0.972461
78.735427380 2.429392 1.240132 0.000000 0.000000 0.000000 0.232651 0.972560
78.827690363 2.445329 1.247838 0.000000 0.000000 0.000000 0.232678 0.972554
78.889282465 2.456160 1.254192 0.000000 0.000000 0.000000 0.232800 0.972525
78.986895561 2.471245 1.262411 0.000000 0.000000 0.000000 0.233194 0.972430
79.038242817 2.480222 1.267203 0.000000 0.000000 0.000000 0.232800 0.972525
79.133278370 2.484546 1.270802 0.000000 0.000000 0.000000 0.239588 0.970875
79.188038111 2.485466 1.270300 0.000000 0.000000 0.000000 0.242266 0.970210
79.274859905 2.486420 1.271062 0.000000 0.000000 0.000000 0.247722 0.968831
79.325020790 2.492079 1.272166 0.000000 0.000000 0.000000 0.247679 0.968842
79.419587612 2.505530 1.279689 0.000000 0.000000 0.000000 0.247605 0.968861
79.476016521 2.514304 1.282783 0.000000 0.000000 0.000000 0.247679 0.968842
79.572896481 2.530418 1.288903 0.000000 0.000000 0.000000 0.247874 0.968792
79.625355482 2.538394 1.293091 0.000000 0.000000 0.000000 0.247761 0.968821
79.715934038 2.553874 1.300540 0.000000 0.000000 0.000000 0.248044 0.968749
79.766192913 2.560723 1.305945 0.000000 0.000000 0.000000 0.248123 0.968729
79.851100206 2.575854 1.313956 0.000000 0.000000 0.000000 0.247602 0.968862
79.911969662 2.587140 1.322184 0.000000 0.000000 0.000000 0.247802 0.968811
80.005322218 2.601328 1.331287 0.000000 0.000000 0.000000 0.247848 0.968799
80.049822092 2.606618 1.334190 0.000000 0.000000 0.000000 0.248068 0.968743
80.144307137 2.620895 1.340415 0.000000 0.000000 0.000000 0.247770 0.968819
80.194717646 2.630779 1.345836 0.000000 0.000000 0.000000 0.247721 0.968832
80.283586025 2.636705 1.347570 0.000000 0.000000 0.000000 0.253802 0.967256
80.339012861 2.639296 1.349610 0.000000 0.000000 0.000000 0.257316 0.966327
80.432806969 2.644878 1.348510 0.000000 0.000000 0.000000 0.264115 0.964491
80.481657505 2.647205 1.347897 0.000000 0.000000 0.000000 0.267354 0.963598
80.570667744 2.650850 1.347743 0.000000 0.000000 0.000000 0.273173 0.961965
80.629180193 2.653223 1.343771 0.000000 0.000000 0.000000 0.276427 0.961035
80.725515127 2.657211 1.343400 0.000000 0.000000 0.000000 0.282974 0.959128
80.785824299 2.658708 1.341823 0.000000 0.000000 0.000000 0.286452 0.958095
80.885531425 2.660977 1.342684 0.000000 0.000000 0.000000 0.293237 0.956040
80.931448936 2.660419 1.341571 0.000000 0.000000 0.000000 0.296147 0.955142
81.023196459 2.670433 1.346080 0.000000 0.000000 0.000000 0.296001 0.955188
81.074112654 2.670596 1.347611 0.000000 0.000000 0.000000 0.296109 0.955154
81.169610262 2.684103 1.356706 0.000000 0.000000 0.000000 0.295894 0.955221
81.221564293 2.692125 1.362751 0.000000 0.000000 0.000000 0.295467 0.955353
81.317089081 2.705252 1.371708 0.000000 0.000000 0.000000 0.295406 0.955372
81.373459816 2.712759 1.376534 0.000000 0.000000 0.000000 0.295584 0.955317
81.468533754 2.726775 1.385470 0.000000 0.000000 0.000000 0.295532 0.955333
81.523016691 2.735655 1.392104 0.000000 0.000000 0.000000 0.295266 0.955415
81.598726511 2.747760 1.401579 0.000000 0.000000 0.000000 0.295503 0.955342
81.657386780 2.751616 1.405178 0.000000 0.000000 0.000000 0.299588 0.954069
81.743980408 2.754327 1.407482 0.000000 0.000000 0.000000 0.304540 0.952500
81.802433014 2.757365 1.407471 0.000000 0.000000 0.000000 0.308272 0.951298
81.892469883 2.758524 1.406537 0.000000 0.000000 0.000000 0.314618 0.949218
81.951400280 2.760588 1.403205 0.000000 0.000000 0.000000 0.318804 0.947821
82.051398516 2.763459 1.400896 0.000000 0.000000 0.000000 0.325764 0.945451
82.098116398 2.762807 1.399180 0.000000 0.000000 0.000000 0.328462 0.944517
82.188131332 2.771701 1.403862 0.000000 0.000000 0.000000 0.328595 0.944471
82.248149872 2.777163 1.408914 0.000000 0.000000 0.000000 0.328429 0.944529
82.336132288 2.786689 1.423256 0.000000 0.000000 0.000000 0.327958 0.944692
82.396090031 2.794433 1.431729 0.000000 0.000000 0.000000 0.328221 0.944601
82.493404388 2.808054 1.442325 0.000000 0.000000 0.000000 0.328360 0.944553
82.545469284 2.816182 1.449855 0.000000 0.000000 0.000000 0.328193 0.944611
82.645762682 2.830028 1.464142 0.000000 0.000000 0.000000 0.328394 0.944541
82.703368902 2.837880 1.471582 0.000000 0.000000 0.000000 0.328342 0.944559
82.786747932 2.849831 1.479007 0.000000 0.000000 0.000000 0.328526 0.944495
82.854153395 2.861902 1.485867 0.000000 0.000000 0.000000 0.328873 0.944374
82.943068027 2.877454 1.494522 0.000000 0.000000 0.000000 0.328830 0.944389
83.009804964 2.887987 1.500408 0.000000 0.000000 0.000000 0.328826 0.944391
83.085191727 2.899143 1.506525 0.000000 0.000000 0.000000 0.328926 0.944356
83.153803349 2.909202 1.513515 0.000000 0.000000 0.000000 0.328646 0.944453
83.241653681 2.922377 1.522042 0.000000 0.000000 0.000000 0.328432 0.944528
83.297069788 2.927411 1.523789 0.000000 0.000000 0.000000 0.331049 0.943614
83.389735460 2.930272 1.525567 0.000000 0.000000 0.000000 0.337379 0.941369
83.453119040 2.931116 1.524932 0.000000 0.000000 0.000000 0.341252 0.939972
83.537900448 2.934913 1.525545 0.000000 0.000000 0.000000 0.346534 0.938037
83.597048283 2.935596 1.524863 0.000000 0.000000 0.000000 0.349995 0.936751
83.717325926 2.939770 1.524612 0.000000 0.000000 0.000000 0.358623 0.933482
83.749479055 2.940794 1.521670 0.000000 0.000000 0.000000 0.360504 0.932758
83.838826418 2.944689 1.518477 0.000000 0.000000 0.000000 0.365772 0.930704
83.901724577 2.948539 1.517126 0.000000 0.000000 0.000000 0.369617 0.929184
83.992516994 2.953926 1.516665 0.000000 0.000000 0.000000 0.375180 0.926952
84.051721573 2.953618 1.514054 0.000000 0.000000 0.000000 0.379477 0.925201
84.156426907 2.956305 1.514620 0.000000 0.000000 0.000000 0.386501 0.922289
84.200500965 2.956326 1.514720 0.000000 0.000000 0.000000 0.389134 0.921181
84.283172131 2.965855 1.522690 0.000000 0.000000 0.000000 0.389491 0.921030
84.341853619 2.975266 1.531511 0.000000 0.000000 0.000000 0.389683 0.920949
84.440338135 2.987449 1.543311 0.000000 0.000000 0.000000 0.389823 0.920890
84.490278244 2.991201 1.549722 0.000000 0.000000 0.000000 0.389945 0.920838
84.590413809 3.004122 1.559969 0.000000 0.000000 0.000000 0.390248 0.920710
84.637861252 3.006417 1.561139 0.000000 0.000000 0.000000 0.393864 0.919169
84.731191397 3.013766 1.565250 0.000000 0.000000 0.000000 0.399864 0.916575
84.795961142 3.018526 1.564541 0.000000 0.000000 0.000000 0.403665 0.914907
84.885035038 3.021093 1.564891 0.000000 0.000000 0.000000 0.409242 0.912426
84.942189693 3.024632 1.568576 0.000000 0.000000 0.000000 0.408898 0.912580
85.035698891 3.036327 1.576956 0.000000 0.000000 0.000000 0.409076 0.912500
85.087255955 3.043710 1.582589 0.000000 0.000000 0.000000 0.409024 0.912523
85.177431345 3.051750 1.592925 0.000000 0.000000 0.000000 0.408903 0.912578
85.234461546 3.059008 1.600301 0.000000 0.000000 0.000000 0.409340 0.912382
85.317269802 3.069019 1.609868 0.000000 0.000000 0.000000 0.409472 0.912322
85.371974707 3.074652 1.616793 0.000000 0.000000 0.000000 0.409436 0.912339
85.478625298 3.079394 1.619295 0.000000 0.000000 0.000000 0.416568 0.909105
85.528799295 3.081513 1.621133 0.000000 0.000000 0.000000 0.420037 0.907507
85.623463392 3.083544 1.621790 0.000000 0.000000 0.000000 0.426281 0.904591
85.673765659 3.083274 1.621469 0.000000 0.000000 0.000000 0.429218 0.903201
85.763669968 3.091954 1.631271 0.000000 0.000000 0.000000 0.429210 0.903205
85.820935726 3.097179 1.637016 0.000000 0.000000 0.000000 0.429342 0.903142
85.910727024 3.107107 1.648336 0.000000 0.000000 0.000000 0.429129 0.903243
85.964876890 3.111192 1.658487 0.000000 0.000000 0.000000 0.429131 0.903242
86.051109076 3.120841 1.671481 0.000000 0.000000 0.000000 0.429278 0.903172
86.103527308 3.128519 1.680362 0.000000 0.000000 0.000000 0.429233 0.903194
86.201452255 3.139471 1.695624 0.000000 0.000000 0.000000 0.429327 0.903149
86.242657185 3.145685 1.702461 0.000000 0.000000 0.000000 0.429252 0.903185
86.334985495 3.156389 1.713691 0.000000 0.000000 0.000000 0.428991 0.903309
86.382092714 3.160620 1.714966 0.000000 0.000000 0.000000 0.431639 0.902047
86.472083092 3.163575 1.714843 0.000000 0.000000 0.000000 0.437182 0.899373
86.523828268 3.165446 1.712527 0.000000 0.000000 0.000000 0.439580 0.898204
86.615870237 3.167251 1.714665 0.000000 0.000000 0.000000 0.444951 0.895555
86.670076370 3.167935 1.714799 0.000000 0.000000 0.000000 0.447732 0.894168
86.774803400 3.179272 1.727579 0.000000 0.000000 0.000000 0.447989 0.894039
86.820199966 3.181865 1.732869 0.000000 0.000000 0.000000 0.448359 0.893854
86.919469357 3.192382 1.747051 0.000000 0.000000 0.000000 0.448259 0.893904
86.967871189 3.199525 1.754768 0.000000 0.000000 0.000000 0.447895 0.894086
87.056761026 3.208669 1.769784 0.000000 0.000000 0.000000 0.447973 0.894047
87.109259605 3.214584 1.777351 0.000000 0.000000 0.000000 0.448115 0.893976
87.192007065 3.224327 1.788915 0.000000 0.000000 0.000000 0.448056 0.894005
87.253980637 3.231876 1.796413 0.000000 0.000000 0.000000 0.448046 0.894011
87.349741697 3.233814 1.798680 0.000000 0.000000 0.000000 0.453957 0.891024
87.405018091 3.233514 1.800176 0.000000 0.000000 0.000000 0.457109 0.889411
87.485984564 3.234716 1.800837 0.000000 0.000000 0.000000 0.462249 0.886750
87.543567896 3.235248 1.800337 0.000000 0.000000 0.000000 0.466155 0.884703
87.634330273 3.238853 1.799121 0.000000 0.000000 0.000000 0.471949 0.881626
87.686902761 3.239779 1.796653 0.000000 0.000000 0.000000 0.475539 0.879695
87.787247896 3.240800 1.795175 0.000000 0.000000 0.000000 0.481383 0.876511
87.837472916 3.244316 1.796421 0.000000 0.000000 0.000000 0.481748 0.876310
87.916748285 3.250775 1.805978 0.000000 0.000000 0.000000 0.481559 0.876413
87.986268759 3.255439 1.815771 0.000000 0.000000 0.000000 0.481468 0.876464
88.086726427 3.265356 1.828801 0.000000 0.000000 0.000000 0.481372 0.876516
88.150101423 3.270974 1.837767 0.000000 0.000000 0.000000 0.481715 0.876328
88.240933418 3.274000 1.841293 0.000000 0.000000 0.000000 0.487492 0.873127
88.297403812 3.277030 1.842329 0.000000 0.000000 0.000000 0.490828 0.871256
88.386169910 3.276898 1.844869 0.000000 0.000000 0.000000 0.496051 0.868293
88.450335503 3.278533 1.845231 0.000000 0.000000 0.000000 0.499826 0.866126
88.535275698 3.280745 1.844265 0.000000 0.000000 0.000000 0.504758 0.863261
88.605426788 3.282546 1.843883 0.000000 0.000000 0.000000 0.508607 0.860999
88.683759212 3.285077 1.845597 0.000000 0.000000 0.000000 0.513557 0.858055
88.750116110 3.289218 1.850326 0.000000 0.000000 0.000000 0.513487 0.858097
88.851769447 3.297919 1.866445 0.000000 0.000000 0.000000 0.513045 0.858362
88.916266441 3.301787 1.875138 0.000000 0.000000 0.000000 0.512801 0.858507
89.002526760 3.309720 1.887798 0.000000 0.000000 0.000000 0.512835 0.858487
89.057895184 3.312514 1.894946 0.000000 0.000000 0.000000 0.512800 0.858508
89.140100241 3.319737 1.909006 0.000000 0.000000 0.000000 0.513023 0.858375
89.195465088 3.321661 1.914544 0.000000 0.000000 0.000000 0.516077 0.856542
89.289087772 3.324006 1.918861 0.000000 0.000000 0.000000 0.521955 0.852973
89.344048738 3.324048 1.919995 0.000000 0.000000 0.000000 0.525375 0.850871
89.440391302 3.322508 1.921533 0.000000 0.000000 0.000000 0.531335 0.847162
89.492968559 3.321364 1.920434 0.000000 0.000000 0.000000 0.534510 0.845162
89.607647657 3.327649 1.934242 0.000000 0.000000 0.000000 0.534566 0.845127
89.672281504 3.331001 1.940047 0.000000 0.000000 0.000000 0.534344 0.845267
89.768073082 3.336600 1.954085 0.000000 0.000000 0.000000 0.533959 0.845510
89.829360723 3.341639 1.964002 0.000000 0.000000 0.000000 0.533976 0.845500
89.918611765 3.345109 1.976275 0.000000 0.000000 0.000000 0.534018 0.845473
89.983339548 3.348899 1.986898 0.000000 0.000000 0.000000 0.534128 0.845404
90.075467348 3.358220 2.001869 0.000000 0.000000 0.000000 0.534349 0.845264
90.136802912 3.363854 2.013905 0.000000 0.000000 0.000000 0.534268 0.845315
90.217718840 3.369506 2.028539 0.000000 0.000000 0.000000 0.534155 0.845386
90.282570362 3.374063 2.040801 0.000000 0.000000 0.000000 0.534183 0.845369
90.377734184 3.380218 2.055869 0.000000 0.000000 0.000000 0.534392 0.845237
90.428593874 3.383667 2.068324 0.000000 0.000000 0.000000 0.534512 0.845161
90.510604858 3.391068 2.080839 0.000000 0.000000 0.000000 0.534783 0.844989
90.568803549 3.397120 2.091239 0.000000 0.000000 0.000000 0.534664 0.845065
90.669097900 3.405365 2.108083 0.000000 0.000000 0.000000 0.534473 0.845185
90.734403133 3.412628 2.117625 0.000000 0.000000 0.000000 0.534691 0.845047
90.817264557 3.418666 2.129559 0.000000 0.000000 0.000000 0.534499 0.845169
90.874949217 3.424507 2.138150 0.000000 0.000000 0.000000 0.534393 0.845236
90.977848291 3.433397 2.153755 0.000000 0.000000 0.000000 0.534564 0.845128
91.038990498 3.438869 2.164157 0.000000 0.000000 0.000000 0.534104 0.845419
91.132968187 3.446532 2.179159 0.000000 0.000000 0.000000 0.534166 0.845380
91.184181929 3.449937 2.186586 0.000000 0.000000 0.000000 0.534333 0.845274
91.277483940 3.456647 2.201157 0.000000 0.000000 0.000000 0.534752 0.845009
91.333750963 3.459944 2.210419 0.000000 0.000000 0.000000 0.534443 0.845205
91.435931683 3.465946 2.227387 0.000000 0.000000 0.000000 0.534388 0.845240
91.490885019 3.469715 2.236979 0.000000 0.000000 0.000000 0.534442 0.845205
91.596405983 3.476219 2.253855 0.000000 0.000000 0.000000 0.534435 0.845210
91.657889366 3.480157 2.263090 0.000000 0.000000 0.000000 0.534430 0.845213
91.744920015 3.485285 2.276466 0.000000 0.000000 0.000000 0.534555 0.845134
91.803375244 3.487443 2.284766 0.000000 0.000000 0.000000 0.534440 0.845207
91.889576912 3.492169 2.299635 0.000000 0.000000 0.000000 0.534560 0.845131
91.950321198 3.498072 2.308757 0.000000 0.000000 0.000000 0.534512 0.845161
92.040585995 3.505131 2.323917 0.000000 0.000000 0.000000 0.534708 0.845037
92.095539570 3.509394 2.331811 0.000000 0.000000 0.000000 0.534671 0.845060
92.180634975 3.514032 2.347777 0.000000 0.000000 0.000000 0.535074 0.844805
92.233907700 3.518305 2.356175 0.000000 0.000000 0.000000 0.535054 0.844818
92.324627161 3.525230 2.372063 0.000000 0.000000 0.000000 0.535017 0.844841
92.377721786 3.528988 2.381757 0.000000 0.000000 0.000000 0.535251 0.844693
92.477380037 3.536915 2.398010 0.000000 0.000000 0.000000 0.535374 0.844615
92.527386665 3.540464 2.408486 0.000000 0.000000 0.000000 0.535053 0.844819
92.615924358 3.547514 2.421000 0.000000 0.000000 0.000000 0.535015 0.844843
92.672314167 3.552841 2.429141 0.000000 0.000000 0.000000 0.535288 0.844669
92.773890257 3.558708 2.446184 0.000000 0.000000 0.000000 0.535510 0.844529
92.833395958 3.564295 2.457144 0.000000 0.000000 0.000000 0.535201 0.844725
92.924817085 3.570730 2.470426 0.000000 0.000000 0.000000 0.535192 0.844730
92.988978386 3.576117 2.481032 0.000000 0.000000 0.000000 0.535158 0.844752
93.100240469 3.585845 2.496997 0.000000 0.000000 0.000000 0.535122 0.844775
93.152472734 3.587923 2.505916 0.000000 0.000000 0.000000 0.535147 0.844759
93.248969555 3.595294 2.522466 0.000000 0.000000 0.000000 0.535002 0.844851
93.302347898 3.600471 2.533287 0.000000 0.000000 0.000000 0.534909 0.844910
93.402684212 3.607629 2.551703 0.000000 0.000000 0.000000 0.535003 0.844850
93.454676867 3.613405 2.559430 0.000000 0.000000 0.000000 0.534945 0.844887
93.552758694 3.622921 2.574148 0.000000 0.000000 0.000000 0.535012 0.844844
93.613630056 3.626763 2.584451 0.000000 0.000000 0.000000 0.535028 0.844834
93.707502604 3.634242 2.601055 0.000000 0.000000 0.000000 0.534722 0.845028
93.764230251 3.638083 2.614958 0.000000 0.000000 0.000000 0.534863 0.844939
93.873910427 3.645629 2.631794 0.000000 0.000000 0.000000 0.534697 0.845044
93.914932251 3.648259 2.640077 0.000000 0.000000 0.000000 0.534911 0.844909
94.005584240 3.655754 2.655092 0.000000 0.000000 0.000000 0.535033 0.844831
94.060539484 3.657903 2.662303 0.000000 0.000000 0.000000 0.535156 0.844753
94.156020403 3.664988 2.678398 0.000000 0.000000 0.000000 0.535211 0.844719
94.210253716 3.671229 2.686425 0.000000 0.000000 0.000000 0.534973 0.844869
94.306135893 3.677509 2.702670 0.000000 0.000000 0.000000 0.535360 0.844624
94.372974396 3.683636 2.713284 0.000000 0.000000 0.000000 0.535299 0.844663
94.471097946 3.691302 2.729888 0.000000 0.000000 0.000000 0.535682 0.844420
94.529613972 3.697525 2.740411 0.000000 0.000000 0.000000 0.535404 0.844596
94.627149820 3.703838 2.755310 0.000000 0.000000 0.000000 0.535649 0.844441
94.671769142 3.708485 2.763731 0.000000 0.000000 0.000000 0.535803 0.844343
94.763330460 3.714472 2.778321 0.000000 0.000000 0.000000 0.535656 0.844436
94.822440624 3.720803 2.786177 0.000000 0.000000 0.000000 0.535721 0.844395
94.912670851 3.727947 2.799717 0.000000 0.000000 0.000000 0.536069 0.844174
94.978972197 3.731092 2.810776 0.000000 0.000000 0.000000 0.536640 0.843811
95.068254471 3.739186 2.827017 0.000000 0.000000 0.000000 0.536442 0.843937
95.123470068 3.744083 2.836170 0.000000 0.000000 0.000000 0.536574 0.843853
95.210581541 3.751831 2.849719 0.000000 0.000000 0.000000 0.536581 0.843849
95.261231899 3.755373 2.856683 0.000000 0.000000 0.000000 0.536425 0.843948
95.358219862 3.761668 2.872006 0.000000 0.000000 0.000000 0.536388 0.843971
95.405269146 3.766819 2.880033 0.000000 0.000000 0.000000 0.536392 0.843969
95.495450497 3.766770 2.882912 0.000000 0.000000 0.000000 0.536056 0.844182
95.556711435 3.767104 2.884952 0.000000 0.000000 0.000000 0.536046 0.844189
95.654532194 3.766704 2.887653 0.000000 0.000000 0.000000 0.536816 0.843699
95.718507051 3.766862 2.888322 0.000000 0.000000 0.000000 0.536682 0.843785
95.809733868 3.766170 2.888739 0.000000 0.000000 0.000000 0.537063 0.843542
95.869915009 3.766885 2.888376 0.000000 0.000000 0.000000 0.537001 0.843582
95.968504429 3.767116 2.890079 0.000000 0.000000 0.000000 0.537060 0.843544
96.013655424 3.768281 2.888483 0.000000 0.000000 0.000000 0.536698 0.843774
96.105460644 3.767797 2.889269 0.000000 0.000000 0.000000 0.536547 0.843870
96.151817083 3.769375 2.890660 0.000000 0.000000 0.000000 0.536550 0.843869
96.249305487 3.769674 2.889006 0.000000 0.000000 0.000000 0.536639 0.843812
96.313171148 3.769669 2.887630 0.000000 0.000000 0.000000 0.536773 0.843727
96.411842108 3.770117 2.886089 0.000000 0.000000 0.000000 0.537026 0.843566
96.483254194 3.769763 2.887719 0.000000 0.000000 0.000000 0.537098 0.843520
96.576039553 3.770050 2.889273 0.000000 0.000000 0.000000 0.536900 0.843646
96.634468794 3.770824 2.889534 0.000000 0.000000 0.000000 0.537028 0.843565
96.723625898 3.767578 2.890805 0.000000 0.000000 0.000000 0.537005 0.843579
96.781600475 3.767678 2.889651 0.000000 0.000000 0.000000 0.536903 0.843644
96.866395235 3.767743 2.889173 0.000000 0.000000 0.000000 0.536958 0.843609
96.921135187 3.767778 2.888764 0.000000 0.000000 0.000000 0.537021 0.843569
97.019036293 3.767400 2.887935 0.000000 0.000000 0.000000 0.537150 0.843487
97.060910940 3.766902 2.888387 0.000000 0.000000 0.000000 0.536988 0.843590
97.153807163 3.766927 2.888752 0.000000 0.000000 0.000000 0.536795 0.843713
97.211027622 3.764570 2.888349 0.000000 0.000000 0.000000 0.536744 0.843745
97.305245876 3.764520 2.888326 0.000000 0.000000 0.000000 0.536858 0.843672
97.364989996 3.764491 2.888969 0.000000 0.000000 0.000000 0.537009 0.843576
97.465471268 3.765494 2.888584 0.000000 0.000000 0.000000 0.537443 0.843300
97.531141281 3.764180 2.888924 0.000000 0.000000 0.000000 0.537094 0.843522
97.607466698 3.763820 2.888799 0.000000 0.000000 0.000000 0.536914 0.843637
97.670571327 3.762291 2.888658 0.000000 0.000000 0.000000 0.536968 0.843603
97.761371374 3.762153 2.888702 0.000000 0.000000 0.000000 0.536826 0.843693
97.826786518 3.761825 2.887105 0.000000 0.000000 0.000000 0.536680 0.843786
97.904732704 3.762882 2.884995 0.000000 0.000000 0.000000 0.536304 0.844025
97.972033739 3.763768 2.884432 0.000000 0.000000 0.000000 0.536371 0.843982
98.065672398 3.762487 2.885244 0.000000 0.000000 0.000000 0.536492 0.843905
98.120881319 3.763562 2.884867 0.000000 0.000000 0.000000 0.536692 0.843778
98.209275961 3.765132 2.884829 0.000000 0.000000 0.000000 0.536606 0.843833
98.266049623 3.764232 2.880838 0.000000 0.000000 0.000000 0.536056 0.844182
98.353181839 3.763410 2.881730 0.000000 0.000000 0.000000 0.536125 0.844138
98.403073549 3.763230 2.882168 0.000000 0.000000 0.000000 0.536055 0.844183
98.490382910 3.763438 2.882450 0.000000 0.000000 0.000000 0.535839 0.844320
98.542252064 3.764212 2.881234 0.000000 0.000000 0.000000 0.535890 0.844288
98.624454260 3.768508 2.882344 0.000000 0.000000 0.000000 0.535571 0.844490
98.685510397 3.767394 2.882629 0.000000 0.000000 0.000000 0.535586 0.844481
98.779605627 3.768218 2.883168 0.000000 0.000000 0.000000 0.535753 0.844375
98.838194609 3.767821 2.883451 0.000000 0.000000 0.000000 0.535512 0.844528
98.929908276 3.770569 2.881231 0.000000 0.000000 0.000000 0.535348 0.844632
98.986426353 3.773038 2.880421 0.000000 0.000000 0.000000 0.535199 0.844726
99.090990067 3.774689 2.881045 0.000000 0.000000 0.000000 0.535327 0.844645
99.137984037 3.775563 2.879722 0.000000 0.000000 0.000000 0.535315 0.844653
99.222180128 3.777473 2.880364 0.000000 0.000000 0.000000 0.535830 0.844326
99.274515629 3.779950 2.879673 0.000000 0.000000 0.000000 0.536007 0.844213
99.372492313 3.781801 2.881486 0.000000 0.000000 0.000000 0.536422 0.843950
99.430688858 3.783237 2.884363 0.000000 0.000000 0.000000 0.536432 0.843944
99.544572830 3.783371 2.884865 0.000000 0.000000 0.000000 0.536564 0.843860
99.586899042 3.783207 2.888460 0.000000 0.000000 0.000000 0.536618 0.843825
99.684531927 3.781246 2.888914 0.000000 0.000000 0.000000 0.536834 0.843688
99.732462883 3.779971 2.888829 0.000000 0.000000 0.000000 0.537503 0.843262
99.817482233 3.778448 2.888914 0.000000 0.000000 0.000000 0.537289 0.843398
99.865893364 3.779437 2.890295 0.000000 0.000000 0.000000 0.537527 0.843246
99.974117994 3.779227 2.890681 0.000000 0.000000 0.000000 0.537378 0.843342
100.008396149 3.777595 2.889689 0.000000 0.000000 0.000000 0.537519 0.843252
100.099959850 3.779088 2.888096 0.000000 0.000000 0.000000 0.537444 0.843299
100.157341719 3.776785 2.889283 0.000000 0.000000 0.000000 0.537558 0.843227
100.251402378 3.777846 2.890220 0.000000 0.000000 0.000000 0.537303 0.843389
100.296842813 3.778682 2.889808 0.000000 0.000000 0.000000 0.537036 0.843559
100.386153460 3.778134 2.889964 0.000000 0.000000 0.000000 0.537070 0.843538
100.438560963 3.777900 2.892062 0.000000 0.000000 0.000000 0.536987 0.843590
100.523025513 3.777586 2.892265 0.000000 0.000000 0.000000 0.537081 0.843531
100.578892708 3.777171 2.891265 0.000000 0.000000 0.000000 0.536991 0.843588
100.666844606 3.775561 2.891821 0.000000 0.000000 0.000000 0.537104 0.843516
100.717916250 3.776234 2.893237 0.000000 0.000000 0.000000 0.536982 0.843594
100.814438343 3.777186 2.893401 0.000000 0.000000 0.000000 0.537177 0.843470
100.859156370 3.776395 2.892740 0.000000 0.000000 0.000000 0.537349 0.843360
100.952885628 3.775175 2.891606 0.000000 0.000000 0.000000 0.537708 0.843131
101.000487804 3.775439 2.891300 0.000000 0.000000 0.000000 0.537523 0.843249
101.085479736 3.773797 2.891074 0.000000 0.000000 0.000000 0.537542 0.843237
101.136031866 3.772680 2.889321 0.000000 0.000000 0.000000 0.537738 0.843112
101.229514122 3.772629 2.888638 0.000000 0.000000 0.000000 0.537781 0.843085
101.274351120 3.773690 2.889110 0.000000 0.000000 0.000000 0.537820 0.843060
101.373620749 3.774290 2.890541 0.000000 0.000000 0.000000 0.537579 0.843213
101.426921129 3.773155 2.890403 0.000000 0.000000 0.000000 0.537414 0.843319
101.521782160 3.771050 2.889214 0.000000 0.000000 0.000000 0.537234 0.843433
101.570658922 3.769998 2.889399 0.000000 0.000000 0.000000 0.537205 0.843452
101.657437325 3.768465 2.889190 0.000000 0.000000 0.000000 0.537032 0.843562
101.713495970 3.768258 2.888449 0.000000 0.000000 0.000000 0.536724 0.843758
101.799236774 3.768406 2.888983 0.000000 0.000000 0.000000 0.536812 0.843702
101.849389791 3.767671 2.889478 0.000000 0.000000 0.000000 0.536925 0.843630
101.945839167 3.766504 2.888518 0.000000 0.000000 0.000000 0.536699 0.843774
101.999189854 3.766397 2.887889 0.000000 0.000000 0.000000 0.536261 0.844052
102.086042404 3.766243 2.885517 0.000000 0.000000 0.000000 0.536218 0.844079
102.136522293 3.766595 2.887216 0.000000 0.000000 0.000000 0.535889 0.844289
102.221495152 3.767368 2.886340 0.000000 0.000000 0.000000 0.535826 0.844329
102.276251078 3.767844 2.886955 0.000000 0.000000 0.000000 0.535683 0.844419
102.367645025 3.768976 2.886193 0.000000 0.000000 0.000000 0.535439 0.844574
102.423708200 3.768974 2.885260 0.000000 0.000000 0.000000 0.535252 0.844693
102.525077105 3.768136 2.888990 0.000000 0.000000 0.000000 0.534946 0.844887
102.574762106 3.766395 2.887543 0.000000 0.000000 0.000000 0.534607 0.845101
102.674291134 3.765459 2.886751 0.000000 0.000000 0.000000 0.534547 0.845139
