56.000000000 -0.001914 0.994482 0.000000 0.000000 0.000000 -0.016743 0.999860
56.092626333 0.013250 0.999044 0.000000 0.000000 0.000000 -0.015134 0.999885
56.136488199 0.016820 0.997308 0.000000 0.000000 0.000000 -0.015086 0.999886
56.234569073 0.020751 0.996324 0.000000 0.000000 0.000000 -0.015040 0.999887
56.291095257 0.021989 0.996373 0.000000 0.000000 0.000000 -0.015147 0.999885
56.384810448 0.020991 0.994157 0.000000 0.000000 0.000000 -0.015526 0.999879
56.432573795 0.021090 0.994014 0.000000 0.000000 0.000000 -0.015514 0.999880
56.517774343 0.020088 0.993368 0.000000 0.000000 0.000000 -0.015140 0.999885
56.566277504 0.019023 0.993604 0.000000 0.000000 0.000000 -0.015557 0.999879
56.658776283 0.019445 0.993703 0.000000 0.000000 0.000000 -0.015519 0.999880
56.719421625 0.019568 0.994852 0.000000 0.000000 0.000000 -0.015281 0.999883
56.806190968 0.018331 0.997733 0.000000 0.000000 0.000000 -0.015061 0.999887
56.859033823 0.015211 1.001282 0.000000 0.000000 0.000000 -0.014739 0.999891
56.956225157 0.014182 1.001070 0.000000 0.000000 0.000000 -0.014836 0.999890
56.992516994 0.013158 1.001428 0.000000 0.000000 0.000000 -0.014564 0.999894
57.085117579 0.014857 1.000233 0.000000 0.000000 0.000000 -0.014204 0.999899
57.135342836 0.013134 0.999938 0.000000 0.000000 0.000000 -0.014324 0.999897
57.226917267 0.011812 1.001123 0.000000 0.000000 0.000000 -0.013772 0.999905
57.280653477 0.010839 0.999533 0.000000 0.000000 0.000000 -0.014159 0.999900
57.376023293 0.009526 0.997812 0.000000 0.000000 0.000000 -0.014632 0.999893
57.421943903 0.009436 0.998518 0.000000 0.000000 0.000000 -0.014563 0.999894
57.506844759 0.008972 0.998519 0.000000 0.000000 0.000000 -0.014456 0.999896
57.561612844 0.009577 0.998517 0.000000 0.000000 0.000000 -0.014914 0.999889
57.661116600 0.009629 0.998399 0.000000 0.000000 0.000000 -0.014802 0.999890
57.713097334 0.011378 0.998938 0.000000 0.000000 0.000000 -0.014838 0.999890
57.818692207 0.010315 0.999720 0.000000 0.000000 0.000000 -0.014919 0.999889
57.857132435 0.009708 0.998758 0.000000 0.000000 0.000000 -0.015024 0.999887
57.942367077 0.010718 0.998244 0.000000 0.000000 0.000000 -0.015498 0.999880
57.993121147 0.009370 0.997787 0.000000 0.000000 0.000000 -0.015683 0.999877
58.084053516 0.010574 0.997191 0.000000 0.000000 0.000000 -0.015910 0.999873
58.134043932 0.010111 1.000068 0.000000 0.000000 0.000000 -0.016308 0.999867
58.226578236 0.009046 0.999367 0.000000 0.000000 0.000000 -0.016152 0.999870
58.278188705 0.007329 1.002163 0.000000 0.000000 0.000000 -0.016581 0.999863
58.375108480 0.008311 1.001936 0.000000 0.000000 0.000000 -0.016558 0.999863
58.432198524 0.007747 1.000911 0.000000 0.000000 0.000000 -0.016465 0.999864
58.513686180 0.006883 1.001308 0.000000 0.000000 0.000000 -0.016586 0.999862
58.577755451 0.007733 1.000712 0.000000 0.000000 0.000000 -0.016371 0.999866
58.663658381 0.008100 1.003458 0.000000 0.000000 0.000000 -0.016338 0.999867
58.721382856 0.007365 1.003371 0.000000 0.000000 0.000000 -0.016323 0.999867
58.811643362 0.007250 1.004608 0.000000 0.000000 0.000000 -0.016512 0.999864
58.859117508 0.009013 1.003790 0.000000 0.000000 0.000000 -0.016612 0.999862
58.954252720 0.010206 1.004076 0.000000 0.000000 0.000000 -0.016456 0.999865
59.016629219 0.009325 1.004208 0.000000 0.000000 0.000000 -0.016488 0.999864
59.106379747 0.008713 1.003790 0.000000 0.000000 0.000000 -0.016017 0.999872
59.158839226 0.009205 1.001550 0.000000 0.000000 0.000000 -0.015877 0.999874
59.239713192 0.008467 1.000791 0.000000 0.000000 0.000000 -0.015833 0.999875
59.295119047 0.006426 0.999101 0.000000 0.000000 0.000000 -0.015873 0.999874
59.400145054 0.003392 0.998051 0.000000 0.000000 0.000000 -0.015999 0.999872
59.447155952 0.001162 0.998268 0.000000 0.000000 0.000000 -0.015726 0.999876
59.543852329 -0.000841 0.998923 0.000000 0.000000 0.000000 -0.015771 0.999876
59.590034962 -0.001489 0.999631 0.000000 0.000000 0.000000 -0.015832 0.999875
59.665421247 -0.004983 1.001688 0.000000 0.000000 0.000000 -0.015687 0.999877
59.720851421 -0.006151 1.002895 0.000000 0.000000 0.000000 -0.015647 0.999878
59.805132151 -0.006396 1.003935 0.000000 0.000000 0.000000 -0.015775 0.999876
59.860359430 -0.005916 1.005160 0.000000 0.000000 0.000000 -0.015564 0.999879
59.957119226 -0.006257 1.007894 0.000000 0.000000 0.000000 -0.015834 0.999875
60.005816936 -0.004775 1.008816 0.000000 0.000000 0.000000 -0.015375 0.999882
60.089397669 -0.004015 1.010086 0.000000 0.000000 0.000000 -0.015089 0.999886
60.138172865 -0.003840 1.009596 0.000000 0.000000 0.000000 -0.015175 0.999885
60.220950127 -0.003398 1.009027 0.000000 0.000000 0.000000 -0.015297 0.999883
60.272440672 -0.002510 1.007683 0.000000 0.000000 0.000000 -0.014855 0.999890
60.365985632 -0.002673 1.007774 0.000000 0.000000 0.000000 -0.014677 0.999892
60.419920921 -0.001566 1.007070 0.000000 0.000000 0.000000 -0.014999 0.999888
60.517887354 -0.000955 1.007885 0.000000 0.000000 0.000000 -0.014735 0.999891
60.576246977 0.000630 1.008788 0.000000 0.000000 0.000000 -0.014957 0.999888
60.661265135 -0.000326 1.008613 0.000000 0.000000 0.000000 -0.015615 0.999878
60.720116138 -0.000511 1.007908 0.000000 0.000000 0.000000 -0.015801 0.999875
60.806773424 -0.000018 1.007747 0.000000 0.000000 0.000000 -0.015733 0.999876
60.856551170 0.000805 1.006786 0.000000 0.000000 0.000000 -0.015709 0.999877
60.954911470 0.002617 1.006506 0.000000 0.000000 0.000000 -0.015860 0.999874
61.012297630 0.000914 1.006150 0.000000 0.000000 0.000000 -0.016038 0.999871
61.109639168 0.000994 1.007834 0.000000 0.000000 0.000000 -0.016105 0.999870
61.157109976 0.000770 1.008657 0.000000 0.000000 0.000000 -0.015948 0.999873
61.239634752 -0.000237 1.007797 0.000000 0.000000 0.000000 -0.015638 0.999878
61.291578770 -0.000716 1.008491 0.000000 0.000000 0.000000 -0.015962 0.999873
61.377224922 -0.000190 1.008475 0.000000 0.000000 0.000000 -0.015944 0.999873
61.424571276 0.001373 1.008095 0.000000 0.000000 0.000000 -0.016128 0.999870
61.517945051 0.001122 1.007266 0.000000 0.000000 0.000000 -0.016075 0.999871
61.571182013 0.001551 1.006173 0.000000 0.000000 0.000000 -0.016079 0.999871
61.674693108 0.000101 1.006794 0.000000 0.000000 0.000000 -0.016245 0.999868
61.731230259 -0.000019 1.007068 0.000000 0.000000 0.000000 -0.016030 0.999872
61.823836803 -0.000178 1.005625 0.000000 0.000000 0.000000 -0.016638 0.999862
61.867137194 -0.001010 1.006277 0.000000 0.000000 0.000000 -0.016448 0.999865
61.957184315 -0.001761 1.006243 0.000000 0.000000 0.000000 -0.016223 0.999868
62.007257462 -0.002902 1.006366 0.000000 0.000000 0.000000 -0.016189 0.999869
62.096065044 -0.004129 1.007898 0.000000 0.000000 0.000000 -0.016284 0.999867
62.149833441 -0.002683 1.007218 0.000000 0.000000 0.000000 -0.016252 0.999868
62.231528997 0.011612 1.005033 0.000000 0.000000 0.000000 -0.016182 0.999869
62.288254261 0.021493 1.006574 0.000000 0.000000 0.000000 -0.016178 0.999869
62.372793436 0.036369 1.007042 0.000000 0.000000 0.000000 -0.016273 0.999868
62.437046528 0.047085 1.005850 0.000000 0.000000 0.000000 -0.016084 0.999871
62.518205643 0.058983 1.007163 0.000000 0.000000 0.000000 -0.015606 0.999878
62.573649645 0.067993 1.008242 0.000000 0.000000 0.000000 -0.015287 0.999883
62.658019066 0.081075 1.007527 0.000000 0.000000 0.000000 -0.014948 0.999888
62.708748341 0.088062 1.006867 0.000000 0.000000 0.000000 -0.015151 0.999885
62.802901506 0.103796 1.007241 0.000000 0.000000 0.000000 -0.015103 0.999886
62.862125397 0.112855 1.003655 0.000000 0.000000 0.000000 -0.015056 0.999887
62.944721937 0.127583 1.003890 0.000000 0.000000 0.000000 -0.014663 0.999892
63.001682520 0.135570 1.002527 0.000000 0.000000 0.000000 -0.014357 0.999897
63.096352816 0.151834 1.001471 0.000000 0.000000 0.000000 -0.014332 0.999897
63.140980959 0.158318 1.000906 0.000000 0.000000 0.000000 -0.014557 0.999894
63.224403381 0.170992 0.998622 0.000000 0.000000 0.000000 -0.014551 0.999894
63.278097630 0.180090 0.998770 0.000000 0.000000 0.000000 -0.014439 0.999896
63.378735542 0.196025 0.999077 0.000000 0.000000 0.000000 -0.014608 0.999893
63.429337263 0.204257 0.996481 0.000000 0.000000 0.000000 -0.014951 0.999888
63.507558107 0.219257 0.999666 0.000000 0.000000 0.000000 -0.015064 0.999887
63.561244726 0.228785 1.000537 0.000000 0.000000 0.000000 -0.014852 0.999890
63.651183605 0.243727 1.002164 0.000000 0.000000 0.000000 -0.015113 0.999886
63.722069025 0.254896 1.001187 0.000000 0.000000 0.000000 -0.015457 0.999881
63.818211794 0.271226 1.002160 0.000000 0.000000 0.000000 -0.015338 0.999882
63.867984533 0.279658 1.002809 0.000000 0.000000 0.000000 -0.015260 0.999884
63.954170942 0.291344 1.005337 0.000000 0.000000 0.000000 -0.016020 0.999872
64.007827759 0.297951 1.005319 0.000000 0.000000 0.000000 -0.015852 0.999874
64.098969221 0.311844 1.006333 0.000000 0.000000 0.000000 -0.015911 0.999873
64.150251389 0.319641 1.007459 0.000000 0.000000 0.000000 -0.015933 0.999873
64.240028858 0.332824 1.007374 0.000000 0.000000 0.000000 -0.015485 0.999880
64.291742325 0.342146 1.008876 0.000000 0.000000 0.000000 -0.015046 0.999887
64.384911537 0.358581 1.007436 0.000000 0.000000 0.000000 -0.014961 0.999888
64.438662767 0.368199 1.006513 0.000000 0.000000 0.000000 -0.015131 0.999886
64.529100657 0.383528 1.006510 0.000000 0.000000 0.000000 -0.015098 0.999886
64.581606388 0.392567 1.005192 0.000000 0.000000 0.000000 -0.014939 0.999888
64.666499376 0.409286 1.004595 0.000000 0.000000 0.000000 -0.014863 0.999890
64.719514608 0.418664 1.005563 0.000000 0.000000 0.000000 -0.014714 0.999892
64.801486015 0.432635 1.006977 0.000000 0.000000 0.000000 -0.014644 0.999893
64.853920698 0.440137 1.006983 0.000000 0.000000 0.000000 -0.014703 0.999892
64.943417788 0.455114 1.006516 0.000000 0.000000 0.000000 -0.014486 0.999895
64.995023489 0.463847 1.006846 0.000000 0.000000 0.000000 -0.014533 0.999894
65.076430798 0.477895 1.007805 0.000000 0.000000 0.000000 -0.014483 0.999895
65.137303352 0.486793 1.007705 0.000000 0.000000 0.000000 -0.014270 0.999898
65.235720634 0.502224 1.007056 0.000000 0.000000 0.000000 -0.013844 0.999904
65.286878586 0.509977 1.007706 0.000000 0.000000 0.000000 -0.013446 0.999910
65.388996363 0.523673 1.006140 0.000000 0.000000 0.000000 -0.012978 0.999916
65.443364143 0.531611 1.007831 0.000000 0.000000 0.000000 -0.012869 0.999917
65.533442974 0.546795 1.007235 0.000000 0.000000 0.000000 -0.012957 0.999916
65.583643198 0.554062 1.007696 0.000000 0.000000 0.000000 -0.012905 0.999917
65.666572094 0.568783 1.009299 0.000000 0.000000 0.000000 -0.012777 0.999918
65.718314648 0.580705 1.009095 0.000000 0.000000 0.000000 -0.012557 0.999921
65.813969851 0.597080 1.008744 0.000000 0.000000 0.000000 -0.012517 0.999922
65.860479355 0.606141 1.010748 0.000000 0.000000 0.000000 -0.012786 0.999918
65.949100494 0.619747 1.009956 0.000000 0.000000 0.000000 -0.012707 0.999919
66.006313324 0.629925 1.009799 0.000000 0.000000 0.000000 -0.012691 0.999919
66.091695070 0.645237 1.009112 0.000000 0.000000 0.000000 -0.013111 0.999914
66.150105000 0.655738 1.008712 0.000000 0.000000 0.000000 -0.013071 0.999915
66.245607138 0.671802 1.007404 0.000000 0.000000 0.000000 -0.012880 0.999917
66.289936066 0.680506 1.006624 0.000000 0.000000 0.000000 -0.012610 0.999920
66.374847174 0.695028 1.004655 0.000000 0.000000 0.000000 -0.012898 0.999917
66.427448988 0.705308 1.003532 0.000000 0.000000 0.000000 -0.012845 0.999917
66.515174389 0.719956 1.001556 0.000000 0.000000 0.000000 -0.012596 0.999921
66.565155268 0.729446 1.001137 0.000000 0.000000 0.000000 -0.011948 0.999929
66.668905973 0.745466 1.001842 0.000000 0.000000 0.000000 -0.011691 0.999932
66.720251560 0.754747 1.001801 0.000000 0.000000 0.000000 -0.011038 0.999939
66.818524122 0.770843 1.001390 0.000000 0.000000 0.000000 -0.010375 0.999946
66.862034321 0.776273 1.001204 0.000000 0.000000 0.000000 -0.009926 0.999951
66.948162079 0.789999 1.001822 0.000000 0.000000 0.000000 -0.009718 0.999953
66.998103142 0.797810 1.003007 0.000000 0.000000 0.000000 -0.009647 0.999953
67.100195885 0.815004 1.004211 0.000000 0.000000 0.000000 -0.009505 0.999955
67.157076359 0.825603 1.004961 0.000000 0.000000 0.000000 -0.009319 0.999957
67.269846916 0.845374 1.004855 0.000000 0.000000 0.000000 -0.009348 0.999956
67.325706720 0.856396 1.005942 0.000000 0.000000 0.000000 -0.008979 0.999960
67.417520761 0.870620 1.004442 0.000000 0.000000 0.000000 -0.009120 0.999958
67.475314379 0.880608 1.003417 0.000000 0.000000 0.000000 -0.009040 0.999959
67.587245464 0.900131 1.004062 0.000000 0.000000 0.000000 -0.008633 0.999963
67.657504320 0.912808 1.004779 0.000000 0.000000 0.000000 -0.008375 0.999965
67.744100571 0.929386 1.002128 0.000000 0.000000 0.000000 -0.008463 0.999964
67.809964418 0.939130 1.002534 0.000000 0.000000 0.000000 -0.008388 0.999965
67.907867193 0.954583 1.003621 0.000000 0.000000 0.000000 -0.007958 0.999968
67.955658197 0.962056 1.004273 0.000000 0.000000 0.000000 -0.008142 0.999967
68.043772697 0.978235 1.002504 0.000000 0.000000 0.000000 -0.007634 0.999971
68.092056751 0.987826 1.000690 0.000000 0.000000 0.000000 -0.007209 0.999974
68.198954105 1.006090 0.999934 0.000000 0.000000 0.000000 -0.007224 0.999974
68.239401817 1.010998 1.000128 0.000000 0.000000 0.000000 -0.007529 0.999972
68.334116697 1.027489 0.999659 0.000000 0.000000 0.000000 -0.007617 0.999971
68.393169165 1.037557 1.000588 0.000000 0.000000 0.000000 -0.007979 0.999968
68.488315105 1.052362 1.000953 0.000000 0.000000 0.000000 -0.007509 0.999972
68.548655272 1.065199 1.001020 0.000000 0.000000 0.000000 -0.007768 0.999970
68.628951550 1.081042 1.001197 0.000000 0.000000 0.000000 -0.007822 0.999969
68.688163757 1.090803 0.999695 0.000000 0.000000 0.000000 -0.007791 0.999970
68.771270037 1.107069 0.998664 0.000000 0.000000 0.000000 -0.007942 0.999968
68.824939728 1.116677 0.997437 0.000000 0.000000 0.000000 -0.008022 0.999968
68.927378178 1.136482 0.998357 0.000000 0.000000 0.000000 -0.007725 0.999970
68.988554239 1.149245 0.998454 0.000000 0.000000 0.000000 -0.007475 0.999972
69.091393948 1.166721 0.999857 0.000000 0.000000 0.000000 -0.007116 0.999975
69.142657280 1.176417 1.000028 0.000000 0.000000 0.000000 -0.007081 0.999975
69.226943970 1.190702 0.998933 0.000000 0.000000 0.000000 -0.007150 0.999974
69.291504383 1.202375 1.000022 0.000000 0.000000 0.000000 -0.007337 0.999973
69.395749092 1.221067 1.001528 0.000000 0.000000 0.000000 -0.007026 0.999975
69.444655418 1.230402 1.004843 0.000000 0.000000 0.000000 -0.006935 0.999976
69.543005466 1.246006 1.006032 0.000000 0.000000 0.000000 -0.006701 0.999978
69.595045090 1.255755 1.006144 0.000000 0.000000 0.000000 -0.006575 0.999978
69.695927858 1.272118 1.005123 0.000000 0.000000 0.000000 -0.006473 0.999979
69.753221989 1.282124 1.004883 0.000000 0.000000 0.000000 -0.006605 0.999978
69.852281094 1.299694 1.006398 0.000000 0.000000 0.000000 -0.006742 0.999977
69.909631014 1.311704 1.005000 0.000000 0.000000 0.000000 -0.006813 0.999977
70.003495455 1.328214 1.006269 0.000000 0.000000 0.000000 -0.006950 0.999976
70.055417776 1.336611 1.007770 0.000000 0.000000 0.000000 -0.006633 0.999978
70.137858391 1.350222 1.011345 0.000000 0.000000 0.000000 -0.006121 0.999981
70.199167728 1.360513 1.012552 0.000000 0.000000 0.000000 -0.005970 0.999982
70.302878618 1.380021 1.014559 0.000000 0.000000 0.000000 -0.005709 0.999984
70.369396687 1.391595 1.015514 0.000000 0.000000 0.000000 -0.005066 0.999987
70.461210728 1.410554 1.014720 0.000000 0.000000 0.000000 -0.005144 0.999987
70.509778738 1.422101 1.014956 0.000000 0.000000 0.000000 -0.005870 0.999983
70.599387646 1.438144 1.014153 0.000000 0.000000 0.000000 -0.005890 0.999983
70.656033039 1.447681 1.011927 0.000000 0.000000 0.000000 -0.006059 0.999982
70.768153429 1.467761 1.010109 0.000000 0.000000 0.000000 -0.005774 0.999983
70.815999985 1.477433 1.009706 0.000000 0.000000 0.000000 -0.005671 0.999984
70.900581121 1.490566 1.008052 0.000000 0.000000 0.000000 -0.005775 0.999983
70.955633402 1.500802 1.007812 0.000000 0.000000 0.000000 -0.005596 0.999984
71.042252779 1.515516 1.008298 0.000000 0.000000 0.000000 -0.005243 0.999986
71.103641987 1.526066 1.005884 0.000000 0.000000 0.000000 -0.005253 0.999986
71.186776161 1.541074 1.005026 0.000000 0.000000 0.000000 -0.005074 0.999987
71.250498533 1.552403 1.007366 0.000000 0.000000 0.000000 -0.004742 0.999989
71.341936827 1.557680 1.007270 0.000000 0.000000 0.000000 0.001468 0.999999
71.393325806 1.560071 1.006832 0.000000 0.000000 0.000000 0.004479 0.999990
71.487019539 1.561788 1.008032 0.000000 0.000000 0.000000 0.010757 0.999942
71.537977695 1.563368 1.010381 0.000000 0.000000 0.000000 0.013920 0.999903
71.626116753 1.563913 1.009861 0.000000 0.000000 0.000000 0.019693 0.999806
71.682151079 1.561927 1.008424 0.000000 0.000000 0.000000 0.024111 0.999709
71.763496399 1.565174 1.008411 0.000000 0.000000 0.000000 0.030172 0.999545
71.820455313 1.564128 1.007494 0.000000 0.000000 0.000000 0.033749 0.999430
71.918866396 1.566702 1.004871 0.000000 0.000000 0.000000 0.040559 0.999177
71.975845575 1.564596 1.001084 0.000000 0.000000 0.000000 0.044135 0.999026
72.068582535 1.560955 1.003027 0.000000 0.000000 0.000000 0.048185 0.998838
72.122643709 1.560363 1.003627 0.000000 0.000000 0.000000 0.051739 0.998661
72.217851877 1.574627 1.003743 0.000000 0.000000 0.000000 0.051220 0.998687
72.265589714 1.581495 1.002527 0.000000 0.000000 0.000000 0.051286 0.998684
72.354194641 1.597295 1.002319 0.000000 0.000000 0.000000 0.051678 0.998664
72.403216600 1.607469 1.000922 0.000000 0.000000 0.000000 0.051851 0.998655
72.504085302 1.625893 1.003572 0.000000 0.000000 0.000000 0.051920 0.998651
72.559812546 1.635275 1.006628 0.000000 0.000000 0.000000 0.052066 0.998644
72.641114473 1.650379 1.010781 0.000000 0.000000 0.000000 0.052410 0.998626
72.695553064 1.659743 1.015933 0.000000 0.000000 0.000000 0.052621 0.998615
72.784453154 1.674082 1.016233 0.000000 0.000000 0.000000 0.052899 0.998600
72.839464188 1.677599 1.016295 0.000000 0.000000 0.000000 0.056657 0.998394
72.931765556 1.680529 1.016908 0.000000 0.000000 0.000000 0.062114 0.998069
72.986810684 1.684088 1.016966 0.000000 0.000000 0.000000 0.066270 0.997802
73.071648121 1.689566 1.016449 0.000000 0.000000 0.000000 0.071823 0.997417
73.129702330 1.691534 1.014599 0.000000 0.000000 0.000000 0.075424 0.997152
73.227200508 1.695058 1.013551 0.000000 0.000000 0.000000 0.081782 0.996650
73.271549940 1.695874 1.014835 0.000000 0.000000 0.000000 0.083885 0.996475
73.365193605 1.712140 1.017295 0.000000 0.000000 0.000000 0.083866 0.996477
73.410813332 1.719245 1.019166 0.000000 0.000000 0.000000 0.083952 0.996470
73.495560646 1.734334 1.024130 0.000000 0.000000 0.000000 0.084168 0.996452
73.549853325 1.745569 1.026221 0.000000 0.000000 0.000000 0.083954 0.996470
73.635336399 1.760693 1.028764 0.000000 0.000000 0.000000 0.084461 0.996427
73.700213671 1.769997 1.030879 0.000000 0.000000 0.000000 0.084255 0.996444
73.794411182 1.784713 1.032957 0.000000 0.000000 0.000000 0.084251 0.996445
73.851395130 1.794867 1.035140 0.000000 0.000000 0.000000 0.084280 0.996442
73.934927464 1.809015 1.037663 0.000000 0.000000 0.000000 0.084396 0.996432
73.994324923 1.811429 1.038180 0.000000 0.000000 0.000000 0.088240 0.996099
74.076428652 1.815495 1.037654 0.000000 0.000000 0.000000 0.093650 0.995605
74.138641834 1.817318 1.037595 0.000000 0.000000 0.000000 0.097442 0.995241
74.232690811 1.819269 1.037593 0.000000 0.000000 0.000000 0.103774 0.994601
74.284757137 1.818914 1.034653 0.000000 0.000000 0.000000 0.107110 0.994247
74.368963718 1.821283 1.033859 0.000000 0.000000 0.000000 0.112693 0.993630
74.424954653 1.822795 1.033791 0.000000 0.000000 0.000000 0.116074 0.993241
74.512892008 1.824078 1.036734 0.000000 0.000000 0.000000 0.121865 0.992547
74.568120718 1.831071 1.040996 0.000000 0.000000 0.000000 0.121712 0.992565
74.659038782 1.844495 1.047550 0.000000 0.000000 0.000000 0.121751 0.992561
74.720528126 1.853870 1.050442 0.000000 0.000000 0.000000 0.122273 0.992497
74.807915449 1.867335 1.056815 0.000000 0.000000 0.000000 0.122758 0.992437
74.867791891 1.878201 1.059182 0.000000 0.000000 0.000000 0.122717 0.992442
74.956265450 1.894292 1.062592 0.000000 0.000000 0.000000 0.123037 0.992402
75.006022692 1.902154 1.065204 0.000000 0.000000 0.000000 0.123179 0.992385
75.093890429 1.916654 1.068390 0.000000 0.000000 0.000000 0.123236 0.992377
75.151803017 1.925333 1.070436 0.000000 0.000000 0.000000 0.123395 0.992358
75.237923384 1.939958 1.073955 0.000000 0.000000 0.000000 0.123760 0.992312
75.289012432 1.949642 1.076628 0.000000 0.000000 0.000000 0.123751 0.992313
75.377345324 1.964397 1.080851 0.000000 0.000000 0.000000 0.124684 0.992196
75.433693886 1.974255 1.084546 0.000000 0.000000 0.000000 0.124826 0.992179
75.537194490 1.991596 1.089027 0.000000 0.000000 0.000000 0.124351 0.992238
75.586070776 1.999540 1.091694 0.000000 0.000000 0.000000 0.124202 0.992257
75.689361572 2.017893 1.097599 0.000000 0.000000 0.000000 0.124094 0.992270
75.744805098 2.027991 1.100754 0.000000 0.000000 0.000000 0.124599 0.992207
75.826009274 2.040291 1.103099 0.000000 0.000000 0.000000 0.124762 0.992187
75.899021864 2.044650 1.104464 0.000000 0.000000 0.000000 0.129954 0.991520
75.992537260 2.048823 1.104910 0.000000 0.000000 0.000000 0.136659 0.990618
76.056124210 2.049931 1.103185 0.000000 0.000000 0.000000 0.140689 0.990054
76.141805172 2.051446 1.101675 0.000000 0.000000 0.000000 0.145496 0.989359
76.196712971 2.053762 1.100390 0.000000 0.000000 0.000000 0.149403 0.988776
76.279946327 2.052412 1.102375 0.000000 0.000000 0.000000 0.154239 0.988034
76.336917877 2.055402 1.102352 0.000000 0.000000 0.000000 0.158087 0.987425
76.431858301 2.058301 1.100910 0.000000 0.000000 0.000000 0.164403 0.986393
76.487337351 2.063328 1.101930 0.000000 0.000000 0.000000 0.164322 0.986407
76.576975346 2.077062 1.108212 0.000000 0.000000 0.000000 0.164023 0.986457
76.635664701 2.087170 1.114009 0.000000 0.000000 0.000000 0.163829 0.986489
76.736702204 2.103967 1.121129 0.000000 0.000000 0.000000 0.164069 0.986449
76.784813404 2.112558 1.125045 0.000000 0.000000 0.000000 0.164272 0.986415
76.872728825 2.127164 1.131242 0.000000 0.000000 0.000000 0.164325 0.986406
76.940669060 2.138205 1.135327 0.000000 0.000000 0.000000 0.164559 0.986367
77.039191484 2.155375 1.140101 0.000000 0.000000 0.000000 0.164784 0.986330
77.091496944 2.164824 1.144355 0.000000 0.000000 0.000000 0.164841 0.986320
77.178045034 2.170061 1.145449 0.000000 0.000000 0.000000 0.171058 0.985261
77.233334064 2.173796 1.145678 0.000000 0.000000 0.000000 0.174996 0.984569
77.321522951 2.173911 1.146927 0.000000 0.000000 0.000000 0.180674 0.983543
77.385615587 2.172049 1.145583 0.000000 0.000000 0.000000 0.185109 0.982718
77.482558012 2.182127 1.149149 0.000000 0.000000 0.000000 0.184972 0.982744
77.535058022 2.191042 1.152700 0.000000 0.000000 0.000000 0.185015 0.982736
77.635596514 2.209345 1.161319 0.000000 0.000000 0.000000 0.185031 0.982733
77.687636852 2.216708 1.164877 0.000000 0.000000 0.000000 0.185245 0.982692
77.783472538 2.234205 1.170866 0.000000 0.000000 0.000000 0.185334 0.982676
77.833787918 2.241957 1.174999 0.000000 0.000000 0.000000 0.185672 0.982612
77.940711260 2.258761 1.181740 0.000000 0.000000 0.000000 0.186067 0.982537
77.985099792 2.266898 1.184725 0.000000 0.000000 0.000000 0.186401 0.982474
78.074628830 2.282188 1.192693 0.000000 0.000000 0.000000 0.186560 0.982444
78.126539230 2.289744 1.197512 0.000000 0.000000 0.000000 0.186605 0.982435
78.225707769 2.294123 1.198157 0.000000 0.000000 0.000000 0.193841 0.981033
78.287621975 2.296528 1.197468 0.000000 0.000000 0.000000 0.197634 0.980276
78.371752024 2.309443 1.199547 0.000000 0.000000 0.000000 0.197611 0.980281
78.425225496 2.317417 1.202296 0.000000 0.000000 0.000000 0.197749 0.980253
78.525620699 2.333960 1.210625 0.000000 0.000000 0.000000 0.198108 0.980180
78.588539600 2.343867 1.215023 0.000000 0.000000 0.000000 0.198436 0.980114
78.670593977 2.357251 1.221129 0.000000 0.000000 0.000000 0.198590 0.980083
78.735427380 2.365134 1.226670 0.000000 0.000000 0.000000 0.198364 0.980129
78.827690363 2.379933 1.231998 0.000000 0.000000 0.000000 0.198586 0.980084
78.889282465 2.388449 1.236550 0.000000 0.000000 0.000000 0.198394 0.980122
78.986895561 2.405928 1.243628 0.000000 0.000000 0.000000 0.198345 0.980132
79.038242817 2.415396 1.249387 0.000000 0.000000 0.000000 0.198636 0.980073
79.133278370 2.419391 1.248515 0.000000 0.000000 0.000000 0.205004 0.978761
79.188038111 2.418757 1.249100 0.000000 0.000000 0.000000 0.208272 0.978071
79.274859905 2.423196 1.247854 0.000000 0.000000 0.000000 0.214282 0.976772
79.325020790 2.427858 1.245093 0.000000 0.000000 0.000000 0.214745 0.976670
79.419587612 2.441093 1.250277 0.000000 0.000000 0.000000 0.215089 0.976594
79.476016521 2.449430 1.254692 0.000000 0.000000 0.000000 0.214951 0.976625
79.572896481 2.463549 1.262654 0.000000 0.000000 0.000000 0.215224 0.976565
79.625355482 2.471957 1.267169 0.000000 0.000000 0.000000 0.215532 0.976497
79.715934038 2.487689 1.275216 0.000000 0.000000 0.000000 0.215463 0.976512
79.766192913 2.498104 1.280711 0.000000 0.000000 0.000000 0.215783 0.976441
79.851100206 2.513432 1.288849 0.000000 0.000000 0.000000 0.215974 0.976399
79.911969662 2.524562 1.295340 0.000000 0.000000 0.000000 0.215519 0.976500
80.005322218 2.538643 1.302478 0.000000 0.000000 0.000000 0.215290 0.976550
80.049822092 2.548217 1.306374 0.000000 0.000000 0.000000 0.215607 0.976480
80.144307137 2.566168 1.315640 0.000000 0.000000 0.000000 0.216024 0.976388
80.194717646 2.575592 1.325267 0.000000 0.000000 0.000000 0.214976 0.976619
80.283586025 2.582590 1.327559 0.000000 0.000000 0.000000 0.220982 0.975278
80.339012861 2.584990 1.326938 0.000000 0.000000 0.000000 0.224585 0.974455
80.432806969 2.588813 1.324703 0.000000 0.000000 0.000000 0.230245 0.973133
80.481657505 2.590147 1.323790 0.000000 0.000000 0.000000 0.233626 0.972326
80.570667744 2.592544 1.323365 0.000000 0.000000 0.000000 0.239585 0.970875
80.629180193 2.593805 1.320763 0.000000 0.000000 0.000000 0.243502 0.969900
80.725515127 2.598734 1.317761 0.000000 0.000000 0.000000 0.249639 0.968339
80.785824299 2.599886 1.315688 0.000000 0.000000 0.000000 0.253709 0.967281
80.885531425 2.600031 1.313548 0.000000 0.000000 0.000000 0.259992 0.965611
80.931448936 2.599503 1.311965 0.000000 0.000000 0.000000 0.263365 0.964696
81.023196459 2.609079 1.315991 0.000000 0.000000 0.000000 0.263267 0.964723
81.074112654 2.615457 1.318146 0.000000 0.000000 0.000000 0.262876 0.964830
81.169610262 2.628814 1.326984 0.000000 0.000000 0.000000 0.262937 0.964813
81.221564293 2.635764 1.335370 0.000000 0.000000 0.000000 0.262571 0.964913
81.317089081 2.650094 1.346347 0.000000 0.000000 0.000000 0.262446 0.964947
81.373459816 2.658955 1.348838 0.000000 0.000000 0.000000 0.262414 0.964955
81.468533754 2.672435 1.356486 0.000000 0.000000 0.000000 0.262612 0.964902
81.523016691 2.684797 1.361069 0.000000 0.000000 0.000000 0.262399 0.964959
81.598726511 2.696271 1.369077 0.000000 0.000000 0.000000 0.262537 0.964922
81.657386780 2.700039 1.369822 0.000000 0.000000 0.000000 0.266134 0.963936
81.743980408 2.705499 1.368907 0.000000 0.000000 0.000000 0.271841 0.962342
81.802433014 2.706696 1.366942 0.000000 0.000000 0.000000 0.274945 0.961460
81.892469883 2.707229 1.364644 0.000000 0.000000 0.000000 0.280575 0.959832
81.951400280 2.708620 1.360500 0.000000 0.000000 0.000000 0.284006 0.958823
82.051398516 2.713935 1.359334 0.000000 0.000000 0.000000 0.290925 0.956746
82.098116398 2.715499 1.357694 0.000000 0.000000 0.000000 0.294136 0.955763
82.188131332 2.725577 1.364427 0.000000 0.000000 0.000000 0.293805 0.955866
82.248149872 2.732583 1.368109 0.000000 0.000000 0.000000 0.293699 0.955898
82.336132288 2.744716 1.375896 0.000000 0.000000 0.000000 0.293552 0.955943
82.396090031 2.753582 1.381700 0.000000 0.000000 0.000000 0.293833 0.955857
82.493404388 2.767864 1.389855 0.000000 0.000000 0.000000 0.293751 0.955882
82.545469284 2.776676 1.394801 0.000000 0.000000 0.000000 0.294204 0.955743
82.645762682 2.789378 1.401691 0.000000 0.000000 0.000000 0.294144 0.955761
82.703368902 2.798411 1.407024 0.000000 0.000000 0.000000 0.293895 0.955838
82.786747932 2.811608 1.415111 0.000000 0.000000 0.000000 0.294261 0.955725
82.854153395 2.821919 1.421852 0.000000 0.000000 0.000000 0.294484 0.955657
82.943068027 2.837507 1.432010 0.000000 0.000000 0.000000 0.294505 0.955650
83.009804964 2.847780 1.442529 0.000000 0.000000 0.000000 0.294509 0.955649
83.085191727 2.860275 1.451630 0.000000 0.000000 0.000000 0.294737 0.955579
83.153803349 2.869772 1.458735 0.000000 0.000000 0.000000 0.294619 0.955615
83.241653681 2.879712 1.466754 0.000000 0.000000 0.000000 0.294810 0.955556
83.297069788 2.882213 1.468691 0.000000 0.000000 0.000000 0.297868 0.954607
83.389735460 2.885616 1.469814 0.000000 0.000000 0.000000 0.304144 0.952626
83.453119040 2.887395 1.470243 0.000000 0.000000 0.000000 0.308092 0.951357
83.537900448 2.885319 1.470651 0.000000 0.000000 0.000000 0.313060 0.949733
83.597048283 2.885537 1.467916 0.000000 0.000000 0.000000 0.316951 0.948442
83.717325926 2.888575 1.471334 0.000000 0.000000 0.000000 0.324869 0.945759
83.749479055 2.886121 1.466865 0.000000 0.000000 0.000000 0.326580 0.945170
83.838826418 2.886129 1.467307 0.000000 0.000000 0.000000 0.331937 0.943301
83.901724577 2.887043 1.465032 0.000000 0.000000 0.000000 0.336022 0.941854
83.992516994 2.886988 1.464456 0.000000 0.000000 0.000000 0.342093 0.939666
84.051721573 2.888018 1.462341 0.000000 0.000000 0.000000 0.345623 0.938373
84.156426907 2.890597 1.461780 0.000000 0.000000 0.000000 0.352237 0.935911
84.200500965 2.890996 1.459574 0.000000 0.000000 0.000000 0.354991 0.934870
84.283172131 2.898797 1.464267 0.000000 0.000000 0.000000 0.354978 0.934875
84.341853619 2.904554 1.472207 0.000000 0.000000 0.000000 0.354964 0.934880
84.440338135 2.917669 1.485412 0.000000 0.000000 0.000000 0.354980 0.934874
84.490278244 2.925812 1.490872 0.000000 0.000000 0.000000 0.354913 0.934899
84.590413809 2.938396 1.500318 0.000000 0.000000 0.000000 0.355135 0.934815
84.637861252 2.941040 1.501424 0.000000 0.000000 0.000000 0.358341 0.933591
84.731191397 2.943388 1.503963 0.000000 0.000000 0.000000 0.364829 0.931075
84.795961142 2.946776 1.503774 0.000000 0.000000 0.000000 0.369253 0.929329
84.885035038 2.950504 1.501774 0.000000 0.000000 0.000000 0.374851 0.927085
84.942189693 2.958240 1.506718 0.000000 0.000000 0.000000 0.375070 0.926997
85.035698891 2.964930 1.512466 0.000000 0.000000 0.000000 0.375152 0.926963
85.087255955 2.970751 1.518956 0.000000 0.000000 0.000000 0.375317 0.926897
85.177431345 2.981357 1.531161 0.000000 0.000000 0.000000 0.375123 0.926975
85.234461546 2.990314 1.540959 0.000000 0.000000 0.000000 0.374893 0.927068
85.317269802 3.001192 1.551895 0.000000 0.000000 0.000000 0.374994 0.927027
85.371974707 3.006849 1.559186 0.000000 0.000000 0.000000 0.374584 0.927193
85.478625298 3.011289 1.561635 0.000000 0.000000 0.000000 0.381309 0.924448
85.528799295 3.012249 1.560844 0.000000 0.000000 0.000000 0.384404 0.923165
85.623463392 3.013402 1.561394 0.000000 0.000000 0.000000 0.389767 0.920914
85.673765659 3.013975 1.562918 0.000000 0.000000 0.000000 0.392800 0.919624
85.763669968 3.023137 1.569733 0.000000 0.000000 0.000000 0.392488 0.919757
85.820935726 3.029244 1.575841 0.000000 0.000000 0.000000 0.392747 0.919647
85.910727024 3.039900 1.586363 0.000000 0.000000 0.000000 0.392533 0.919738
85.964876890 3.046770 1.592883 0.000000 0.000000 0.000000 0.392602 0.919709
86.051109076 3.056910 1.602972 0.000000 0.000000 0.000000 0.392643 0.919691
86.103527308 3.064047 1.610346 0.000000 0.000000 0.000000 0.392466 0.919766
86.201452255 3.076756 1.623369 0.000000 0.000000 0.000000 0.392786 0.919630
86.242657185 3.082501 1.629655 0.000000 0.000000 0.000000 0.392951 0.919559
86.334985495 3.092094 1.642907 0.000000 0.000000 0.000000 0.392701 0.919666
86.382092714 3.093983 1.644546 0.000000 0.000000 0.000000 0.395916 0.918287
86.472083092 3.097211 1.645533 0.000000 0.000000 0.000000 0.401134 0.916020
86.523828268 3.100167 1.644245 0.000000 0.000000 0.000000 0.403822 0.914838
86.615870237 3.100177 1.645695 0.000000 0.000000 0.000000 0.409538 0.912293
86.670076370 3.099842 1.644335 0.000000 0.000000 0.000000 0.413234 0.910625
86.774803400 3.111052 1.655569 0.000000 0.000000 0.000000 0.413311 0.910590
86.820199966 3.114033 1.658483 0.000000 0.000000 0.000000 0.413467 0.910519
86.919469357 3.125465 1.671758 0.000000 0.000000 0.000000 0.413459 0.910523
86.967871189 3.131606 1.677106 0.000000 0.000000 0.000000 0.413675 0.910424
87.056761026 3.140020 1.690992 0.000000 0.000000 0.000000 0.413829 0.910355
87.109259605 3.145381 1.700987 0.000000 0.000000 0.000000 0.414029 0.910264
87.192007065 3.154990 1.713023 0.000000 0.000000 0.000000 0.413844 0.910348
87.253980637 3.162456 1.719676 0.000000 0.000000 0.000000 0.414072 0.910244
87.349741697 3.165818 1.723279 0.000000 0.000000 0.000000 0.420352 0.907361
87.405018091 3.169455 1.724736 0.000000 0.000000 0.000000 0.423106 0.906080
87.485984564 3.171273 1.725618 0.000000 0.000000 0.000000 0.428544 0.903521
87.543567896 3.169537 1.722118 0.000000 0.000000 0.000000 0.431861 0.901940
87.634330273 3.170064 1.722581 0.000000 0.000000 0.000000 0.436761 0.899578
87.686902761 3.169935 1.719085 0.000000 0.000000 0.000000 0.439977 0.898009
87.787247896 3.170210 1.719939 0.000000 0.000000 0.000000 0.446252 0.894908
87.837472916 3.173899 1.723394 0.000000 0.000000 0.000000 0.446597 0.894735
87.916748285 3.181199 1.734809 0.000000 0.000000 0.000000 0.446733 0.894667
87.986268759 3.188025 1.745038 0.000000 0.000000 0.000000 0.446671 0.894698
88.086726427 3.198137 1.759585 0.000000 0.000000 0.000000 0.447016 0.894526
88.150101423 3.206271 1.767951 0.000000 0.000000 0.000000 0.447346 0.894361
88.240933418 3.209194 1.771619 0.000000 0.000000 0.000000 0.452731 0.891647
88.297403812 3.209157 1.775357 0.000000 0.000000 0.000000 0.456162 0.889897
88.386169910 3.210610 1.776878 0.000000 0.000000 0.000000 0.461484 0.887148
88.450335503 3.209688 1.775536 0.000000 0.000000 0.000000 0.465384 0.885109
88.535275698 3.210138 1.775624 0.000000 0.000000 0.000000 0.470197 0.882561
88.605426788 3.204200 1.770870 0.000000 0.000000 0.000000 0.473144 0.880985
88.683759212 3.204933 1.770781 0.000000 0.000000 0.000000 0.477825 0.878455
88.750116110 3.208570 1.776931 0.000000 0.000000 0.000000 0.477488 0.878638
88.851769447 3.217431 1.791317 0.000000 0.000000 0.000000 0.477390 0.878692
88.916266441 3.224603 1.801475 0.000000 0.000000 0.000000 0.476831 0.878995
89.002526760 3.233409 1.814406 0.000000 0.000000 0.000000 0.476772 0.879027
89.057895184 3.238710 1.821208 0.000000 0.000000 0.000000 0.476834 0.878993
89.140100241 3.246340 1.832541 0.000000 0.000000 0.000000 0.477099 0.878850
89.195465088 3.245281 1.837359 0.000000 0.000000 0.000000 0.480203 0.877157
89.289087772 3.247208 1.839475 0.000000 0.000000 0.000000 0.485856 0.874039
89.344048738 3.250566 1.840406 0.000000 0.000000 0.000000 0.489168 0.872189
89.440391302 3.252588 1.839216 0.000000 0.000000 0.000000 0.494557 0.869145
89.492968559 3.253738 1.832959 0.000000 0.000000 0.000000 0.497227 0.867621
89.607647657 3.262349 1.843228 0.000000 0.000000 0.000000 0.497040 0.867728
89.672281504 3.267672 1.852055 0.000000 0.000000 0.000000 0.497163 0.867657
89.768073082 3.277579 1.865903 0.000000 0.000000 0.000000 0.497121 0.867681
89.829360723 3.285259 1.873418 0.000000 0.000000 0.000000 0.496890 0.867814
89.918611765 3.293887 1.887080 0.000000 0.000000 0.000000 0.496819 0.867854
89.983339548 3.301497 1.897705 0.000000 0.000000 0.000000 0.496701 0.867922
90.075467348 3.311455 1.911928 0.000000 0.000000 0.000000 0.496685 0.867931
90.136802912 3.317280 1.923087 0.000000 0.000000 0.000000 0.496617 0.867970
90.217718840 3.325268 1.936456 0.000000 0.000000 0.000000 0.496512 0.868030
90.282570362 3.331677 1.946252 0.000000 0.000000 0.000000 0.496740 0.867899
90.377734184 3.341878 1.958073 0.000000 0.000000 0.000000 0.496742 0.867898
90.428593874 3.348810 1.963770 0.000000 0.000000 0.000000 0.496443 0.868069
90.510604858 3.357304 1.975614 0.000000 0.000000 0.000000 0.496502 0.868036
90.568803549 3.364289 1.985729 0.000000 0.000000 0.000000 0.496234 0.868189
90.669097900 3.374049 2.000466 0.000000 0.000000 0.000000 0.496236 0.868188
90.734403133 3.379636 2.010777 0.000000 0.000000 0.000000 0.496485 0.868046
90.817264557 3.385778 2.023423 0.000000 0.000000 0.000000 0.496529 0.868020
90.874949217 3.392254 2.032263 0.000000 0.000000 0.000000 0.496647 0.867953
90.977848291 3.400970 2.049276 0.000000 0.000000 0.000000 0.496908 0.867803
91.038990498 3.405072 2.060858 0.000000 0.000000 0.000000 0.497261 0.867601
91.132968187 3.413433 2.075349 0.000000 0.000000 0.000000 0.497253 0.867605
91.184181929 3.418087 2.084026 0.000000 0.000000 0.000000 0.497052 0.867721
91.277483940 3.425931 2.097947 0.000000 0.000000 0.000000 0.496733 0.867903
91.333750963 3.432398 2.104103 0.000000 0.000000 0.000000 0.496829 0.867849
91.435931683 3.442261 2.120445 0.000000 0.000000 0.000000 0.496855 0.867834
91.490885019 3.449395 2.131242 0.000000 0.000000 0.000000 0.496464 0.868057
91.596405983 3.459930 2.147837 0.000000 0.000000 0.000000 0.496538 0.868015
91.657889366 3.464979 2.156749 0.000000 0.000000 0.000000 0.496659 0.867946
91.744920015 3.472827 2.169749 0.000000 0.000000 0.000000 0.496666 0.867942
91.803375244 3.479342 2.177298 0.000000 0.000000 0.000000 0.496552 0.868007
91.889576912 3.487261 2.191897 0.000000 0.000000 0.000000 0.496689 0.867929
91.950321198 3.492532 2.203863 0.000000 0.000000 0.000000 0.496775 0.867879
92.040585995 3.501415 2.220534 0.000000 0.000000 0.000000 0.497138 0.867671
92.095539570 3.505672 2.229147 0.000000 0.000000 0.000000 0.497410 0.867516
92.180634975 3.513962 2.242839 0.000000 0.000000 0.000000 0.497591 0.867412
92.233907700 3.518446 2.250141 0.000000 0.000000 0.000000 0.497688 0.867356
92.324627161 3.524948 2.262772 0.000000 0.000000 0.000000 0.497732 0.867331
92.377721786 3.527401 2.274257 0.000000 0.000000 0.000000 0.497594 0.867410
92.477380037 3.534423 2.289878 0.000000 0.000000 0.000000 0.497255 0.867604
92.527386665 3.537463 2.298178 0.000000 0.000000 0.000000 0.497179 0.867648
92.615924358 3.544996 2.311582 0.000000 0.000000 0.000000 0.497059 0.867717
92.672314167 3.550621 2.316104 0.000000 0.000000 0.000000 0.497264 0.867599
92.773890257 3.559541 2.330413 0.000000 0.000000 0.000000 0.497366 0.867541
92.833395958 3.569011 2.339656 0.000000 0.000000 0.000000 0.497352 0.867549
92.924817085 3.577439 2.353707 0.000000 0.000000 0.000000 0.497430 0.867504
92.988978386 3.586017 2.363973 0.000000 0.000000 0.000000 0.497253 0.867606
93.100240469 3.596097 2.381581 0.000000 0.000000 0.000000 0.497245 0.867610
93.152472734 3.599981 2.388554 0.000000 0.000000 0.000000 0.497225 0.867621
93.248969555 3.608802 2.401843 0.000000 0.000000 0.000000 0.497154 0.867662
93.302347898 3.613912 2.412217 0.000000 0.000000 0.000000 0.497280 0.867590
93.402684212 3.625191 2.427718 0.000000 0.000000 0.000000 0.497365 0.867541
93.454676867 3.631370 2.437774 0.000000 0.000000 0.000000 0.497352 0.867549
93.552758694 3.638894 2.450363 0.000000 0.000000 0.000000 0.497666 0.867369
93.613630056 3.641794 2.457588 0.000000 0.000000 0.000000 0.497909 0.867229
93.707502604 3.650599 2.471188 0.000000 0.000000 0.000000 0.498004 0.867175
93.764230251 3.656420 2.482173 0.000000 0.000000 0.000000 0.498012 0.867170
93.873910427 3.665876 2.497008 0.000000 0.000000 0.000000 0.497582 0.867417
93.914932251 3.671784 2.502191 0.000000 0.000000 0.000000 0.497576 0.867421
94.005584240 3.681175 2.513484 0.000000 0.000000 0.000000 0.497513 0.867456
94.060539484 3.684425 2.523400 0.000000 0.000000 0.000000 0.497518 0.867454
94.156020403 3.691876 2.539540 0.000000 0.000000 0.000000 0.496956 0.867776
94.210253716 3.696783 2.549103 0.000000 0.000000 0.000000 0.497045 0.867725
94.306135893 3.705747 2.565465 0.000000 0.000000 0.000000 0.496975 0.867765
94.372974396 3.713234 2.576920 0.000000 0.000000 0.000000 0.497046 0.867724
94.471097946 3.721479 2.590519 0.000000 0.000000 0.000000 0.497281 0.867589
94.529613972 3.728285 2.599605 0.000000 0.000000 0.000000 0.496953 0.867778
94.627149820 3.738686 2.613890 0.000000 0.000000 0.000000 0.497169 0.867654
94.671769142 3.742846 2.622399 0.000000 0.000000 0.000000 0.497365 0.867542
94.763330460 3.749547 2.635687 0.000000 0.000000 0.000000 0.497297 0.867580
94.822440624 3.753407 2.642876 0.000000 0.000000 0.000000 0.497078 0.867706
94.912670851 3.761696 2.655010 0.000000 0.000000 0.000000 0.497009 0.867746
94.978972197 3.768546 2.662155 0.000000 0.000000 0.000000 0.496595 0.867983
95.068254471 3.778890 2.676896 0.000000 0.000000 0.000000 0.496204 0.868206
95.123470068 3.785031 2.686358 0.000000 0.000000 0.000000 0.496531 0.868019
95.210581541 3.793410 2.699525 0.000000 0.000000 0.000000 0.496607 0.867976
95.261231899 3.799335 2.708337 0.000000 0.000000 0.000000 0.496132 0.868247
95.358219862 3.809988 2.723302 0.000000 0.000000 0.000000 0.495886 0.868388
95.405269146 3.815279 2.729284 0.000000 0.000000 0.000000 0.495882 0.868390
95.495450497 3.816802 2.731204 0.000000 0.000000 0.000000 0.495903 0.868378
95.556711435 3.818253 2.730631 0.000000 0.000000 0.000000 0.495910 0.868374
95.654532194 3.819014 2.729799 0.000000 0.000000 0.000000 0.495992 0.868327
95.718507051 3.817885 2.728845 0.000000 0.000000 0.000000 0.496274 0.868166
95.809733868 3.817492 2.726928 0.000000 0.000000 0.000000 0.496200 0.868208
95.869915009 3.817088 2.724126 0.000000 0.000000 0.000000 0.496164 0.868229
95.968504429 3.815783 2.724082 0.000000 0.000000 0.000000 0.496088 0.868272
96.013655424 3.817189 2.725216 0.000000 0.000000 0.000000 0.495833 0.868418
96.105460644 3.816762 2.724121 0.000000 0.000000 0.000000 0.496329 0.868134
96.151817083 3.816978 2.722726 0.000000 0.000000 0.000000 0.496392 0.868098
96.249305487 3.816606 2.720907 0.000000 0.000000 0.000000 0.496378 0.868107
96.313171148 3.819025 2.719239 0.000000 0.000000 0.000000 0.496657 0.867947
96.411842108 3.820488 2.720337 0.000000 0.000000 0.000000 0.496635 0.867959
96.483254194 3.821843 2.721161 0.000000 0.000000 0.000000 0.497067 0.867712
96.576039553 3.823027 2.717803 0.000000 0.000000 0.000000 0.497275 0.867593
96.634468794 3.823629 2.717990 0.000000 0.000000 0.000000 0.497618 0.867396
96.723625898 3.822875 2.716535 0.000000 0.000000 0.000000 0.497395 0.867524
96.781600475 3.822698 2.715876 0.000000 0.000000 0.000000 0.497612 0.867400
96.866395235 3.822263 2.715542 0.000000 0.000000 0.000000 0.497633 0.867388
96.921135187 3.822550 2.715774 0.000000 0.000000 0.000000 0.497627 0.867391
97.019036293 3.822150 2.716228 0.000000 0.000000 0.000000 0.497526 0.867449
97.060910940 3.822232 2.718366 0.000000 0.000000 0.000000 0.497294 0.867582
97.153807163 3.822327 2.718221 0.000000 0.000000 0.000000 0.496981 0.867762
97.211027622 3.822464 2.719070 0.000000 0.000000 0.000000 0.496645 0.867954
97.305245876 3.822094 2.718346 0.000000 0.000000 0.000000 0.496441 0.868071
97.364989996 3.821258 2.716348 0.000000 0.000000 0.000000 0.496440 0.868071
97.465471268 3.822670 2.718159 0.000000 0.000000 0.000000 0.496632 0.867961
97.531141281 3.822445 2.716192 0.000000 0.000000 0.000000 0.496985 0.867759
97.607466698 3.821992 2.715893 0.000000 0.000000 0.000000 0.497100 0.867693
97.670571327 3.822803 2.716721 0.000000 0.000000 0.000000 0.497705 0.867346
97.761371374 3.821921 2.716379 0.000000 0.000000 0.000000 0.497623 0.867393
97.826786518 3.820745 2.715892 0.000000 0.000000 0.000000 0.497635 0.867387
97.904732704 3.819195 2.715581 0.000000 0.000000 0.000000 0.497757 0.867316
97.972033739 3.818150 2.714648 0.000000 0.000000 0.000000 0.498084 0.867129
98.065672398 3.815956 2.714065 0.000000 0.000000 0.000000 0.497880 0.867246
98.120881319 3.815829 2.714234 0.000000 0.000000 0.000000 0.497882 0.867245
98.209275961 3.816065 2.714954 0.000000 0.000000 0.000000 0.498017 0.867167
98.266049623 3.817738 2.715850 0.000000 0.000000 0.000000 0.498057 0.867144
98.353181839 3.818216 2.716131 0.000000 0.000000 0.000000 0.498003 0.867175
98.403073549 3.817943 2.713710 0.000000 0.000000 0.000000 0.498054 0.867146
98.490382910 3.817999 2.714667 0.000000 0.000000 0.000000 0.497860 0.867257
98.542252064 3.818224 2.715628 0.000000 0.000000 0.000000 0.497895 0.867237
98.624454260 3.817882 2.714133 0.000000 0.000000 0.000000 0.497754 0.867318
98.685510397 3.817821 2.713674 0.000000 0.000000 0.000000 0.497818 0.867282
98.779605627 3.818520 2.713037 0.000000 0.000000 0.000000 0.497494 0.867467
98.838194609 3.817431 2.712042 0.000000 0.000000 0.000000 0.497497 0.867466
98.929908276 3.817521 2.711333 0.000000 0.000000 0.000000 0.497543 0.867440
98.986426353 3.818642 2.709145 0.000000 0.000000 0.000000 0.497566 0.867426
99.090990067 3.821164 2.709752 0.000000 0.000000 0.000000 0.497421 0.867509
99.137984037 3.819691 2.709816 0.000000 0.000000 0.000000 0.497337 0.867557
99.222180128 3.820236 2.709835 0.000000 0.000000 0.000000 0.498038 0.867155
99.274515629 3.820139 2.710203 0.000000 0.000000 0.000000 0.498522 0.866877
99.372492313 3.820456 2.710999 0.000000 0.000000 0.000000 0.498595 0.866835
99.430688858 3.820791 2.709987 0.000000 0.000000 0.000000 0.498396 0.866949
99.544572830 3.819801 2.711663 0.000000 0.000000 0.000000 0.498201 0.867062
99.586899042 3.821352 2.709422 0.000000 0.000000 0.000000 0.497795 0.867295
99.684531927 3.822559 2.707758 0.000000 0.000000 0.000000 0.498068 0.867138
99.732462883 3.822863 2.706567 0.000000 0.000000 0.000000 0.497871 0.867251
99.817482233 3.823403 2.705037 0.000000 0.000000 0.000000 0.498104 0.867118
99.865893364 3.823611 2.704268 0.000000 0.000000 0.000000 0.498472 0.866906
99.974117994 3.823727 2.705186 0.000000 0.000000 0.000000 0.498783 0.866727
100.008396149 3.824106 2.705015 0.000000 0.000000 0.000000 0.498923 0.866647
100.099959850 3.824549 2.705065 0.000000 0.000000 0.000000 0.499011 0.866596
100.157341719 3.825702 2.706195 0.000000 0.000000 0.000000 0.499331 0.866411
100.251402378 3.827414 2.706431 0.000000 0.000000 0.000000 0.499275 0.866443
100.296842813 3.825397 2.706310 0.000000 0.000000 0.000000 0.499363 0.866393
100.386153460 3.824783 2.706878 0.000000 0.000000 0.000000 0.499392 0.866376
100.438560963 3.825761 2.706026 0.000000 0.000000 0.000000 0.499428 0.866356
100.523025513 3.825209 2.704490 0.000000 0.000000 0.000000 0.499406 0.866368
100.578892708 3.826654 2.705370 0.000000 0.000000 0.000000 0.499353 0.866398
100.666844606 3.825237 2.706674 0.000000 0.000000 0.000000 0.499318 0.866419
100.717916250 3.823751 2.706732 0.000000 0.000000 0.000000 0.499480 0.866326
100.814438343 3.823271 2.707081 0.000000 0.000000 0.000000 0.499711 0.866192
100.859156370 3.822510 2.708045 0.000000 0.000000 0.000000 0.499849 0.866113
100.952885628 3.821942 2.708460 0.000000 0.000000 0.000000 0.499738 0.866177
101.000487804 3.821979 2.709435 0.000000 0.000000 0.000000 0.500406 0.865791
101.085479736 3.821874 2.709852 0.000000 0.000000 0.000000 0.500654 0.865648
101.136031866 3.820853 2.709406 0.000000 0.000000 0.000000 0.500851 0.865533
101.229514122 3.821572 2.709410 0.000000 0.000000 0.000000 0.500445 0.865768
101.274351120 3.820443 2.707312 0.000000 0.000000 0.000000 0.499995 0.866028
101.373620749 3.818805 2.706046 0.000000 0.000000 0.000000 0.499534 0.866295
101.426921129 3.815534 2.705117 0.000000 0.000000 0.000000 0.499721 0.866186
101.521782160 3.813192 2.704478 0.000000 0.000000 0.000000 0.499753 0.866168
101.570658922 3.812269 2.703116 0.000000 0.000000 0.000000 0.499707 0.866194
101.657437325 3.811731 2.701606 0.000000 0.000000 0.000000 0.499598 0.866257
101.713495970 3.811805 2.698818 0.000000 0.000000 0.000000 0.499200 0.866487
101.799236774 3.812423 2.695784 0.000000 0.000000 0.000000 0.499328 0.866413
101.849389791 3.811444 2.693070 0.000000 0.000000 0.000000 0.499636 0.866236
101.945839167 3.809937 2.691286 0.000000 0.000000 0.000000 0.499725 0.866184
101.999189854 3.808033 2.690280 0.000000 0.000000 0.000000 0.499619 0.866245
102.086042404 3.808726 2.688568 0.000000 0.000000 0.000000 0.499803 0.866139
102.136522293 3.808704 2.688031 0.000000 0.000000 0.000000 0.499995 0.866028
102.221495152 3.808286 2.687525 0.000000 0.000000 0.000000 0.499689 0.866205
102.276251078 3.806950 2.686722 0.000000 0.000000 0.000000 0.499899 0.866083
102.367645025 3.807528 2.687805 0.000000 0.000000 0.000000 0.499312 0.866422
102.423708200 3.806224 2.687979 0.000000 0.000000 0.000000 0.499120 0.866533
102.525077105 3.804606 2.688475 0.000000 0.000000 0.000000 0.499181 0.866498
102.574762106 3.804858 2.690726 0.000000 0.000000 0.000000 0.499244 0.866462
102.674291134 3.805285 2.692351 0.000000 0.000000 0.000000 0.499210 0.866481
