56.000000000 0.002268 0.996438 0.000000 0.000000 0.000000 0.008447 0.999964
56.092626333 -0.007875 0.991157 0.000000 0.000000 0.000000 0.007963 0.999968
56.136488199 -0.006820 0.989440 0.000000 0.000000 0.000000 0.008443 0.999964
56.234569073 -0.004867 0.987356 0.000000 0.000000 0.000000 0.008812 0.999961
56.291095257 -0.003543 0.987574 0.000000 0.000000 0.000000 0.008843 0.999961
56.384810448 -0.002491 0.986522 0.000000 0.000000 0.000000 0.008873 0.999961
56.432573795 -0.002545 0.985478 0.000000 0.000000 0.000000 0.008789 0.999961
56.517774343 -0.001845 0.984415 0.000000 0.000000 0.000000 0.008860 0.999961
56.566277504 -0.002625 0.983725 0.000000 0.000000 0.000000 0.008834 0.999961
56.658776283 -0.001859 0.983110 0.000000 0.000000 0.000000 0.008830 0.999961
56.719421625 -0.002171 0.982240 0.000000 0.000000 0.000000 0.008670 0.999962
56.806190968 -0.003468 0.980734 0.000000 0.000000 0.000000 0.008840 0.999961
56.859033823 -0.003779 0.981081 0.000000 0.000000 0.000000 0.008758 0.999962
56.956225157 -0.003592 0.980201 0.000000 0.000000 0.000000 0.008895 0.999960
56.992516994 -0.003254 0.980372 0.000000 0.000000 0.000000 0.008992 0.999960
57.085117579 -0.003201 0.980598 0.000000 0.000000 0.000000 0.008933 0.999960
57.135342836 -0.003337 0.980328 0.000000 0.000000 0.000000 0.009040 0.999959
57.226917267 -0.002662 0.981665 0.000000 0.000000 0.000000 0.008815 0.999961
57.280653477 -0.002928 0.980781 0.000000 0.000000 0.000000 0.008622 0.999963
57.376023293 -0.002560 0.981454 0.000000 0.000000 0.000000 0.008522 0.999964
57.421943903 -0.001532 0.982271 0.000000 0.000000 0.000000 0.008423 0.999965
57.506844759 -0.001773 0.983165 0.000000 0.000000 0.000000 0.008593 0.999963
57.561612844 -0.002323 0.983883 0.000000 0.000000 0.000000 0.008596 0.999963
57.661116600 -0.000514 0.981618 0.000000 0.000000 0.000000 0.008788 0.999961
57.713097334 -0.000295 0.981893 0.000000 0.000000 0.000000 0.008828 0.999961
57.818692207 -0.000978 0.982378 0.000000 0.000000 0.000000 0.008774 0.999962
57.857132435 -0.000982 0.982449 0.000000 0.000000 0.000000 0.008889 0.999960
57.942367077 -0.000287 0.982520 0.000000 0.000000 0.000000 0.008794 0.999961
57.993121147 0.001215 0.982131 0.000000 0.000000 0.000000 0.008939 0.999960
58.084053516 0.001080 0.981868 0.000000 0.000000 0.000000 0.008965 0.999960
58.134043932 0.000510 0.981811 0.000000 0.000000 0.000000 0.008981 0.999960
58.226578236 0.000993 0.982213 0.000000 0.000000 0.000000 0.008795 0.999961
58.278188705 0.000719 0.982432 0.000000 0.000000 0.000000 0.008734 0.999962
58.375108480 0.000637 0.981777 0.000000 0.000000 0.000000 0.008806 0.999961
58.432198524 0.000322 0.981294 0.000000 0.000000 0.000000 0.008723 0.999962
58.513686180 0.000429 0.981498 0.000000 0.000000 0.000000 0.008746 0.999962
58.577755451 0.000510 0.981034 0.000000 0.000000 0.000000 0.009014 0.999959
58.663658381 0.000816 0.981335 0.000000 0.000000 0.000000 0.009101 0.999959
58.721382856 0.000888 0.983528 0.000000 0.000000 0.000000 0.009110 0.999959
58.811643362 0.001102 0.984895 0.000000 0.000000 0.000000 0.009051 0.999959
58.859117508 0.001041 0.985105 0.000000 0.000000 0.000000 0.009021 0.999959
58.954252720 0.000886 0.984843 0.000000 0.000000 0.000000 0.008914 0.999960
59.016629219 0.002123 0.983600 0.000000 0.000000 0.000000 0.008956 0.999960
59.106379747 0.001289 0.982515 0.000000 0.000000 0.000000 0.008870 0.999961
59.158839226 0.001270 0.982379 0.000000 0.000000 0.000000 0.008643 0.999963
59.239713192 0.000973 0.982625 0.000000 0.000000 0.000000 0.008641 0.999963
59.295119047 0.001494 0.981610 0.000000 0.000000 0.000000 0.008711 0.999962
59.400145054 0.001439 0.981075 0.000000 0.000000 0.000000 0.008501 0.999964
59.447155952 0.002455 0.981373 0.000000 0.000000 0.000000 0.008576 0.999963
59.543852329 0.002809 0.981486 0.000000 0.000000 0.000000 0.008408 0.999965
59.590034962 0.003802 0.980685 0.000000 0.000000 0.000000 0.008466 0.999964
59.665421247 0.003711 0.980495 0.000000 0.000000 0.000000 0.008576 0.999963
59.720851421 0.002170 0.980750 0.000000 0.000000 0.000000 0.008493 0.999964
59.805132151 0.001658 0.980471 0.000000 0.000000 0.000000 0.008374 0.999965
59.860359430 0.001039 0.980388 0.000000 0.000000 0.000000 0.008373 0.999965
59.957119226 0.000184 0.980448 0.000000 0.000000 0.000000 0.008405 0.999965
60.005816936 -0.000108 0.980481 0.000000 0.000000 0.000000 0.008372 0.999965
60.089397669 0.000665 0.979563 0.000000 0.000000 0.000000 0.008212 0.999966
60.138172865 0.000851 0.979561 0.000000 0.000000 0.000000 0.007976 0.999968
60.220950127 0.001593 0.979630 0.000000 0.000000 0.000000 0.007914 0.999969
60.272440672 0.002461 0.979990 0.000000 0.000000 0.000000 0.007843 0.999969
60.365985632 0.001761 0.980361 0.000000 0.000000 0.000000 0.007778 0.999970
60.419920921 0.001496 0.979624 0.000000 0.000000 0.000000 0.007466 0.999972
60.517887354 0.002813 0.978840 0.000000 0.000000 0.000000 0.007380 0.999973
60.576246977 0.002001 0.978357 0.000000 0.000000 0.000000 0.007459 0.999972
60.661265135 0.001264 0.978634 0.000000 0.000000 0.000000 0.007522 0.999972
60.720116138 0.000792 0.977500 0.000000 0.000000 0.000000 0.007340 0.999973
60.806773424 0.000139 0.976700 0.000000 0.000000 0.000000 0.007133 0.999975
60.856551170 0.000953 0.977060 0.000000 0.000000 0.000000 0.007186 0.999974
60.954911470 0.001502 0.976587 0.000000 0.000000 0.000000 0.007154 0.999974
61.012297630 0.000971 0.976185 0.000000 0.000000 0.000000 0.007154 0.999974
61.109639168 0.002234 0.975856 0.000000 0.000000 0.000000 0.007125 0.999975
61.157109976 0.001828 0.975380 0.000000 0.000000 0.000000 0.007310 0.999973
61.239634752 0.002140 0.976353 0.000000 0.000000 0.000000 0.007408 0.999973
61.291578770 0.002171 0.976365 0.000000 0.000000 0.000000 0.007355 0.999973
61.377224922 0.002376 0.976038 0.000000 0.000000 0.000000 0.007234 0.999974
61.424571276 0.002569 0.975256 0.000000 0.000000 0.000000 0.007093 0.999975
61.517945051 0.002736 0.974127 0.000000 0.000000 0.000000 0.006968 0.999976
61.571182013 0.002987 0.972475 0.000000 0.000000 0.000000 0.007122 0.999975
61.674693108 0.002925 0.973076 0.000000 0.000000 0.000000 0.007299 0.999973
61.731230259 0.003079 0.973126 0.000000 0.000000 0.000000 0.007331 0.999973
61.823836803 0.002921 0.973156 0.000000 0.000000 0.000000 0.007336 0.999973
61.867137194 0.003040 0.973825 0.000000 0.000000 0.000000 0.007479 0.999972
61.957184315 0.001962 0.973097 0.000000 0.000000 0.000000 0.007604 0.999971
62.007257462 0.001868 0.972713 0.000000 0.000000 0.000000 0.007839 0.999969
62.096065044 0.002047 0.971727 0.000000 0.000000 0.000000 0.007790 0.999970
62.149833441 0.002399 0.971656 0.000000 0.000000 0.000000 0.007805 0.999970
62.231528997 0.016773 0.972198 0.000000 0.000000 0.000000 0.007965 0.999968
62.288254261 0.027099 0.973043 0.000000 0.000000 0.000000 0.007977 0.999968
62.372793436 0.041813 0.973821 0.000000 0.000000 0.000000 0.007931 0.999969
62.437046528 0.052836 0.974973 0.000000 0.000000 0.000000 0.008039 0.999968
62.518205643 0.066465 0.975976 0.000000 0.000000 0.000000 0.008096 0.999967
62.573649645 0.074896 0.977058 0.000000 0.000000 0.000000 0.008209 0.999966
62.658019066 0.088376 0.977257 0.000000 0.000000 0.000000 0.008521 0.999964
62.708748341 0.095755 0.977307 0.000000 0.000000 0.000000 0.008503 0.999964
62.802901506 0.110727 0.977263 0.000000 0.000000 0.000000 0.008734 0.999962
62.862125397 0.120279 0.976828 0.000000 0.000000 0.000000 0.008758 0.999962
62.944721937 0.133850 0.976918 0.000000 0.000000 0.000000 0.008792 0.999961
63.001682520 0.143150 0.977299 0.000000 0.000000 0.000000 0.009203 0.999958
63.096352816 0.159263 0.977623 0.000000 0.000000 0.000000 0.009316 0.999957
63.140980959 0.167432 0.978300 0.000000 0.000000 0.000000 0.009391 0.999956
63.224403381 0.181242 0.978455 0.000000 0.000000 0.000000 0.009404 0.999956
63.278097630 0.189729 0.978291 0.000000 0.000000 0.000000 0.009541 0.999954
63.378735542 0.205785 0.977764 0.000000 0.000000 0.000000 0.009450 0.999955
63.429337263 0.214363 0.978222 0.000000 0.000000 0.000000 0.009371 0.999956
63.507558107 0.226956 0.978771 0.000000 0.000000 0.000000 0.009613 0.999954
63.561244726 0.235326 0.979357 0.000000 0.000000 0.000000 0.009733 0.999953
63.651183605 0.249868 0.979986 0.000000 0.000000 0.000000 0.009794 0.999952
63.722069025 0.261163 0.980065 0.000000 0.000000 0.000000 0.009669 0.999953
63.818211794 0.277566 0.980976 0.000000 0.000000 0.000000 0.009734 0.999953
63.867984533 0.285500 0.981058 0.000000 0.000000 0.000000 0.009826 0.999952
63.954170942 0.300439 0.982399 0.000000 0.000000 0.000000 0.009813 0.999952
64.007827759 0.308376 0.983149 0.000000 0.000000 0.000000 0.009795 0.999952
64.098969221 0.323370 0.984135 0.000000 0.000000 0.000000 0.010054 0.999949
64.150251389 0.332022 0.983864 0.000000 0.000000 0.000000 0.010108 0.999949
64.240028858 0.347816 0.983814 0.000000 0.000000 0.000000 0.010039 0.999950
64.291742325 0.355792 0.983724 0.000000 0.000000 0.000000 0.009961 0.999950
64.384911537 0.371173 0.983521 0.000000 0.000000 0.000000 0.009877 0.999951
64.438662767 0.379785 0.983493 0.000000 0.000000 0.000000 0.009835 0.999952
64.529100657 0.395509 0.983983 0.000000 0.000000 0.000000 0.010006 0.999950
64.581606388 0.404578 0.982794 0.000000 0.000000 0.000000 0.009964 0.999950
64.666499376 0.418477 0.982170 0.000000 0.000000 0.000000 0.009741 0.999953
64.719514608 0.426941 0.981774 0.000000 0.000000 0.000000 0.009770 0.999952
64.801486015 0.440156 0.980678 0.000000 0.000000 0.000000 0.010079 0.999949
64.853920698 0.448610 0.980039 0.000000 0.000000 0.000000 0.009948 0.999951
64.943417788 0.463572 0.979719 0.000000 0.000000 0.000000 0.010094 0.999949
64.995023489 0.472810 0.979487 0.000000 0.000000 0.000000 0.010262 0.999947
65.076430798 0.486593 0.979708 0.000000 0.000000 0.000000 0.010580 0.999944
65.137303352 0.497142 0.980908 0.000000 0.000000 0.000000 0.010649 0.999943
65.235720634 0.513994 0.981432 0.000000 0.000000 0.000000 0.010657 0.999943
65.286878586 0.522834 0.982351 0.000000 0.000000 0.000000 0.010560 0.999944
65.388996363 0.539212 0.982674 0.000000 0.000000 0.000000 0.010660 0.999943
65.443364143 0.548605 0.982110 0.000000 0.000000 0.000000 0.010659 0.999943
65.533442974 0.564774 0.982372 0.000000 0.000000 0.000000 0.010524 0.999945
65.583643198 0.572967 0.982274 0.000000 0.000000 0.000000 0.010501 0.999945
65.666572094 0.586849 0.982397 0.000000 0.000000 0.000000 0.010613 0.999944
65.718314648 0.595999 0.982761 0.000000 0.000000 0.000000 0.010531 0.999945
65.813969851 0.611792 0.982807 0.000000 0.000000 0.000000 0.010608 0.999944
65.860479355 0.619122 0.984587 0.000000 0.000000 0.000000 0.010503 0.999945
65.949100494 0.634174 0.984930 0.000000 0.000000 0.000000 0.010735 0.999942
66.006313324 0.643968 0.986288 0.000000 0.000000 0.000000 0.010687 0.999943
66.091695070 0.658524 0.986363 0.000000 0.000000 0.000000 0.010815 0.999942
66.150105000 0.668037 0.986534 0.000000 0.000000 0.000000 0.010850 0.999941
66.245607138 0.683253 0.986915 0.000000 0.000000 0.000000 0.010838 0.999941
66.289936066 0.689998 0.987272 0.000000 0.000000 0.000000 0.010942 0.999940
66.374847174 0.703052 0.987467 0.000000 0.000000 0.000000 0.011013 0.999939
66.427448988 0.712218 0.987402 0.000000 0.000000 0.000000 0.011126 0.999938
66.515174389 0.726163 0.986543 0.000000 0.000000 0.000000 0.011060 0.999939
66.565155268 0.734769 0.987697 0.000000 0.000000 0.000000 0.010968 0.999940
66.668905973 0.751997 0.988182 0.000000 0.000000 0.000000 0.010981 0.999940
66.720251560 0.762080 0.987966 0.000000 0.000000 0.000000 0.011222 0.999937
66.818524122 0.777546 0.988644 0.000000 0.000000 0.000000 0.011340 0.999936
66.862034321 0.785605 0.988298 0.000000 0.000000 0.000000 0.011100 0.999938
66.948162079 0.801116 0.988289 0.000000 0.000000 0.000000 0.011098 0.999938
66.998103142 0.809695 0.988805 0.000000 0.000000 0.000000 0.011223 0.999937
67.100195885 0.826670 0.989788 0.000000 0.000000 0.000000 0.011213 0.999937
67.157076359 0.836684 0.989122 0.000000 0.000000 0.000000 0.011253 0.999937
67.269846916 0.857174 0.989175 0.000000 0.000000 0.000000 0.011194 0.999937
67.325706720 0.866266 0.988805 0.000000 0.000000 0.000000 0.011504 0.999934
67.417520761 0.882475 0.988255 0.000000 0.000000 0.000000 0.011853 0.999930
67.475314379 0.891770 0.988253 0.000000 0.000000 0.000000 0.011750 0.999931
67.587245464 0.909857 0.988870 0.000000 0.000000 0.000000 0.011835 0.999930
67.657504320 0.922870 0.991315 0.000000 0.000000 0.000000 0.012109 0.999927
67.744100571 0.938980 0.991403 0.000000 0.000000 0.000000 0.012371 0.999923
67.809964418 0.949861 0.992166 0.000000 0.000000 0.000000 0.012575 0.999921
67.907867193 0.965121 0.993332 0.000000 0.000000 0.000000 0.012581 0.999921
67.955658197 0.971863 0.993518 0.000000 0.000000 0.000000 0.012505 0.999922
68.043772697 0.987420 0.993990 0.000000 0.000000 0.000000 0.012678 0.999920
68.092056751 0.997184 0.994018 0.000000 0.000000 0.000000 0.012892 0.999917
68.198954105 1.016208 0.994231 0.000000 0.000000 0.000000 0.012976 0.999916
68.239401817 1.023371 0.994311 0.000000 0.000000 0.000000 0.012891 0.999917
68.334116697 1.038687 0.994586 0.000000 0.000000 0.000000 0.013177 0.999913
68.393169165 1.048759 0.994458 0.000000 0.000000 0.000000 0.013240 0.999912
68.488315105 1.065077 0.994762 0.000000 0.000000 0.000000 0.013694 0.999906
68.548655272 1.075826 0.994596 0.000000 0.000000 0.000000 0.013625 0.999907
68.628951550 1.090536 0.994469 0.000000 0.000000 0.000000 0.013757 0.999905
68.688163757 1.100691 0.994582 0.000000 0.000000 0.000000 0.013764 0.999905
68.771270037 1.114216 0.995346 0.000000 0.000000 0.000000 0.014054 0.999901
68.824939728 1.123813 0.994859 0.000000 0.000000 0.000000 0.014080 0.999901
68.927378178 1.141338 0.994699 0.000000 0.000000 0.000000 0.014081 0.999901
68.988554239 1.153004 0.996080 0.000000 0.000000 0.000000 0.014396 0.999896
69.091393948 1.171386 0.995974 0.000000 0.000000 0.000000 0.014433 0.999896
69.142657280 1.180410 0.995771 0.000000 0.000000 0.000000 0.014550 0.999894
69.226943970 1.194888 0.995800 0.000000 0.000000 0.000000 0.014566 0.999894
69.291504383 1.206673 0.997080 0.000000 0.000000 0.000000 0.014731 0.999891
69.395749092 1.225818 0.997297 0.000000 0.000000 0.000000 0.014975 0.999888
69.444655418 1.236356 0.997394 0.000000 0.000000 0.000000 0.015072 0.999886
69.543005466 1.254088 0.997428 0.000000 0.000000 0.000000 0.015156 0.999885
69.595045090 1.262890 0.995778 0.000000 0.000000 0.000000 0.015174 0.999885
69.695927858 1.279971 0.996245 0.000000 0.000000 0.000000 0.015365 0.999882
69.753221989 1.288405 0.996943 0.000000 0.000000 0.000000 0.015489 0.999880
69.852281094 1.304658 0.997344 0.000000 0.000000 0.000000 0.015802 0.999875
69.909631014 1.314972 0.996381 0.000000 0.000000 0.000000 0.015593 0.999878
70.003495455 1.331972 0.997644 0.000000 0.000000 0.000000 0.015812 0.999875
70.055417776 1.340819 0.998204 0.000000 0.000000 0.000000 0.015982 0.999872
70.137858391 1.355181 0.999080 0.000000 0.000000 0.000000 0.016159 0.999869
70.199167728 1.364813 0.998839 0.000000 0.000000 0.000000 0.016049 0.999871
70.302878618 1.384792 0.999416 0.000000 0.000000 0.000000 0.016418 0.999865
70.369396687 1.397052 1.000302 0.000000 0.000000 0.000000 0.016593 0.999862
70.461210728 1.413726 1.000391 0.000000 0.000000 0.000000 0.016788 0.999859
70.509778738 1.422990 1.000592 0.000000 0.000000 0.000000 0.016709 0.999860
70.599387646 1.439132 1.001109 0.000000 0.000000 0.000000 0.016821 0.999859
70.656033039 1.449510 1.001237 0.000000 0.000000 0.000000 0.016887 0.999857
70.768153429 1.469193 1.001791 0.000000 0.000000 0.000000 0.016996 0.999856
70.815999985 1.478681 1.003176 0.000000 0.000000 0.000000 0.017115 0.999854
70.900581121 1.494028 1.003936 0.000000 0.000000 0.000000 0.017467 0.999847
70.955633402 1.504376 1.004333 0.000000 0.000000 0.000000 0.017719 0.999843
71.042252779 1.520029 1.005459 0.000000 0.000000 0.000000 0.017940 0.999839
71.103641987 1.531065 1.005778 0.000000 0.000000 0.000000 0.017913 0.999840
71.186776161 1.545825 1.006288 0.000000 0.000000 0.000000 0.017941 0.999839
71.250498533 1.557397 1.006863 0.000000 0.000000 0.000000 0.017878 0.999840
71.341936827 1.562368 1.006834 0.000000 0.000000 0.000000 0.024110 0.999709
71.393325806 1.565464 1.007438 0.000000 0.000000 0.000000 0.027784 0.999614
71.487019539 1.568631 1.007216 0.000000 0.000000 0.000000 0.034245 0.999413
71.537977695 1.566753 1.005751 0.000000 0.000000 0.000000 0.037282 0.999305
71.626116753 1.568213 1.004282 0.000000 0.000000 0.000000 0.042391 0.999101
71.682151079 1.568644 1.003732 0.000000 0.000000 0.000000 0.045180 0.998979
71.763496399 1.571652 1.003446 0.000000 0.000000 0.000000 0.050898 0.998704
71.820455313 1.571781 1.002322 0.000000 0.000000 0.000000 0.054208 0.998530
71.918866396 1.574010 1.002373 0.000000 0.000000 0.000000 0.060698 0.998156
71.975845575 1.573431 1.000301 0.000000 0.000000 0.000000 0.064061 0.997946
72.068582535 1.570155 1.001106 0.000000 0.000000 0.000000 0.067999 0.997685
72.122643709 1.570686 0.999896 0.000000 0.000000 0.000000 0.071654 0.997430
72.217851877 1.586831 1.002241 0.000000 0.000000 0.000000 0.071541 0.997438
72.265589714 1.594346 1.002074 0.000000 0.000000 0.000000 0.071564 0.997436
72.354194641 1.609993 1.004091 0.000000 0.000000 0.000000 0.071743 0.997423
72.403216600 1.618745 1.002414 0.000000 0.000000 0.000000 0.071589 0.997434
72.504085302 1.636607 1.004717 0.000000 0.000000 0.000000 0.071781 0.997420
72.559812546 1.647727 1.007850 0.000000 0.000000 0.000000 0.071807 0.997419
72.641114473 1.664121 1.011164 0.000000 0.000000 0.000000 0.071817 0.997418
72.695553064 1.675745 1.014067 0.000000 0.000000 0.000000 0.071806 0.997419
72.784453154 1.691525 1.016629 0.000000 0.000000 0.000000 0.071982 0.997406
72.839464188 1.694988 1.016851 0.000000 0.000000 0.000000 0.075770 0.997125
72.931765556 1.698674 1.018035 0.000000 0.000000 0.000000 0.081056 0.996710
72.986810684 1.700159 1.018343 0.000000 0.000000 0.000000 0.084658 0.996410
73.071648121 1.704622 1.017424 0.000000 0.000000 0.000000 0.090053 0.995937
73.129702330 1.704559 1.016483 0.000000 0.000000 0.000000 0.093841 0.995587
73.227200508 1.706682 1.016245 0.000000 0.000000 0.000000 0.100613 0.994926
73.271549940 1.705387 1.016089 0.000000 0.000000 0.000000 0.103168 0.994664
73.365193605 1.719802 1.019053 0.000000 0.000000 0.000000 0.103105 0.994670
73.410813332 1.726125 1.021245 0.000000 0.000000 0.000000 0.103201 0.994661
73.495560646 1.740485 1.024018 0.000000 0.000000 0.000000 0.103291 0.994651
73.549853325 1.750814 1.026834 0.000000 0.000000 0.000000 0.103130 0.994668
73.635336399 1.766589 1.029918 0.000000 0.000000 0.000000 0.103099 0.994671
73.700213671 1.777674 1.033087 0.000000 0.000000 0.000000 0.103337 0.994646
73.794411182 1.794442 1.036656 0.000000 0.000000 0.000000 0.103476 0.994632
73.851395130 1.804950 1.039350 0.000000 0.000000 0.000000 0.103606 0.994618
73.934927464 1.820738 1.042916 0.000000 0.000000 0.000000 0.103796 0.994599
73.994324923 1.825694 1.045548 0.000000 0.000000 0.000000 0.107518 0.994203
74.076428652 1.829501 1.046866 0.000000 0.000000 0.000000 0.112980 0.993597
74.138641834 1.831082 1.047586 0.000000 0.000000 0.000000 0.116967 0.993136
74.232690811 1.833444 1.046329 0.000000 0.000000 0.000000 0.123326 0.992366
74.284757137 1.833827 1.046436 0.000000 0.000000 0.000000 0.126926 0.991912
74.368963718 1.836100 1.046408 0.000000 0.000000 0.000000 0.132521 0.991180
74.424954653 1.836905 1.045857 0.000000 0.000000 0.000000 0.136627 0.990623
74.512892008 1.837931 1.045170 0.000000 0.000000 0.000000 0.142742 0.989760
74.568120718 1.843918 1.047334 0.000000 0.000000 0.000000 0.142597 0.989781
74.659038782 1.857151 1.051285 0.000000 0.000000 0.000000 0.142749 0.989759
74.720528126 1.866623 1.053982 0.000000 0.000000 0.000000 0.142768 0.989756
74.807915449 1.881142 1.058419 0.000000 0.000000 0.000000 0.142797 0.989752
74.867791891 1.891138 1.061527 0.000000 0.000000 0.000000 0.143106 0.989707
74.956265450 1.906168 1.065944 0.000000 0.000000 0.000000 0.143277 0.989683
75.006022692 1.914691 1.068741 0.000000 0.000000 0.000000 0.143352 0.989672
75.093890429 1.928649 1.072858 0.000000 0.000000 0.000000 0.143628 0.989632
75.151803017 1.939224 1.075312 0.000000 0.000000 0.000000 0.143910 0.989591
75.237923384 1.953321 1.078484 0.000000 0.000000 0.000000 0.144121 0.989560
75.289012432 1.962376 1.081346 0.000000 0.000000 0.000000 0.144184 0.989551
75.377345324 1.978149 1.085782 0.000000 0.000000 0.000000 0.144266 0.989539
75.433693886 1.988370 1.088143 0.000000 0.000000 0.000000 0.144416 0.989517
75.537194490 2.006277 1.092998 0.000000 0.000000 0.000000 0.144730 0.989471
75.586070776 2.015498 1.095297 0.000000 0.000000 0.000000 0.145095 0.989418
75.689361572 2.032662 1.101269 0.000000 0.000000 0.000000 0.145220 0.989399
75.744805098 2.042486 1.105503 0.000000 0.000000 0.000000 0.145140 0.989411
75.826009274 2.054169 1.109727 0.000000 0.000000 0.000000 0.144642 0.989484
75.899021864 2.058123 1.111645 0.000000 0.000000 0.000000 0.149912 0.988699
75.992537260 2.060132 1.111726 0.000000 0.000000 0.000000 0.156524 0.987674
76.056124210 2.061486 1.112887 0.000000 0.000000 0.000000 0.160949 0.986963
76.141805172 2.064224 1.111539 0.000000 0.000000 0.000000 0.166011 0.986124
76.196712971 2.066206 1.111784 0.000000 0.000000 0.000000 0.169878 0.985465
76.279946327 2.068568 1.112721 0.000000 0.000000 0.000000 0.174789 0.984606
76.336917877 2.070427 1.113153 0.000000 0.000000 0.000000 0.178775 0.983890
76.431858301 2.073958 1.113246 0.000000 0.000000 0.000000 0.184979 0.982742
76.487337351 2.080422 1.113920 0.000000 0.000000 0.000000 0.184734 0.982789
76.576975346 2.093662 1.119254 0.000000 0.000000 0.000000 0.184694 0.982796
76.635664701 2.102362 1.124240 0.000000 0.000000 0.000000 0.184782 0.982780
76.736702204 2.119655 1.131392 0.000000 0.000000 0.000000 0.184903 0.982757
76.784813404 2.127177 1.134476 0.000000 0.000000 0.000000 0.184788 0.982778
76.872728825 2.141309 1.140657 0.000000 0.000000 0.000000 0.184828 0.982771
76.940669060 2.151952 1.144278 0.000000 0.000000 0.000000 0.185022 0.982734
77.039191484 2.168904 1.150397 0.000000 0.000000 0.000000 0.185215 0.982698
77.091496944 2.179135 1.155205 0.000000 0.000000 0.000000 0.185188 0.982703
77.178045034 2.185759 1.157427 0.000000 0.000000 0.000000 0.191000 0.981590
77.233334064 2.189144 1.158355 0.000000 0.000000 0.000000 0.194758 0.980851
77.321522951 2.191450 1.158822 0.000000 0.000000 0.000000 0.200688 0.979655
77.385615587 2.190836 1.157896 0.000000 0.000000 0.000000 0.204778 0.978808
77.482558012 2.201820 1.162439 0.000000 0.000000 0.000000 0.204881 0.978787
77.535058022 2.210252 1.165529 0.000000 0.000000 0.000000 0.205023 0.978757
77.635596514 2.226978 1.173883 0.000000 0.000000 0.000000 0.204989 0.978764
77.687636852 2.235959 1.177868 0.000000 0.000000 0.000000 0.204934 0.978776
77.783472538 2.251065 1.184133 0.000000 0.000000 0.000000 0.205460 0.978665
77.833787918 2.259022 1.187399 0.000000 0.000000 0.000000 0.205451 0.978667
77.940711260 2.276773 1.195356 0.000000 0.000000 0.000000 0.205459 0.978666
77.985099792 2.285516 1.199447 0.000000 0.000000 0.000000 0.205350 0.978689
78.074628830 2.299203 1.206808 0.000000 0.000000 0.000000 0.205330 0.978693
78.126539230 2.308093 1.211687 0.000000 0.000000 0.000000 0.205330 0.978693
78.225707769 2.313475 1.213451 0.000000 0.000000 0.000000 0.212124 0.977243
78.287621975 2.314239 1.212404 0.000000 0.000000 0.000000 0.216116 0.976368
78.371752024 2.326914 1.215251 0.000000 0.000000 0.000000 0.216179 0.976354
78.425225496 2.334928 1.217550 0.000000 0.000000 0.000000 0.216192 0.976351
78.525620699 2.350316 1.224849 0.000000 0.000000 0.000000 0.216263 0.976335
78.588539600 2.360056 1.228742 0.000000 0.000000 0.000000 0.216507 0.976281
78.670593977 2.372652 1.234157 0.000000 0.000000 0.000000 0.216752 0.976227
78.735427380 2.382350 1.238560 0.000000 0.000000 0.000000 0.216754 0.976226
78.827690363 2.397305 1.246498 0.000000 0.000000 0.000000 0.216668 0.976245
78.889282465 2.407446 1.252499 0.000000 0.000000 0.000000 0.216835 0.976208
78.986895561 2.424079 1.260853 0.000000 0.000000 0.000000 0.217017 0.976168
79.038242817 2.432426 1.266167 0.000000 0.000000 0.000000 0.217362 0.976091
79.133278370 2.435618 1.267069 0.000000 0.000000 0.000000 0.223470 0.974711
79.188038111 2.435976 1.268745 0.000000 0.000000 0.000000 0.226745 0.973954
79.274859905 2.439009 1.272065 0.000000 0.000000 0.000000 0.232722 0.972543
79.325020790 2.442282 1.270189 0.000000 0.000000 0.000000 0.233099 0.972453
79.419587612 2.457767 1.277405 0.000000 0.000000 0.000000 0.233300 0.972405
79.476016521 2.466103 1.281375 0.000000 0.000000 0.000000 0.233015 0.972473
79.572896481 2.479849 1.289062 0.000000 0.000000 0.000000 0.233069 0.972460
79.625355482 2.487528 1.292465 0.000000 0.000000 0.000000 0.233375 0.972387
79.715934038 2.501865 1.300204 0.000000 0.000000 0.000000 0.233340 0.972395
79.766192913 2.510473 1.304870 0.000000 0.000000 0.000000 0.233302 0.972404
79.851100206 2.524110 1.313011 0.000000 0.000000 0.000000 0.233205 0.972428
79.911969662 2.534249 1.319615 0.000000 0.000000 0.000000 0.233099 0.972453
80.005322218 2.548811 1.326987 0.000000 0.000000 0.000000 0.233348 0.972393
80.049822092 2.557631 1.330583 0.000000 0.000000 0.000000 0.233336 0.972396
80.144307137 2.572290 1.338961 0.000000 0.000000 0.000000 0.233421 0.972376
80.194717646 2.581503 1.344944 0.000000 0.000000 0.000000 0.232946 0.972490
80.283586025 2.587405 1.347227 0.000000 0.000000 0.000000 0.238550 0.971130
80.339012861 2.590521 1.348515 0.000000 0.000000 0.000000 0.242277 0.970207
80.432806969 2.595426 1.347248 0.000000 0.000000 0.000000 0.247950 0.968773
80.481657505 2.596356 1.343029 0.000000 0.000000 0.000000 0.251005 0.967986
80.570667744 2.599099 1.343598 0.000000 0.000000 0.000000 0.256839 0.966454
80.629180193 2.600736 1.343294 0.000000 0.000000 0.000000 0.260673 0.965427
80.725515127 2.603492 1.343333 0.000000 0.000000 0.000000 0.266267 0.963899
80.785824299 2.603682 1.342933 0.000000 0.000000 0.000000 0.270135 0.962823
80.885531425 2.604624 1.342651 0.000000 0.000000 0.000000 0.276558 0.960997
80.931448936 2.603928 1.341448 0.000000 0.000000 0.000000 0.279500 0.960146
81.023196459 2.613271 1.346932 0.000000 0.000000 0.000000 0.279514 0.960142
81.074112654 2.619335 1.349513 0.000000 0.000000 0.000000 0.279323 0.960197
81.169610262 2.632509 1.360400 0.000000 0.000000 0.000000 0.279443 0.960162
81.221564293 2.640012 1.366464 0.000000 0.000000 0.000000 0.279603 0.960116
81.317089081 2.653995 1.375117 0.000000 0.000000 0.000000 0.279710 0.960085
81.373459816 2.663743 1.379474 0.000000 0.000000 0.000000 0.279694 0.960089
81.468533754 2.676923 1.388216 0.000000 0.000000 0.000000 0.279838 0.960047
81.523016691 2.687418 1.394719 0.000000 0.000000 0.000000 0.279972 0.960008
81.598726511 2.700130 1.404217 0.000000 0.000000 0.000000 0.279769 0.960067
81.657386780 2.703432 1.406651 0.000000 0.000000 0.000000 0.283281 0.959037
81.743980408 2.707429 1.407697 0.000000 0.000000 0.000000 0.288920 0.957353
81.802433014 2.707210 1.406123 0.000000 0.000000 0.000000 0.291971 0.956427
81.892469883 2.708791 1.405586 0.000000 0.000000 0.000000 0.297445 0.954739
81.951400280 2.709631 1.402754 0.000000 0.000000 0.000000 0.301001 0.953624
82.051398516 2.714068 1.404404 0.000000 0.000000 0.000000 0.307913 0.951414
82.098116398 2.715735 1.402562 0.000000 0.000000 0.000000 0.310986 0.950414
82.188131332 2.726855 1.409027 0.000000 0.000000 0.000000 0.310850 0.950459
82.248149872 2.733422 1.413596 0.000000 0.000000 0.000000 0.310942 0.950429
82.336132288 2.744030 1.421640 0.000000 0.000000 0.000000 0.311301 0.950311
82.396090031 2.751646 1.427910 0.000000 0.000000 0.000000 0.311323 0.950304
82.493404388 2.764938 1.438178 0.000000 0.000000 0.000000 0.311236 0.950333
82.545469284 2.772818 1.443542 0.000000 0.000000 0.000000 0.311204 0.950343
82.645762682 2.787597 1.454586 0.000000 0.000000 0.000000 0.311092 0.950380
82.703368902 2.797238 1.460184 0.000000 0.000000 0.000000 0.310959 0.950423
82.786747932 2.810755 1.467965 0.000000 0.000000 0.000000 0.310889 0.950446
82.854153395 2.820096 1.475251 0.000000 0.000000 0.000000 0.310673 0.950517
82.943068027 2.833063 1.485262 0.000000 0.000000 0.000000 0.310676 0.950516
83.009804964 2.843988 1.493400 0.000000 0.000000 0.000000 0.310712 0.950504
83.085191727 2.855708 1.501516 0.000000 0.000000 0.000000 0.310603 0.950540
83.153803349 2.866235 1.508453 0.000000 0.000000 0.000000 0.310619 0.950534
83.241653681 2.877574 1.516816 0.000000 0.000000 0.000000 0.310556 0.950555
83.297069788 2.880907 1.519345 0.000000 0.000000 0.000000 0.313342 0.949640
83.389735460 2.882924 1.520452 0.000000 0.000000 0.000000 0.319395 0.947622
83.453119040 2.883213 1.518250 0.000000 0.000000 0.000000 0.323378 0.946270
83.537900448 2.881380 1.515735 0.000000 0.000000 0.000000 0.328532 0.944493
83.597048283 2.881313 1.514557 0.000000 0.000000 0.000000 0.332253 0.943190
83.717325926 2.883038 1.516058 0.000000 0.000000 0.000000 0.339820 0.940491
83.749479055 2.882576 1.510441 0.000000 0.000000 0.000000 0.341453 0.939899
83.838826418 2.884136 1.509041 0.000000 0.000000 0.000000 0.346867 0.937914
83.901724577 2.885085 1.508184 0.000000 0.000000 0.000000 0.350870 0.936424
83.992516994 2.886963 1.507125 0.000000 0.000000 0.000000 0.356681 0.934226
84.051721573 2.888111 1.504999 0.000000 0.000000 0.000000 0.360119 0.932906
84.156426907 2.890657 1.505001 0.000000 0.000000 0.000000 0.366849 0.930280
84.200500965 2.892245 1.501974 0.000000 0.000000 0.000000 0.369489 0.929235
84.283172131 2.900115 1.509398 0.000000 0.000000 0.000000 0.369524 0.929221
84.341853619 2.907960 1.516747 0.000000 0.000000 0.000000 0.369363 0.929285
84.440338135 2.920876 1.528945 0.000000 0.000000 0.000000 0.369405 0.929269
84.490278244 2.929013 1.535140 0.000000 0.000000 0.000000 0.369364 0.929285
84.590413809 2.941407 1.546366 0.000000 0.000000 0.000000 0.369443 0.929253
84.637861252 2.943962 1.548971 0.000000 0.000000 0.000000 0.372358 0.928089
84.731191397 2.946585 1.553182 0.000000 0.000000 0.000000 0.378244 0.925706
84.795961142 2.948233 1.554220 0.000000 0.000000 0.000000 0.381994 0.924165
84.885035038 2.951730 1.553583 0.000000 0.000000 0.000000 0.387065 0.922052
84.942189693 2.957893 1.557517 0.000000 0.000000 0.000000 0.386963 0.922095
85.035698891 2.966133 1.564926 0.000000 0.000000 0.000000 0.386902 0.922121
85.087255955 2.971706 1.571592 0.000000 0.000000 0.000000 0.386848 0.922144
85.177431345 2.983109 1.583409 0.000000 0.000000 0.000000 0.386998 0.922081
85.234461546 2.991545 1.592143 0.000000 0.000000 0.000000 0.386800 0.922164
85.317269802 3.002765 1.603055 0.000000 0.000000 0.000000 0.386853 0.922141
85.371974707 3.009808 1.610037 0.000000 0.000000 0.000000 0.386830 0.922151
85.478625298 3.013530 1.611540 0.000000 0.000000 0.000000 0.393240 0.919436
85.528799295 3.015955 1.610592 0.000000 0.000000 0.000000 0.396091 0.918211
85.623463392 3.017535 1.610150 0.000000 0.000000 0.000000 0.401136 0.916019
85.673765659 3.019825 1.608466 0.000000 0.000000 0.000000 0.404037 0.914742
85.763669968 3.029384 1.616358 0.000000 0.000000 0.000000 0.403846 0.914827
85.820935726 3.035170 1.622614 0.000000 0.000000 0.000000 0.403627 0.914924
85.910727024 3.045368 1.632683 0.000000 0.000000 0.000000 0.403462 0.914996
85.964876890 3.051998 1.639078 0.000000 0.000000 0.000000 0.403616 0.914928
86.051109076 3.062492 1.651217 0.000000 0.000000 0.000000 0.403579 0.914945
86.103527308 3.069159 1.659400 0.000000 0.000000 0.000000 0.403690 0.914896
86.201452255 3.081650 1.672493 0.000000 0.000000 0.000000 0.403668 0.914906
86.242657185 3.087335 1.678212 0.000000 0.000000 0.000000 0.403519 0.914971
86.334985495 3.099267 1.689584 0.000000 0.000000 0.000000 0.403494 0.914982
86.382092714 3.101744 1.690551 0.000000 0.000000 0.000000 0.406396 0.913697
86.472083092 3.105117 1.692157 0.000000 0.000000 0.000000 0.411427 0.911443
86.523828268 3.106866 1.691239 0.000000 0.000000 0.000000 0.414014 0.910270
86.615870237 3.106802 1.690968 0.000000 0.000000 0.000000 0.419593 0.907713
86.670076370 3.107772 1.689140 0.000000 0.000000 0.000000 0.422886 0.906183
86.774803400 3.119052 1.699762 0.000000 0.000000 0.000000 0.423011 0.906124
86.820199966 3.122502 1.705390 0.000000 0.000000 0.000000 0.422862 0.906194
86.919469357 3.133850 1.717554 0.000000 0.000000 0.000000 0.422830 0.906209
86.967871189 3.140101 1.724519 0.000000 0.000000 0.000000 0.422621 0.906307
87.056761026 3.150911 1.737238 0.000000 0.000000 0.000000 0.422594 0.906319
87.109259605 3.157877 1.745529 0.000000 0.000000 0.000000 0.422546 0.906342
87.192007065 3.167693 1.757026 0.000000 0.000000 0.000000 0.422310 0.906451
87.253980637 3.173455 1.763410 0.000000 0.000000 0.000000 0.422120 0.906540
87.349741697 3.175701 1.765603 0.000000 0.000000 0.000000 0.428219 0.903675
87.405018091 3.178673 1.764742 0.000000 0.000000 0.000000 0.431173 0.902269
87.485984564 3.181215 1.764478 0.000000 0.000000 0.000000 0.436429 0.899739
87.543567896 3.181756 1.761773 0.000000 0.000000 0.000000 0.440068 0.897964
87.634330273 3.181373 1.761558 0.000000 0.000000 0.000000 0.445080 0.895491
87.686902761 3.181953 1.760906 0.000000 0.000000 0.000000 0.448335 0.893866
87.787247896 3.181820 1.762719 0.000000 0.000000 0.000000 0.454088 0.890957
87.837472916 3.185733 1.767552 0.000000 0.000000 0.000000 0.454047 0.890978
87.916748285 3.193265 1.778619 0.000000 0.000000 0.000000 0.453892 0.891057
87.986268759 3.200526 1.789535 0.000000 0.000000 0.000000 0.453744 0.891132
88.086726427 3.211456 1.803645 0.000000 0.000000 0.000000 0.453626 0.891192
88.150101423 3.218763 1.811616 0.000000 0.000000 0.000000 0.453231 0.891393
88.240933418 3.222801 1.813783 0.000000 0.000000 0.000000 0.458766 0.888557
88.297403812 3.224828 1.818150 0.000000 0.000000 0.000000 0.462035 0.886862
88.386169910 3.226819 1.820052 0.000000 0.000000 0.000000 0.467375 0.884059
88.450335503 3.227842 1.819906 0.000000 0.000000 0.000000 0.471083 0.882089
88.535275698 3.228796 1.820289 0.000000 0.000000 0.000000 0.476151 0.879363
88.605426788 3.228153 1.817356 0.000000 0.000000 0.000000 0.479468 0.877559
88.683759212 3.228720 1.817715 0.000000 0.000000 0.000000 0.484066 0.875031
88.750116110 3.234493 1.824269 0.000000 0.000000 0.000000 0.483990 0.875074
88.851769447 3.244423 1.838601 0.000000 0.000000 0.000000 0.483802 0.875177
88.916266441 3.250725 1.849689 0.000000 0.000000 0.000000 0.483752 0.875205
89.002526760 3.258999 1.862973 0.000000 0.000000 0.000000 0.483788 0.875185
89.057895184 3.264678 1.869539 0.000000 0.000000 0.000000 0.483647 0.875263
89.140100241 3.272453 1.882917 0.000000 0.000000 0.000000 0.483463 0.875365
89.195465088 3.273984 1.886907 0.000000 0.000000 0.000000 0.486818 0.873503
89.289087772 3.275084 1.890247 0.000000 0.000000 0.000000 0.492204 0.870480
89.344048738 3.276354 1.890870 0.000000 0.000000 0.000000 0.495331 0.868704
89.440391302 3.277108 1.889931 0.000000 0.000000 0.000000 0.500741 0.865597
89.492968559 3.277547 1.887428 0.000000 0.000000 0.000000 0.503437 0.864032
89.607647657 3.284291 1.898863 0.000000 0.000000 0.000000 0.503431 0.864036
89.672281504 3.288818 1.907560 0.000000 0.000000 0.000000 0.503401 0.864053
89.768073082 3.298208 1.922517 0.000000 0.000000 0.000000 0.503223 0.864157
89.829360723 3.302821 1.932744 0.000000 0.000000 0.000000 0.503292 0.864116
89.918611765 3.310408 1.945168 0.000000 0.000000 0.000000 0.503194 0.864173
89.983339548 3.315966 1.955574 0.000000 0.000000 0.000000 0.503342 0.864087
90.075467348 3.324710 1.970430 0.000000 0.000000 0.000000 0.503290 0.864118
90.136802912 3.332183 1.982416 0.000000 0.000000 0.000000 0.503177 0.864183
90.217718840 3.340030 1.994522 0.000000 0.000000 0.000000 0.503161 0.864192
90.282570362 3.345808 2.004433 0.000000 0.000000 0.000000 0.502996 0.864289
90.377734184 3.354790 2.018365 0.000000 0.000000 0.000000 0.503054 0.864255
90.428593874 3.360151 2.025067 0.000000 0.000000 0.000000 0.503088 0.864235
90.510604858 3.368187 2.038214 0.000000 0.000000 0.000000 0.503150 0.864199
90.568803549 3.374395 2.048716 0.000000 0.000000 0.000000 0.503208 0.864165
90.669097900 3.384264 2.064910 0.000000 0.000000 0.000000 0.503488 0.864002
90.734403133 3.390334 2.075057 0.000000 0.000000 0.000000 0.503663 0.863900
90.817264557 3.397047 2.088783 0.000000 0.000000 0.000000 0.503543 0.863970
90.874949217 3.402758 2.097174 0.000000 0.000000 0.000000 0.503539 0.863972
90.977848291 3.412297 2.114008 0.000000 0.000000 0.000000 0.503384 0.864063
91.038990498 3.418137 2.125951 0.000000 0.000000 0.000000 0.503365 0.864074
91.132968187 3.427358 2.140849 0.000000 0.000000 0.000000 0.503554 0.863964
91.184181929 3.433740 2.149605 0.000000 0.000000 0.000000 0.503577 0.863950
91.277483940 3.442788 2.163819 0.000000 0.000000 0.000000 0.503504 0.863993
91.333750963 3.447887 2.171686 0.000000 0.000000 0.000000 0.503750 0.863849
91.435931683 3.455921 2.188349 0.000000 0.000000 0.000000 0.503770 0.863838
91.490885019 3.461714 2.199178 0.000000 0.000000 0.000000 0.503751 0.863849
91.596405983 3.471242 2.215246 0.000000 0.000000 0.000000 0.503737 0.863857
91.657889366 3.475460 2.224511 0.000000 0.000000 0.000000 0.503683 0.863888
91.744920015 3.482872 2.237548 0.000000 0.000000 0.000000 0.503635 0.863917
91.803375244 3.488384 2.246343 0.000000 0.000000 0.000000 0.503790 0.863826
91.889576912 3.496407 2.259790 0.000000 0.000000 0.000000 0.503602 0.863936
91.950321198 3.502484 2.270579 0.000000 0.000000 0.000000 0.503627 0.863921
92.040585995 3.510510 2.284990 0.000000 0.000000 0.000000 0.503574 0.863952
92.095539570 3.516312 2.294471 0.000000 0.000000 0.000000 0.503814 0.863812
92.180634975 3.523982 2.307301 0.000000 0.000000 0.000000 0.503837 0.863799
92.233907700 3.527760 2.315451 0.000000 0.000000 0.000000 0.503914 0.863754
92.324627161 3.535429 2.329666 0.000000 0.000000 0.000000 0.503980 0.863715
92.377721786 3.541489 2.338458 0.000000 0.000000 0.000000 0.503942 0.863737
92.477380037 3.550889 2.352963 0.000000 0.000000 0.000000 0.503894 0.863765
92.527386665 3.555307 2.360309 0.000000 0.000000 0.000000 0.504009 0.863699
92.615924358 3.563047 2.372736 0.000000 0.000000 0.000000 0.504048 0.863676
92.672314167 3.568838 2.380345 0.000000 0.000000 0.000000 0.504265 0.863549
92.773890257 3.577987 2.396340 0.000000 0.000000 0.000000 0.504381 0.863481
92.833395958 3.585235 2.406692 0.000000 0.000000 0.000000 0.504272 0.863545
92.924817085 3.594305 2.419958 0.000000 0.000000 0.000000 0.504418 0.863460
92.988978386 3.601347 2.429788 0.000000 0.000000 0.000000 0.504337 0.863507
93.100240469 3.611304 2.446466 0.000000 0.000000 0.000000 0.504562 0.863376
93.152472734 3.616495 2.454043 0.000000 0.000000 0.000000 0.504585 0.863362
93.248969555 3.626187 2.468350 0.000000 0.000000 0.000000 0.504505 0.863409
93.302347898 3.631989 2.478414 0.000000 0.000000 0.000000 0.504372 0.863487
93.402684212 3.641412 2.493228 0.000000 0.000000 0.000000 0.504154 0.863614
93.454676867 3.645972 2.501099 0.000000 0.000000 0.000000 0.504162 0.863609
93.552758694 3.653247 2.514934 0.000000 0.000000 0.000000 0.504318 0.863518
93.613630056 3.658163 2.523121 0.000000 0.000000 0.000000 0.504238 0.863564
93.707502604 3.666055 2.537901 0.000000 0.000000 0.000000 0.504202 0.863586
93.764230251 3.670677 2.548571 0.000000 0.000000 0.000000 0.504227 0.863571
93.873910427 3.679901 2.564758 0.000000 0.000000 0.000000 0.503985 0.863713
93.914932251 3.683796 2.571614 0.000000 0.000000 0.000000 0.503855 0.863788
94.005584240 3.690914 2.584010 0.000000 0.000000 0.000000 0.503884 0.863771
94.060539484 3.696442 2.592456 0.000000 0.000000 0.000000 0.503820 0.863809
94.156020403 3.705132 2.608018 0.000000 0.000000 0.000000 0.503574 0.863952
94.210253716 3.709686 2.618525 0.000000 0.000000 0.000000 0.503414 0.864045
94.306135893 3.718034 2.633232 0.000000 0.000000 0.000000 0.503441 0.864030
94.372974396 3.725241 2.643772 0.000000 0.000000 0.000000 0.503416 0.864044
94.471097946 3.734181 2.657801 0.000000 0.000000 0.000000 0.503495 0.863998
94.529613972 3.739800 2.666373 0.000000 0.000000 0.000000 0.503496 0.863997
94.627149820 3.748754 2.682322 0.000000 0.000000 0.000000 0.503434 0.864034
94.671769142 3.753531 2.690001 0.000000 0.000000 0.000000 0.503501 0.863995
94.763330460 3.761639 2.704176 0.000000 0.000000 0.000000 0.503416 0.864044
94.822440624 3.766923 2.713407 0.000000 0.000000 0.000000 0.503246 0.864143
94.912670851 3.775574 2.725615 0.000000 0.000000 0.000000 0.503479 0.864007
94.978972197 3.782451 2.735424 0.000000 0.000000 0.000000 0.503595 0.863940
95.068254471 3.789120 2.750014 0.000000 0.000000 0.000000 0.503582 0.863948
95.123470068 3.793298 2.759904 0.000000 0.000000 0.000000 0.503730 0.863861
95.210581541 3.800397 2.772652 0.000000 0.000000 0.000000 0.503795 0.863824
95.261231899 3.805242 2.781324 0.000000 0.000000 0.000000 0.503846 0.863794
95.358219862 3.812571 2.794709 0.000000 0.000000 0.000000 0.504062 0.863668
95.405269146 3.817126 2.802356 0.000000 0.000000 0.000000 0.504001 0.863703
95.495450497 3.817911 2.804618 0.000000 0.000000 0.000000 0.503929 0.863745
95.556711435 3.818563 2.806773 0.000000 0.000000 0.000000 0.503866 0.863782
95.654532194 3.817912 2.807891 0.000000 0.000000 0.000000 0.503779 0.863832
95.718507051 3.816753 2.808070 0.000000 0.000000 0.000000 0.503645 0.863910
95.809733868 3.816253 2.806745 0.000000 0.000000 0.000000 0.503470 0.864013
95.869915009 3.816173 2.805860 0.000000 0.000000 0.000000 0.503461 0.864018
95.968504429 3.816620 2.804760 0.000000 0.000000 0.000000 0.503484 0.864004
96.013655424 3.816954 2.805471 0.000000 0.000000 0.000000 0.503420 0.864042
96.105460644 3.816202 2.804191 0.000000 0.000000 0.000000 0.503371 0.864070
96.151817083 3.815395 2.804545 0.000000 0.000000 0.000000 0.503363 0.864075
96.249305487 3.815195 2.803851 0.000000 0.000000 0.000000 0.503334 0.864092
96.313171148 3.814662 2.802467 0.000000 0.000000 0.000000 0.503330 0.864094
96.411842108 3.815288 2.802490 0.000000 0.000000 0.000000 0.503271 0.864129
96.483254194 3.817094 2.803070 0.000000 0.000000 0.000000 0.503171 0.864187
96.576039553 3.818435 2.802913 0.000000 0.000000 0.000000 0.503137 0.864207
96.634468794 3.818965 2.802825 0.000000 0.000000 0.000000 0.503000 0.864286
96.723625898 3.818890 2.802303 0.000000 0.000000 0.000000 0.502918 0.864334
96.781600475 3.818905 2.801833 0.000000 0.000000 0.000000 0.502854 0.864371
96.866395235 3.819443 2.801112 0.000000 0.000000 0.000000 0.502731 0.864443
96.921135187 3.819822 2.801814 0.000000 0.000000 0.000000 0.502746 0.864434
97.019036293 3.818805 2.802134 0.000000 0.000000 0.000000 0.502782 0.864413
97.060910940 3.818549 2.802032 0.000000 0.000000 0.000000 0.502701 0.864460
97.153807163 3.818827 2.802364 0.000000 0.000000 0.000000 0.502725 0.864446
97.211027622 3.817509 2.803144 0.000000 0.000000 0.000000 0.502795 0.864405
97.305245876 3.817280 2.803001 0.000000 0.000000 0.000000 0.502756 0.864428
97.364989996 3.816839 2.802207 0.000000 0.000000 0.000000 0.502724 0.864447
97.465471268 3.816697 2.802544 0.000000 0.000000 0.000000 0.502749 0.864432
97.531141281 3.816881 2.802393 0.000000 0.000000 0.000000 0.502854 0.864371
97.607466698 3.816920 2.802930 0.000000 0.000000 0.000000 0.502962 0.864308
97.670571327 3.817292 2.802823 0.000000 0.000000 0.000000 0.502820 0.864391
97.761371374 3.817541 2.803314 0.000000 0.000000 0.000000 0.502693 0.864465
97.826786518 3.818392 2.802962 0.000000 0.000000 0.000000 0.502817 0.864393
97.904732704 3.818052 2.803437 0.000000 0.000000 0.000000 0.502932 0.864326
97.972033739 3.818436 2.803432 0.000000 0.000000 0.000000 0.502890 0.864350
98.065672398 3.817950 2.802935 0.000000 0.000000 0.000000 0.502719 0.864450
98.120881319 3.817568 2.801970 0.000000 0.000000 0.000000 0.502758 0.864427
98.209275961 3.818068 2.801251 0.000000 0.000000 0.000000 0.502755 0.864429
98.266049623 3.817733 2.799903 0.000000 0.000000 0.000000 0.502805 0.864400
98.353181839 3.817766 2.798757 0.000000 0.000000 0.000000 0.502796 0.864405
98.403073549 3.819017 2.798729 0.000000 0.000000 0.000000 0.502713 0.864453
98.490382910 3.819442 2.798122 0.000000 0.000000 0.000000 0.502733 0.864442
98.542252064 3.819945 2.798479 0.000000 0.000000 0.000000 0.502827 0.864387
98.624454260 3.818464 2.799394 0.000000 0.000000 0.000000 0.502909 0.864339
98.685510397 3.818512 2.799925 0.000000 0.000000 0.000000 0.502683 0.864471
98.779605627 3.817445 2.800280 0.000000 0.000000 0.000000 0.502703 0.864459
98.838194609 3.817076 2.800440 0.000000 0.000000 0.000000 0.502785 0.864411
98.929908276 3.816296 2.800376 0.000000 0.000000 0.000000 0.502743 0.864436
98.986426353 3.816422 2.800473 0.000000 0.000000 0.000000 0.502665 0.864482
99.090990067 3.816098 2.800720 0.000000 0.000000 0.000000 0.502651 0.864489
99.137984037 3.815853 2.799711 0.000000 0.000000 0.000000 0.502644 0.864494
99.222180128 3.816619 2.800183 0.000000 0.000000 0.000000 0.502591 0.864525
99.274515629 3.816262 2.800021 0.000000 0.000000 0.000000 0.502898 0.864346
99.372492313 3.814735 2.800610 0.000000 0.000000 0.000000 0.503201 0.864169
99.430688858 3.813919 2.799761 0.000000 0.000000 0.000000 0.503105 0.864225
99.544572830 3.813969 2.800632 0.000000 0.000000 0.000000 0.503137 0.864207
99.586899042 3.813051 2.800451 0.000000 0.000000 0.000000 0.503276 0.864126
99.684531927 3.812505 2.800397 0.000000 0.000000 0.000000 0.503422 0.864041
99.732462883 3.811928 2.799969 0.000000 0.000000 0.000000 0.503332 0.864093
99.817482233 3.811293 2.799491 0.000000 0.000000 0.000000 0.503248 0.864142
99.865893364 3.810937 2.799531 0.000000 0.000000 0.000000 0.502897 0.864346
99.974117994 3.811446 2.800024 0.000000 0.000000 0.000000 0.502713 0.864454
100.008396149 3.811017 2.800375 0.000000 0.000000 0.000000 0.502490 0.864583
100.099959850 3.811062 2.800948 0.000000 0.000000 0.000000 0.502663 0.864482
100.157341719 3.812039 2.799585 0.000000 0.000000 0.000000 0.502592 0.864524
100.251402378 3.812326 2.799673 0.000000 0.000000 0.000000 0.502623 0.864506
100.296842813 3.812723 2.799674 0.000000 0.000000 0.000000 0.502665 0.864481
100.386153460 3.813365 2.799097 0.000000 0.000000 0.000000 0.502789 0.864409
100.438560963 3.813846 2.797627 0.000000 0.000000 0.000000 0.502965 0.864307
100.523025513 3.813465 2.797044 0.000000 0.000000 0.000000 0.502940 0.864321
100.578892708 3.812698 2.797253 0.000000 0.000000 0.000000 0.502924 0.864331
100.666844606 3.812433 2.797706 0.000000 0.000000 0.000000 0.502928 0.864328
100.717916250 3.812452 2.797048 0.000000 0.000000 0.000000 0.502840 0.864380
100.814438343 3.812885 2.796571 0.000000 0.000000 0.000000 0.502732 0.864442
100.859156370 3.813119 2.796697 0.000000 0.000000 0.000000 0.502877 0.864358
100.952885628 3.813285 2.796841 0.000000 0.000000 0.000000 0.502879 0.864357
101.000487804 3.813061 2.796296 0.000000 0.000000 0.000000 0.502902 0.864344
101.085479736 3.812790 2.796462 0.000000 0.000000 0.000000 0.503031 0.864268
101.136031866 3.812246 2.797267 0.000000 0.000000 0.000000 0.503163 0.864192
101.229514122 3.812717 2.797178 0.000000 0.000000 0.000000 0.503150 0.864199
101.274351120 3.812321 2.797240 0.000000 0.000000 0.000000 0.503089 0.864235
101.373620749 3.812033 2.796436 0.000000 0.000000 0.000000 0.503009 0.864281
101.426921129 3.811526 2.796146 0.000000 0.000000 0.000000 0.502906 0.864341
101.521782160 3.811299 2.795134 0.000000 0.000000 0.000000 0.502920 0.864333
101.570658922 3.812182 2.795335 0.000000 0.000000 0.000000 0.502846 0.864376
101.657437325 3.812215 2.796012 0.000000 0.000000 0.000000 0.502780 0.864414
101.713495970 3.811319 2.796797 0.000000 0.000000 0.000000 0.502600 0.864519
101.799236774 3.811604 2.797003 0.000000 0.000000 0.000000 0.502577 0.864532
101.849389791 3.811877 2.795731 0.000000 0.000000 0.000000 0.502364 0.864656
101.945839167 3.812396 2.795594 0.000000 0.000000 0.000000 0.502365 0.864655
101.999189854 3.812619 2.794883 0.000000 0.000000 0.000000 0.502495 0.864580
102.086042404 3.813446 2.795170 0.000000 0.000000 0.000000 0.502450 0.864606
102.136522293 3.814487 2.795564 0.000000 0.000000 0.000000 0.502382 0.864646
102.221495152 3.815982 2.795158 0.000000 0.000000 0.000000 0.502215 0.864743
102.276251078 3.816000 2.795048 0.000000 0.000000 0.000000 0.501930 0.864908
102.367645025 3.816531 2.795164 0.000000 0.000000 0.000000 0.501889 0.864932
102.423708200 3.817050 2.794627 0.000000 0.000000 0.000000 0.501810 0.864978
102.525077105 3.817394 2.795070 0.000000 0.000000 0.000000 0.501895 0.864929
102.574762106 3.817178 2.795312 0.000000 0.000000 0.000000 0.502056 0.864835
102.674291134 3.817717 2.795343 0.000000 0.000000 0.000000 0.502020 0.864856
