56.000000000 0.000537 1.005298 0.000000 0.000000 0.000000 -0.011566 0.999933
56.092626333 -0.004255 1.006396 0.000000 0.000000 0.000000 -0.012802 0.999918
56.136488199 -0.005276 1.004998 0.000000 0.000000 0.000000 -0.013956 0.999903
56.234569073 -0.009842 1.008717 0.000000 0.000000 0.000000 -0.017415 0.999848
56.291095257 -0.010845 1.007588 0.000000 0.000000 0.000000 -0.018182 0.999835
56.384810448 -0.011120 1.007822 0.000000 0.000000 0.000000 -0.018939 0.999821
56.432573795 -0.012883 1.005762 0.000000 0.000000 0.000000 -0.019573 0.999808
56.517774343 -0.014603 1.004024 0.000000 0.000000 0.000000 -0.019915 0.999802
56.566277504 -0.015943 1.004434 0.000000 0.000000 0.000000 -0.020525 0.999789
56.658776283 -0.016495 1.003632 0.000000 0.000000 0.000000 -0.020560 0.999789
56.719421625 -0.017491 1.004862 0.000000 0.000000 0.000000 -0.021044 0.999779
56.806190968 -0.017641 1.006314 0.000000 0.000000 0.000000 -0.021134 0.999777
56.859033823 -0.018876 1.006759 0.000000 0.000000 0.000000 -0.021655 0.999765
56.956225157 -0.019707 1.006332 0.000000 0.000000 0.000000 -0.021634 0.999766
56.992516994 -0.020479 1.005398 0.000000 0.000000 0.000000 -0.022201 0.999754
57.085117579 -0.022202 1.002808 0.000000 0.000000 0.000000 -0.022199 0.999754
57.135342836 -0.023237 1.002260 0.000000 0.000000 0.000000 -0.022567 0.999745
57.226917267 -0.024069 1.003802 0.000000 0.000000 0.000000 -0.023193 0.999731
57.280653477 -0.024559 1.006191 0.000000 0.000000 0.000000 -0.022823 0.999740
57.376023293 -0.029754 1.001948 0.000000 0.000000 0.000000 -0.024382 0.999703
57.421943903 -0.029844 1.001319 0.000000 0.000000 0.000000 -0.024068 0.999710
57.506844759 -0.029992 1.000514 0.000000 0.000000 0.000000 -0.024168 0.999708
57.561612844 -0.031756 1.000451 0.000000 0.000000 0.000000 -0.023986 0.999712
57.661116600 -0.031906 1.000948 0.000000 0.000000 0.000000 -0.023889 0.999715
57.713097334 -0.032503 1.000272 0.000000 0.000000 0.000000 -0.023543 0.999723
57.818692207 -0.031933 1.001900 0.000000 0.000000 0.000000 -0.023429 0.999726
57.857132435 -0.032616 1.002404 0.000000 0.000000 0.000000 -0.023787 0.999717
57.942367077 -0.033901 1.003345 0.000000 0.000000 0.000000 -0.023905 0.999714
57.993121147 -0.032889 1.003511 0.000000 0.000000 0.000000 -0.023844 0.999716
58.084053516 -0.032262 1.002219 0.000000 0.000000 0.000000 -0.023604 0.999721
58.134043932 -0.031105 1.001642 0.000000 0.000000 0.000000 -0.023774 0.999717
58.226578236 -0.032269 1.001136 0.000000 0.000000 0.000000 -0.023535 0.999723
58.278188705 -0.031857 1.000806 0.000000 0.000000 0.000000 -0.023514 0.999723
58.375108480 -0.031850 1.000972 0.000000 0.000000 0.000000 -0.023646 0.999720
58.432198524 -0.033433 1.000140 0.000000 0.000000 0.000000 -0.023760 0.999718
58.513686180 -0.035218 0.998777 0.000000 0.000000 0.000000 -0.023868 0.999715
58.577755451 -0.036014 0.997997 0.000000 0.000000 0.000000 -0.023840 0.999716
58.663658381 -0.035731 0.997185 0.000000 0.000000 0.000000 -0.023770 0.999717
58.721382856 -0.037380 0.996045 0.000000 0.000000 0.000000 -0.024103 0.999709
58.811643362 -0.038180 0.993950 0.000000 0.000000 0.000000 -0.024195 0.999707
58.859117508 -0.039588 0.991857 0.000000 0.000000 0.000000 -0.024098 0.999710
58.954252720 -0.039480 0.992069 0.000000 0.000000 0.000000 -0.024307 0.999705
59.016629219 -0.040449 0.991241 0.000000 0.000000 0.000000 -0.024357 0.999703
59.106379747 -0.040944 0.990135 0.000000 0.000000 0.000000 -0.024442 0.999701
59.158839226 -0.042516 0.989051 0.000000 0.000000 0.000000 -0.024511 0.999700
59.239713192 -0.042260 0.989996 0.000000 0.000000 0.000000 -0.024676 0.999696
59.295119047 -0.043168 0.990691 0.000000 0.000000 0.000000 -0.024583 0.999698
59.400145054 -0.042979 0.989534 0.000000 0.000000 0.000000 -0.025005 0.999687
59.447155952 -0.041527 0.986592 0.000000 0.000000 0.000000 -0.025550 0.999674
59.543852329 -0.042936 0.986272 0.000000 0.000000 0.000000 -0.025830 0.999666
59.590034962 -0.044720 0.986630 0.000000 0.000000 0.000000 -0.025707 0.999670
59.665421247 -0.044524 0.987297 0.000000 0.000000 0.000000 -0.025764 0.999668
59.720851421 -0.045063 0.987029 0.000000 0.000000 0.000000 -0.025914 0.999664
59.805132151 -0.043723 0.987880 0.000000 0.000000 0.000000 -0.025919 0.999664
59.860359430 -0.043461 0.988726 0.000000 0.000000 0.000000 -0.026092 0.999660
59.957119226 -0.043877 0.987711 0.000000 0.000000 0.000000 -0.026484 0.999649
60.005816936 -0.043862 0.987627 0.000000 0.000000 0.000000 -0.026559 0.999647
60.089397669 -0.043377 0.988634 0.000000 0.000000 0.000000 -0.026441 0.999650
60.138172865 -0.043878 0.988220 0.000000 0.000000 0.000000 -0.026472 0.999650
60.220950127 -0.044062 0.987481 0.000000 0.000000 0.000000 -0.026206 0.999657
60.272440672 -0.043802 0.987003 0.000000 0.000000 0.000000 -0.026363 0.999652
60.365985632 -0.043743 0.986918 0.000000 0.000000 0.000000 -0.026760 0.999642
60.419920921 -0.043232 0.986354 0.000000 0.000000 0.000000 -0.026563 0.999647
60.517887354 -0.043617 0.985493 0.000000 0.000000 0.000000 -0.027377 0.999625
60.576246977 -0.042608 0.986387 0.000000 0.000000 0.000000 -0.027679 0.999617
60.661265135 -0.045212 0.985646 0.000000 0.000000 0.000000 -0.027792 0.999614
60.720116138 -0.047133 0.987154 0.000000 0.000000 0.000000 -0.028097 0.999605
60.806773424 -0.045895 0.986419 0.000000 0.000000 0.000000 -0.028202 0.999602
60.856551170 -0.045366 0.986393 0.000000 0.000000 0.000000 -0.028016 0.999607
60.954911470 -0.043362 0.985625 0.000000 0.000000 0.000000 -0.028261 0.999601
61.012297630 -0.043121 0.984660 0.000000 0.000000 0.000000 -0.027962 0.999609
61.109639168 -0.043714 0.985895 0.000000 0.000000 0.000000 -0.028433 0.999596
61.157109976 -0.043573 0.986316 0.000000 0.000000 0.000000 -0.028976 0.999580
61.239634752 -0.043043 0.986088 0.000000 0.000000 0.000000 -0.028884 0.999583
61.291578770 -0.042708 0.985228 0.000000 0.000000 0.000000 -0.029012 0.999579
61.377224922 -0.041955 0.984120 0.000000 0.000000 0.000000 -0.029218 0.999573
61.424571276 -0.041301 0.984866 0.000000 0.000000 0.000000 -0.029638 0.999561
61.517945051 -0.039844 0.987290 0.000000 0.000000 0.000000 -0.029411 0.999567
61.571182013 -0.042917 0.985729 0.000000 0.000000 0.000000 -0.029095 0.999577
61.674693108 -0.042018 0.985716 0.000000 0.000000 0.000000 -0.029303 0.999571
61.731230259 -0.043367 0.987402 0.000000 0.000000 0.000000 -0.029129 0.999576
61.823836803 -0.045044 0.987954 0.000000 0.000000 0.000000 -0.029259 0.999572
61.867137194 -0.042407 0.988922 0.000000 0.000000 0.000000 -0.029367 0.999569
61.957184315 -0.038380 0.990651 0.000000 0.000000 0.000000 -0.029717 0.999558
62.007257462 -0.037712 0.991488 0.000000 0.000000 0.000000 -0.029692 0.999559
62.096065044 -0.038561 0.991121 0.000000 0.000000 0.000000 -0.029735 0.999558
62.149833441 -0.038808 0.990403 0.000000 0.000000 0.000000 -0.029782 0.999556
62.231528997 -0.023219 0.989482 0.000000 0.000000 0.000000 -0.030126 0.999546
62.288254261 -0.011094 0.990139 0.000000 0.000000 0.000000 -0.029996 0.999550
62.372793436 0.005346 0.988700 0.000000 0.000000 0.000000 -0.029999 0.999550
62.437046528 0.016686 0.987637 0.000000 0.000000 0.000000 -0.029718 0.999558
62.518205643 0.032791 0.986084 0.000000 0.000000 0.000000 -0.029880 0.999553
62.573649645 0.044937 0.984121 0.000000 0.000000 0.000000 -0.030021 0.999549
62.658019066 0.062753 0.982878 0.000000 0.000000 0.000000 -0.030546 0.999533
62.708748341 0.071906 0.980648 0.000000 0.000000 0.000000 -0.030614 0.999531
62.802901506 0.089772 0.980409 0.000000 0.000000 0.000000 -0.030840 0.999524
62.862125397 0.101923 0.980469 0.000000 0.000000 0.000000 -0.030933 0.999521
62.944721937 0.118896 0.979496 0.000000 0.000000 0.000000 -0.030530 0.999534
63.001682520 0.128846 0.979194 0.000000 0.000000 0.000000 -0.030578 0.999532
63.096352816 0.149310 0.977946 0.000000 0.000000 0.000000 -0.030219 0.999543
63.140980959 0.156170 0.978713 0.000000 0.000000 0.000000 -0.030312 0.999540
63.224403381 0.171284 0.976762 0.000000 0.000000 0.000000 -0.030075 0.999548
63.278097630 0.182050 0.978440 0.000000 0.000000 0.000000 -0.029709 0.999559
63.378735542 0.202436 0.976872 0.000000 0.000000 0.000000 -0.029911 0.999553
63.429337263 0.211461 0.975365 0.000000 0.000000 0.000000 -0.029792 0.999556
63.507558107 0.226305 0.973044 0.000000 0.000000 0.000000 -0.030105 0.999547
63.561244726 0.237409 0.973514 0.000000 0.000000 0.000000 -0.029869 0.999554
63.651183605 0.254640 0.973222 0.000000 0.000000 0.000000 -0.029684 0.999559
63.722069025 0.267831 0.970819 0.000000 0.000000 0.000000 -0.029582 0.999562
63.818211794 0.286605 0.972010 0.000000 0.000000 0.000000 -0.029662 0.999560
63.867984533 0.296833 0.972684 0.000000 0.000000 0.000000 -0.029079 0.999577
63.954170942 0.313667 0.973626 0.000000 0.000000 0.000000 -0.029263 0.999572
64.007827759 0.323671 0.972590 0.000000 0.000000 0.000000 -0.029444 0.999566
64.098969221 0.343701 0.972669 0.000000 0.000000 0.000000 -0.029275 0.999571
64.150251389 0.355329 0.971406 0.000000 0.000000 0.000000 -0.029866 0.999554
64.240028858 0.371152 0.969472 0.000000 0.000000 0.000000 -0.029730 0.999558
64.291742325 0.381775 0.969888 0.000000 0.000000 0.000000 -0.029620 0.999561
64.384911537 0.403226 0.968494 0.000000 0.000000 0.000000 -0.029532 0.999564
64.438662767 0.413620 0.967926 0.000000 0.000000 0.000000 -0.029324 0.999570
64.529100657 0.430449 0.967589 0.000000 0.000000 0.000000 -0.028717 0.999588
64.581606388 0.440006 0.967935 0.000000 0.000000 0.000000 -0.028513 0.999593
64.666499376 0.455963 0.967250 0.000000 0.000000 0.000000 -0.028291 0.999600
64.719514608 0.466007 0.966779 0.000000 0.000000 0.000000 -0.028197 0.999602
64.801486015 0.482937 0.965802 0.000000 0.000000 0.000000 -0.028105 0.999605
64.853920698 0.493652 0.962854 0.000000 0.000000 0.000000 -0.028026 0.999607
64.943417788 0.510594 0.961056 0.000000 0.000000 0.000000 -0.028002 0.999608
64.995023489 0.520152 0.960160 0.000000 0.000000 0.000000 -0.027923 0.999610
65.076430798 0.537158 0.958831 0.000000 0.000000 0.000000 -0.027877 0.999611
65.137303352 0.548335 0.958834 0.000000 0.000000 0.000000 -0.027517 0.999621
65.235720634 0.567912 0.958320 0.000000 0.000000 0.000000 -0.027298 0.999627
65.286878586 0.578014 0.958154 0.000000 0.000000 0.000000 -0.027138 0.999632
65.388996363 0.597187 0.956048 0.000000 0.000000 0.000000 -0.026845 0.999640
65.443364143 0.606461 0.956395 0.000000 0.000000 0.000000 -0.026834 0.999640
65.533442974 0.626497 0.955764 0.000000 0.000000 0.000000 -0.026676 0.999644
65.583643198 0.636448 0.954507 0.000000 0.000000 0.000000 -0.026477 0.999649
65.666572094 0.652260 0.952365 0.000000 0.000000 0.000000 -0.026118 0.999659
65.718314648 0.661686 0.950676 0.000000 0.000000 0.000000 -0.025977 0.999663
65.813969851 0.680324 0.949638 0.000000 0.000000 0.000000 -0.025574 0.999673
65.860479355 0.688162 0.950144 0.000000 0.000000 0.000000 -0.025861 0.999666
65.949100494 0.705281 0.950616 0.000000 0.000000 0.000000 -0.025883 0.999665
66.006313324 0.715759 0.950732 0.000000 0.000000 0.000000 -0.025381 0.999678
66.091695070 0.730208 0.951501 0.000000 0.000000 0.000000 -0.025449 0.999676
66.150105000 0.742742 0.951339 0.000000 0.000000 0.000000 -0.025646 0.999671
66.245607138 0.761877 0.949734 0.000000 0.000000 0.000000 -0.025495 0.999675
66.289936066 0.771980 0.948958 0.000000 0.000000 0.000000 -0.025521 0.999674
66.374847174 0.787883 0.946743 0.000000 0.000000 0.000000 -0.025524 0.999674
66.427448988 0.799660 0.948195 0.000000 0.000000 0.000000 -0.025962 0.999663
66.515174389 0.818252 0.947179 0.000000 0.000000 0.000000 -0.026339 0.999653
66.565155268 0.828049 0.948395 0.000000 0.000000 0.000000 -0.027357 0.999626
66.668905973 0.847153 0.947701 0.000000 0.000000 0.000000 -0.026974 0.999636
66.720251560 0.857199 0.949340 0.000000 0.000000 0.000000 -0.026664 0.999644
66.818524122 0.876634 0.951058 0.000000 0.000000 0.000000 -0.026914 0.999638
66.862034321 0.884471 0.951149 0.000000 0.000000 0.000000 -0.026978 0.999636
66.948162079 0.900082 0.950203 0.000000 0.000000 0.000000 -0.026864 0.999639
66.998103142 0.908827 0.950231 0.000000 0.000000 0.000000 -0.026544 0.999648
67.100195885 0.928721 0.949105 0.000000 0.000000 0.000000 -0.026896 0.999638
67.157076359 0.938915 0.947430 0.000000 0.000000 0.000000 -0.026816 0.999640
67.269846916 0.960908 0.946138 0.000000 0.000000 0.000000 -0.027207 0.999630
67.325706720 0.970702 0.946744 0.000000 0.000000 0.000000 -0.027437 0.999624
67.417520761 0.987015 0.946776 0.000000 0.000000 0.000000 -0.027422 0.999624
67.475314379 0.998522 0.947247 0.000000 0.000000 0.000000 -0.027440 0.999623
67.587245464 1.020770 0.945751 0.000000 0.000000 0.000000 -0.027715 0.999616
67.657504320 1.035296 0.944142 0.000000 0.000000 0.000000 -0.027782 0.999614
67.744100571 1.052347 0.942567 0.000000 0.000000 0.000000 -0.027900 0.999611
67.809964418 1.064807 0.942805 0.000000 0.000000 0.000000 -0.028096 0.999605
67.907867193 1.083517 0.940736 0.000000 0.000000 0.000000 -0.027909 0.999610
67.955658197 1.093432 0.940089 0.000000 0.000000 0.000000 -0.027933 0.999610
68.043772697 1.110624 0.939307 0.000000 0.000000 0.000000 -0.028123 0.999604
68.092056751 1.122243 0.938864 0.000000 0.000000 0.000000 -0.028334 0.999599
68.198954105 1.142772 0.936865 0.000000 0.000000 0.000000 -0.028339 0.999598
68.239401817 1.150871 0.937207 0.000000 0.000000 0.000000 -0.028314 0.999599
68.334116697 1.170359 0.935996 0.000000 0.000000 0.000000 -0.028033 0.999607
68.393169165 1.183006 0.933703 0.000000 0.000000 0.000000 -0.028110 0.999605
68.488315105 1.203816 0.932007 0.000000 0.000000 0.000000 -0.027921 0.999610
68.548655272 1.216377 0.930705 0.000000 0.000000 0.000000 -0.027886 0.999611
68.628951550 1.234174 0.929081 0.000000 0.000000 0.000000 -0.027577 0.999620
68.688163757 1.245618 0.927109 0.000000 0.000000 0.000000 -0.027378 0.999625
68.771270037 1.262085 0.926357 0.000000 0.000000 0.000000 -0.027386 0.999625
68.824939728 1.272689 0.928399 0.000000 0.000000 0.000000 -0.026904 0.999638
68.927378178 1.291647 0.929374 0.000000 0.000000 0.000000 -0.026495 0.999649
68.988554239 1.304687 0.927381 0.000000 0.000000 0.000000 -0.026662 0.999645
69.091393948 1.323583 0.927296 0.000000 0.000000 0.000000 -0.026509 0.999649
69.142657280 1.333382 0.928291 0.000000 0.000000 0.000000 -0.026479 0.999649
69.226943970 1.347936 0.928393 0.000000 0.000000 0.000000 -0.026281 0.999655
69.291504383 1.361222 0.928477 0.000000 0.000000 0.000000 -0.025937 0.999664
69.395749092 1.384168 0.926056 0.000000 0.000000 0.000000 -0.025343 0.999679
69.444655418 1.393486 0.926715 0.000000 0.000000 0.000000 -0.025254 0.999681
69.543005466 1.413727 0.926618 0.000000 0.000000 0.000000 -0.024943 0.999689
69.595045090 1.423982 0.927076 0.000000 0.000000 0.000000 -0.024743 0.999694
69.695927858 1.444094 0.924592 0.000000 0.000000 0.000000 -0.024115 0.999709
69.753221989 1.455371 0.924635 0.000000 0.000000 0.000000 -0.023654 0.999720
69.852281094 1.472447 0.923474 0.000000 0.000000 0.000000 -0.023882 0.999715
69.909631014 1.483583 0.922069 0.000000 0.000000 0.000000 -0.023883 0.999715
70.003495455 1.502233 0.921007 0.000000 0.000000 0.000000 -0.023909 0.999714
70.055417776 1.511796 0.921551 0.000000 0.000000 0.000000 -0.024219 0.999707
70.137858391 1.527272 0.921831 0.000000 0.000000 0.000000 -0.024274 0.999705
70.199167728 1.539859 0.919302 0.000000 0.000000 0.000000 -0.024051 0.999711
70.302878618 1.559934 0.918140 0.000000 0.000000 0.000000 -0.024330 0.999704
70.369396687 1.575001 0.916913 0.000000 0.000000 0.000000 -0.024252 0.999706
70.461210728 1.592758 0.915994 0.000000 0.000000 0.000000 -0.024181 0.999708
70.509778738 1.601694 0.914344 0.000000 0.000000 0.000000 -0.024173 0.999708
70.599387646 1.618259 0.912892 0.000000 0.000000 0.000000 -0.024252 0.999706
70.656033039 1.629571 0.912752 0.000000 0.000000 0.000000 -0.023734 0.999718
70.768153429 1.651560 0.911332 0.000000 0.000000 0.000000 -0.023403 0.999726
70.815999985 1.659698 0.911862 0.000000 0.000000 0.000000 -0.023431 0.999725
70.900581121 1.677196 0.910335 0.000000 0.000000 0.000000 -0.023141 0.999732
70.955633402 1.687680 0.909541 0.000000 0.000000 0.000000 -0.023861 0.999715
71.042252779 1.704255 0.909537 0.000000 0.000000 0.000000 -0.023826 0.999716
71.103641987 1.716194 0.906377 0.000000 0.000000 0.000000 -0.024123 0.999709
71.186776161 1.731820 0.905786 0.000000 0.000000 0.000000 -0.024467 0.999701
71.250498533 1.744472 0.902596 0.000000 0.000000 0.000000 -0.024999 0.999687
71.341936827 1.750769 0.902737 0.000000 0.000000 0.000000 -0.016326 0.999867
71.393325806 1.754038 0.904108 0.000000 0.000000 0.000000 -0.011283 0.999936
71.487019539 1.759397 0.904881 0.000000 0.000000 0.000000 -0.002182 0.999998
71.537977695 1.763736 0.903438 0.000000 0.000000 0.000000 0.002849 0.999996
71.626116753 1.766733 0.904327 0.000000 0.000000 0.000000 0.011695 0.999932
71.682151079 1.767924 0.906678 0.000000 0.000000 0.000000 0.017130 0.999853
71.763496399 1.770087 0.906406 0.000000 0.000000 0.000000 0.025271 0.999681
71.820455313 1.773797 0.906636 0.000000 0.000000 0.000000 0.030724 0.999528
71.918866396 1.778402 0.907920 0.000000 0.000000 0.000000 0.040577 0.999176
71.975845575 1.783932 0.908653 0.000000 0.000000 0.000000 0.046039 0.998940
72.068582535 1.789118 0.911608 0.000000 0.000000 0.000000 0.054511 0.998513
72.122643709 1.791413 0.912337 0.000000 0.000000 0.000000 0.059586 0.998223
72.217851877 1.808685 0.915086 0.000000 0.000000 0.000000 0.059270 0.998242
72.265589714 1.814879 0.917392 0.000000 0.000000 0.000000 0.059463 0.998230
72.354194641 1.831282 0.918631 0.000000 0.000000 0.000000 0.059635 0.998220
72.403216600 1.842080 0.918582 0.000000 0.000000 0.000000 0.059630 0.998221
72.504085302 1.860774 0.922026 0.000000 0.000000 0.000000 0.059589 0.998223
72.559812546 1.872053 0.922788 0.000000 0.000000 0.000000 0.059578 0.998224
72.641114473 1.887385 0.924692 0.000000 0.000000 0.000000 0.059438 0.998232
72.695553064 1.896990 0.926771 0.000000 0.000000 0.000000 0.059746 0.998214
72.784453154 1.916106 0.928484 0.000000 0.000000 0.000000 0.059935 0.998202
72.839464188 1.920008 0.927738 0.000000 0.000000 0.000000 0.065293 0.997866
72.931765556 1.925490 0.926934 0.000000 0.000000 0.000000 0.074273 0.997238
72.986810684 1.929257 0.926848 0.000000 0.000000 0.000000 0.079677 0.996821
73.071648121 1.934396 0.926535 0.000000 0.000000 0.000000 0.088519 0.996075
73.129702330 1.934909 0.926412 0.000000 0.000000 0.000000 0.093970 0.995575
73.227200508 1.937831 0.925330 0.000000 0.000000 0.000000 0.103691 0.994610
73.271549940 1.939806 0.925842 0.000000 0.000000 0.000000 0.107785 0.994174
73.365193605 1.956865 0.929579 0.000000 0.000000 0.000000 0.108052 0.994145
73.410813332 1.964424 0.932954 0.000000 0.000000 0.000000 0.107738 0.994179
73.495560646 1.979768 0.936762 0.000000 0.000000 0.000000 0.107434 0.994212
73.549853325 1.990755 0.939560 0.000000 0.000000 0.000000 0.107158 0.994242
73.635336399 2.007515 0.941422 0.000000 0.000000 0.000000 0.106837 0.994276
73.700213671 2.018955 0.943202 0.000000 0.000000 0.000000 0.107098 0.994248
73.794411182 2.037814 0.946927 0.000000 0.000000 0.000000 0.106934 0.994266
73.851395130 2.048519 0.950228 0.000000 0.000000 0.000000 0.106714 0.994290
73.934927464 2.065983 0.953972 0.000000 0.000000 0.000000 0.106553 0.994307
73.994324923 2.068931 0.954676 0.000000 0.000000 0.000000 0.111694 0.993743
74.076428652 2.071993 0.956523 0.000000 0.000000 0.000000 0.119755 0.992803
74.138641834 2.073990 0.958949 0.000000 0.000000 0.000000 0.125932 0.992039
74.232690811 2.078391 0.963146 0.000000 0.000000 0.000000 0.135145 0.990826
74.284757137 2.080827 0.964078 0.000000 0.000000 0.000000 0.140655 0.990059
74.368963718 2.084349 0.966938 0.000000 0.000000 0.000000 0.149359 0.988783
74.424954653 2.084715 0.969666 0.000000 0.000000 0.000000 0.154152 0.988047
74.512892008 2.089597 0.970815 0.000000 0.000000 0.000000 0.162382 0.986728
74.568120718 2.099667 0.975391 0.000000 0.000000 0.000000 0.162413 0.986723
74.659038782 2.117469 0.981958 0.000000 0.000000 0.000000 0.163021 0.986623
74.720528126 2.128139 0.986440 0.000000 0.000000 0.000000 0.163011 0.986624
74.807915449 2.144794 0.992400 0.000000 0.000000 0.000000 0.162639 0.986686
74.867791891 2.156154 0.996750 0.000000 0.000000 0.000000 0.162485 0.986711
74.956265450 2.171547 1.002091 0.000000 0.000000 0.000000 0.162448 0.986717
75.006022692 2.181081 1.005946 0.000000 0.000000 0.000000 0.162388 0.986727
75.093890429 2.197806 1.011114 0.000000 0.000000 0.000000 0.162841 0.986652
75.151803017 2.209913 1.015995 0.000000 0.000000 0.000000 0.162799 0.986659
75.237923384 2.227501 1.021296 0.000000 0.000000 0.000000 0.162935 0.986637
75.289012432 2.237434 1.026733 0.000000 0.000000 0.000000 0.163102 0.986609
75.377345324 2.255498 1.030841 0.000000 0.000000 0.000000 0.163288 0.986578
75.433693886 2.266412 1.034582 0.000000 0.000000 0.000000 0.163379 0.986563
75.537194490 2.285257 1.040633 0.000000 0.000000 0.000000 0.163058 0.986617
75.586070776 2.295814 1.044184 0.000000 0.000000 0.000000 0.163055 0.986617
75.689361572 2.315006 1.050346 0.000000 0.000000 0.000000 0.163177 0.986597
75.744805098 2.328042 1.054389 0.000000 0.000000 0.000000 0.163329 0.986572
75.826009274 2.344122 1.058449 0.000000 0.000000 0.000000 0.163146 0.986602
75.899021864 2.347330 1.058566 0.000000 0.000000 0.000000 0.170613 0.985338
75.992537260 2.353297 1.058763 0.000000 0.000000 0.000000 0.179306 0.983793
76.056124210 2.355090 1.060681 0.000000 0.000000 0.000000 0.185652 0.982615
76.141805172 2.358925 1.060672 0.000000 0.000000 0.000000 0.193535 0.981093
76.196712971 2.361206 1.062692 0.000000 0.000000 0.000000 0.198918 0.980016
76.279946327 2.364087 1.064367 0.000000 0.000000 0.000000 0.207047 0.978331
76.336917877 2.366349 1.065796 0.000000 0.000000 0.000000 0.212446 0.977173
76.431858301 2.371702 1.068124 0.000000 0.000000 0.000000 0.222140 0.975015
76.487337351 2.380196 1.072601 0.000000 0.000000 0.000000 0.222471 0.974939
76.576975346 2.394785 1.079899 0.000000 0.000000 0.000000 0.222831 0.974857
76.635664701 2.404454 1.083720 0.000000 0.000000 0.000000 0.222622 0.974905
76.736702204 2.422375 1.091463 0.000000 0.000000 0.000000 0.222922 0.974836
76.784813404 2.432652 1.096075 0.000000 0.000000 0.000000 0.222907 0.974840
76.872728825 2.447898 1.100375 0.000000 0.000000 0.000000 0.221946 0.975059
76.940669060 2.460951 1.105712 0.000000 0.000000 0.000000 0.222088 0.975027
77.039191484 2.477335 1.115065 0.000000 0.000000 0.000000 0.221990 0.975049
77.091496944 2.487439 1.118303 0.000000 0.000000 0.000000 0.222019 0.975042
77.178045034 2.488984 1.121538 0.000000 0.000000 0.000000 0.229896 0.973215
77.233334064 2.491884 1.122619 0.000000 0.000000 0.000000 0.235062 0.971980
77.321522951 2.496697 1.124258 0.000000 0.000000 0.000000 0.243157 0.969987
77.385615587 2.500614 1.124377 0.000000 0.000000 0.000000 0.249288 0.968429
77.482558012 2.515805 1.133081 0.000000 0.000000 0.000000 0.249105 0.968476
77.535058022 2.525991 1.138481 0.000000 0.000000 0.000000 0.249153 0.968464
77.635596514 2.544472 1.148601 0.000000 0.000000 0.000000 0.249024 0.968497
77.687636852 2.553032 1.153838 0.000000 0.000000 0.000000 0.248950 0.968516
77.783472538 2.569525 1.161940 0.000000 0.000000 0.000000 0.248991 0.968506
77.833787918 2.578731 1.166523 0.000000 0.000000 0.000000 0.248720 0.968575
77.940711260 2.597714 1.174918 0.000000 0.000000 0.000000 0.248286 0.968687
77.985099792 2.605625 1.179987 0.000000 0.000000 0.000000 0.248178 0.968714
78.074628830 2.620893 1.187226 0.000000 0.000000 0.000000 0.248158 0.968720
78.126539230 2.630689 1.191474 0.000000 0.000000 0.000000 0.248576 0.968612
78.225707769 2.635952 1.192869 0.000000 0.000000 0.000000 0.257742 0.966214
78.287621975 2.637832 1.191405 0.000000 0.000000 0.000000 0.263524 0.964653
78.371752024 2.650964 1.199139 0.000000 0.000000 0.000000 0.263799 0.964578
78.425225496 2.661427 1.204254 0.000000 0.000000 0.000000 0.263929 0.964542
78.525620699 2.679122 1.214017 0.000000 0.000000 0.000000 0.264061 0.964506
78.588539600 2.688595 1.221618 0.000000 0.000000 0.000000 0.263667 0.964614
78.670593977 2.703452 1.228238 0.000000 0.000000 0.000000 0.264209 0.964466
78.735427380 2.715152 1.236537 0.000000 0.000000 0.000000 0.264526 0.964378
78.827690363 2.734775 1.246789 0.000000 0.000000 0.000000 0.264824 0.964297
78.889282465 2.747030 1.254773 0.000000 0.000000 0.000000 0.264941 0.964265
78.986895561 2.764853 1.264489 0.000000 0.000000 0.000000 0.265140 0.964210
79.038242817 2.775489 1.268437 0.000000 0.000000 0.000000 0.265629 0.964075
79.133278370 2.778161 1.271960 0.000000 0.000000 0.000000 0.274637 0.961548
79.188038111 2.782755 1.274591 0.000000 0.000000 0.000000 0.279529 0.960137
79.274859905 2.787368 1.276794 0.000000 0.000000 0.000000 0.287550 0.957766
79.325020790 2.798872 1.286644 0.000000 0.000000 0.000000 0.288831 0.957380
79.419587612 2.814722 1.295429 0.000000 0.000000 0.000000 0.289219 0.957263
79.476016521 2.823229 1.302958 0.000000 0.000000 0.000000 0.289327 0.957230
79.572896481 2.839847 1.314222 0.000000 0.000000 0.000000 0.289346 0.957225
79.625355482 2.849023 1.318374 0.000000 0.000000 0.000000 0.289547 0.957164
79.715934038 2.861825 1.329287 0.000000 0.000000 0.000000 0.289770 0.957096
79.766192913 2.869811 1.335632 0.000000 0.000000 0.000000 0.289413 0.957204
79.851100206 2.884295 1.344986 0.000000 0.000000 0.000000 0.289544 0.957165
79.911969662 2.894362 1.352771 0.000000 0.000000 0.000000 0.289756 0.957100
80.005322218 2.910612 1.362098 0.000000 0.000000 0.000000 0.289771 0.957096
80.049822092 2.917128 1.367090 0.000000 0.000000 0.000000 0.289737 0.957106
80.144307137 2.932034 1.376600 0.000000 0.000000 0.000000 0.289542 0.957165
80.194717646 2.939392 1.383418 0.000000 0.000000 0.000000 0.289887 0.957061
80.283586025 2.941396 1.386958 0.000000 0.000000 0.000000 0.298042 0.954553
80.339012861 2.943523 1.389078 0.000000 0.000000 0.000000 0.303203 0.952926
80.432806969 2.945494 1.391947 0.000000 0.000000 0.000000 0.312358 0.949965
80.481657505 2.947140 1.394991 0.000000 0.000000 0.000000 0.316983 0.948431
80.570667744 2.947924 1.396897 0.000000 0.000000 0.000000 0.324920 0.945741
80.629180193 2.949163 1.397018 0.000000 0.000000 0.000000 0.330016 0.943975
80.725515127 2.951148 1.399433 0.000000 0.000000 0.000000 0.338836 0.940845
80.785824299 2.950166 1.400844 0.000000 0.000000 0.000000 0.344662 0.938727
80.885531425 2.953983 1.403636 0.000000 0.000000 0.000000 0.354239 0.935155
80.931448936 2.956477 1.406794 0.000000 0.000000 0.000000 0.358808 0.933412
81.023196459 2.969513 1.418239 0.000000 0.000000 0.000000 0.359210 0.933257
81.074112654 2.976498 1.423818 0.000000 0.000000 0.000000 0.358743 0.933436
81.169610262 2.990086 1.437078 0.000000 0.000000 0.000000 0.358358 0.933584
81.221564293 2.997326 1.444405 0.000000 0.000000 0.000000 0.358658 0.933469
81.317089081 3.009807 1.458631 0.000000 0.000000 0.000000 0.358529 0.933519
81.373459816 3.016344 1.467995 0.000000 0.000000 0.000000 0.358639 0.933476
81.468533754 3.028351 1.479618 0.000000 0.000000 0.000000 0.358538 0.933515
81.523016691 3.035403 1.488172 0.000000 0.000000 0.000000 0.358762 0.933429
81.598726511 3.047821 1.496174 0.000000 0.000000 0.000000 0.359881 0.932998
81.657386780 3.048446 1.498297 0.000000 0.000000 0.000000 0.365276 0.930899
81.743980408 3.050309 1.499714 0.000000 0.000000 0.000000 0.372970 0.927844
81.802433014 3.052079 1.501530 0.000000 0.000000 0.000000 0.378283 0.925690
81.892469883 3.053619 1.504352 0.000000 0.000000 0.000000 0.386696 0.922207
81.951400280 3.056577 1.506476 0.000000 0.000000 0.000000 0.391493 0.920181
82.051398516 3.059905 1.510726 0.000000 0.000000 0.000000 0.400624 0.916243
82.098116398 3.060921 1.511651 0.000000 0.000000 0.000000 0.404896 0.914363
82.188131332 3.071623 1.524376 0.000000 0.000000 0.000000 0.405009 0.914313
82.248149872 3.079336 1.531043 0.000000 0.000000 0.000000 0.405348 0.914163
82.336132288 3.089806 1.542946 0.000000 0.000000 0.000000 0.405619 0.914042
82.396090031 3.096744 1.550376 0.000000 0.000000 0.000000 0.405758 0.913981
82.493404388 3.108387 1.565447 0.000000 0.000000 0.000000 0.405571 0.914063
82.545469284 3.115093 1.573858 0.000000 0.000000 0.000000 0.405250 0.914206
82.645762682 3.127728 1.588759 0.000000 0.000000 0.000000 0.405031 0.914303
82.703368902 3.135427 1.596870 0.000000 0.000000 0.000000 0.405095 0.914275
82.786747932 3.146197 1.609518 0.000000 0.000000 0.000000 0.405167 0.914243
82.854153395 3.156274 1.619897 0.000000 0.000000 0.000000 0.405366 0.914154
82.943068027 3.168456 1.634586 0.000000 0.000000 0.000000 0.405375 0.914151
83.009804964 3.177392 1.645254 0.000000 0.000000 0.000000 0.405829 0.913949
83.085191727 3.186967 1.657340 0.000000 0.000000 0.000000 0.405853 0.913938
83.153803349 3.196330 1.666347 0.000000 0.000000 0.000000 0.405598 0.914052
83.241653681 3.206341 1.678218 0.000000 0.000000 0.000000 0.405343 0.914165
83.297069788 3.206446 1.681473 0.000000 0.000000 0.000000 0.410347 0.911930
83.389735460 3.210444 1.686001 0.000000 0.000000 0.000000 0.418949 0.908010
83.453119040 3.211021 1.689150 0.000000 0.000000 0.000000 0.424857 0.905260
83.537900448 3.213945 1.694005 0.000000 0.000000 0.000000 0.432768 0.901505
83.597048283 3.216454 1.698236 0.000000 0.000000 0.000000 0.437833 0.899056
83.717325926 3.219367 1.701791 0.000000 0.000000 0.000000 0.447600 0.894234
83.749479055 3.220082 1.704127 0.000000 0.000000 0.000000 0.450411 0.892821
83.838826418 3.220990 1.705746 0.000000 0.000000 0.000000 0.457931 0.888988
83.901724577 3.220956 1.709601 0.000000 0.000000 0.000000 0.464684 0.885477
83.992516994 3.224776 1.714808 0.000000 0.000000 0.000000 0.472612 0.881271
84.051721573 3.225904 1.715196 0.000000 0.000000 0.000000 0.477686 0.878531
84.156426907 3.227884 1.718420 0.000000 0.000000 0.000000 0.486784 0.873522
84.200500965 3.229338 1.720648 0.000000 0.000000 0.000000 0.490783 0.871282
84.283172131 3.238369 1.733082 0.000000 0.000000 0.000000 0.490917 0.871206
84.341853619 3.244623 1.743974 0.000000 0.000000 0.000000 0.490738 0.871307
84.440338135 3.255143 1.760440 0.000000 0.000000 0.000000 0.490745 0.871303
84.490278244 3.260210 1.768219 0.000000 0.000000 0.000000 0.490589 0.871391
84.590413809 3.269861 1.784960 0.000000 0.000000 0.000000 0.490530 0.871424
84.637861252 3.270791 1.784753 0.000000 0.000000 0.000000 0.494163 0.869369
84.731191397 3.274533 1.787813 0.000000 0.000000 0.000000 0.501813 0.864976
84.795961142 3.276356 1.791733 0.000000 0.000000 0.000000 0.507436 0.861689
84.885035038 3.277262 1.795901 0.000000 0.000000 0.000000 0.514753 0.857339
84.942189693 3.283010 1.804832 0.000000 0.000000 0.000000 0.514438 0.857528
85.035698891 3.289624 1.820592 0.000000 0.000000 0.000000 0.514386 0.857559
85.087255955 3.294840 1.829670 0.000000 0.000000 0.000000 0.513842 0.857885
85.177431345 3.302288 1.846007 0.000000 0.000000 0.000000 0.513773 0.857926
85.234461546 3.307581 1.856303 0.000000 0.000000 0.000000 0.513664 0.857991
85.317269802 3.314929 1.872651 0.000000 0.000000 0.000000 0.513588 0.858037
85.371974707 3.320734 1.880678 0.000000 0.000000 0.000000 0.513676 0.857984
85.478625298 3.321749 1.885101 0.000000 0.000000 0.000000 0.522411 0.852694
85.528799295 3.322204 1.887485 0.000000 0.000000 0.000000 0.526619 0.850102
85.623463392 3.323790 1.890792 0.000000 0.000000 0.000000 0.534450 0.845200
85.673765659 3.326035 1.894305 0.000000 0.000000 0.000000 0.538265 0.842775
85.763669968 3.334142 1.909351 0.000000 0.000000 0.000000 0.538663 0.842522
85.820935726 3.338668 1.919157 0.000000 0.000000 0.000000 0.538941 0.842343
85.910727024 3.347988 1.932441 0.000000 0.000000 0.000000 0.538806 0.842430
85.964876890 3.354673 1.940913 0.000000 0.000000 0.000000 0.538733 0.842477
86.051109076 3.361550 1.956514 0.000000 0.000000 0.000000 0.538672 0.842516
86.103527308 3.365938 1.964876 0.000000 0.000000 0.000000 0.538201 0.842816
86.201452255 3.374257 1.981253 0.000000 0.000000 0.000000 0.538242 0.842790
86.242657185 3.377681 1.988857 0.000000 0.000000 0.000000 0.538198 0.842819
86.334985495 3.387322 2.004663 0.000000 0.000000 0.000000 0.538161 0.842842
86.382092714 3.387859 2.006494 0.000000 0.000000 0.000000 0.541840 0.840482
86.472083092 3.390144 2.011147 0.000000 0.000000 0.000000 0.549154 0.835721
86.523828268 3.390567 2.014369 0.000000 0.000000 0.000000 0.553432 0.832894
86.615870237 3.394365 2.019963 0.000000 0.000000 0.000000 0.561298 0.827614
86.670076370 3.396825 2.021859 0.000000 0.000000 0.000000 0.565742 0.824582
86.774803400 3.404190 2.038287 0.000000 0.000000 0.000000 0.566241 0.824240
86.820199966 3.407447 2.046016 0.000000 0.000000 0.000000 0.566256 0.824229
86.919469357 3.415015 2.063913 0.000000 0.000000 0.000000 0.566370 0.824151
86.967871189 3.417838 2.073516 0.000000 0.000000 0.000000 0.566477 0.824078
87.056761026 3.424305 2.090178 0.000000 0.000000 0.000000 0.566215 0.824258
87.109259605 3.428822 2.100129 0.000000 0.000000 0.000000 0.566357 0.824160
87.192007065 3.433344 2.115728 0.000000 0.000000 0.000000 0.566582 0.824005
87.253980637 3.436055 2.127656 0.000000 0.000000 0.000000 0.566582 0.824005
87.349741697 3.438036 2.132334 0.000000 0.000000 0.000000 0.574425 0.818557
87.405018091 3.438079 2.135543 0.000000 0.000000 0.000000 0.578775 0.815487
87.485984564 3.440326 2.140114 0.000000 0.000000 0.000000 0.584998 0.811034
87.543567896 3.439899 2.141263 0.000000 0.000000 0.000000 0.590050 0.807367
87.634330273 3.441218 2.145708 0.000000 0.000000 0.000000 0.597369 0.801966
87.686902761 3.439820 2.146894 0.000000 0.000000 0.000000 0.601274 0.799043
87.787247896 3.440968 2.150415 0.000000 0.000000 0.000000 0.609315 0.792928
87.837472916 3.442836 2.160253 0.000000 0.000000 0.000000 0.609841 0.792524
87.916748285 3.447117 2.175162 0.000000 0.000000 0.000000 0.609900 0.792478
87.986268759 3.448368 2.188896 0.000000 0.000000 0.000000 0.609571 0.792731
88.086726427 3.454171 2.208141 0.000000 0.000000 0.000000 0.609590 0.792717
88.150101423 3.455775 2.220676 0.000000 0.000000 0.000000 0.609713 0.792622
88.240933418 3.457236 2.224301 0.000000 0.000000 0.000000 0.616830 0.787097
88.297403812 3.458657 2.227970 0.000000 0.000000 0.000000 0.621245 0.783616
88.386169910 3.461608 2.233854 0.000000 0.000000 0.000000 0.628418 0.777876
88.450335503 3.460941 2.236445 0.000000 0.000000 0.000000 0.633204 0.773985
88.535275698 3.462500 2.241555 0.000000 0.000000 0.000000 0.639688 0.768634
88.605426788 3.462544 2.243176 0.000000 0.000000 0.000000 0.644836 0.764321
88.683759212 3.462655 2.248027 0.000000 0.000000 0.000000 0.650450 0.759549
88.750116110 3.464402 2.260440 0.000000 0.000000 0.000000 0.650771 0.759274
88.851769447 3.466737 2.280379 0.000000 0.000000 0.000000 0.651037 0.759046
88.916266441 3.468660 2.291453 0.000000 0.000000 0.000000 0.651202 0.758905
89.002526760 3.470473 2.308732 0.000000 0.000000 0.000000 0.651129 0.758967
89.057895184 3.473495 2.318120 0.000000 0.000000 0.000000 0.651192 0.758913
89.140100241 3.476426 2.332345 0.000000 0.000000 0.000000 0.651473 0.758672
89.195465088 3.476281 2.337074 0.000000 0.000000 0.000000 0.655468 0.755223
89.289087772 3.474928 2.342422 0.000000 0.000000 0.000000 0.662192 0.749335
89.344048738 3.474952 2.345166 0.000000 0.000000 0.000000 0.666502 0.745504
89.440391302 3.474695 2.350527 0.000000 0.000000 0.000000 0.673684 0.739019
89.492968559 3.475410 2.354211 0.000000 0.000000 0.000000 0.677832 0.735217
89.607647657 3.476004 2.376556 0.000000 0.000000 0.000000 0.678019 0.735044
89.672281504 3.474920 2.388889 0.000000 0.000000 0.000000 0.677988 0.735073
89.768073082 3.476884 2.407928 0.000000 0.000000 0.000000 0.678025 0.735039
89.829360723 3.477678 2.418583 0.000000 0.000000 0.000000 0.678239 0.734841
89.918611765 3.481455 2.434165 0.000000 0.000000 0.000000 0.678012 0.735051
89.983339548 3.484223 2.446122 0.000000 0.000000 0.000000 0.678153 0.734920
90.075467348 3.485297 2.461752 0.000000 0.000000 0.000000 0.678015 0.735048
90.136802912 3.486651 2.474485 0.000000 0.000000 0.000000 0.677848 0.735202
90.217718840 3.486840 2.492123 0.000000 0.000000 0.000000 0.677729 0.735311
90.282570362 3.489828 2.505511 0.000000 0.000000 0.000000 0.677819 0.735229
90.377734184 3.493289 2.525007 0.000000 0.000000 0.000000 0.677924 0.735132
90.428593874 3.492911 2.536565 0.000000 0.000000 0.000000 0.678025 0.735039
90.510604858 3.495634 2.550025 0.000000 0.000000 0.000000 0.677911 0.735144
90.568803549 3.496826 2.561509 0.000000 0.000000 0.000000 0.677889 0.735164
90.669097900 3.496852 2.580331 0.000000 0.000000 0.000000 0.677320 0.735688
90.734403133 3.498126 2.593149 0.000000 0.000000 0.000000 0.677358 0.735654
90.817264557 3.498531 2.608959 0.000000 0.000000 0.000000 0.677375 0.735638
90.874949217 3.500561 2.619916 0.000000 0.000000 0.000000 0.677705 0.735334
90.977848291 3.502035 2.640582 0.000000 0.000000 0.000000 0.677357 0.735655
91.038990498 3.502267 2.650849 0.000000 0.000000 0.000000 0.677346 0.735665
91.132968187 3.502904 2.669535 0.000000 0.000000 0.000000 0.677282 0.735723
91.184181929 3.503763 2.680605 0.000000 0.000000 0.000000 0.677393 0.735621
91.277483940 3.506201 2.699139 0.000000 0.000000 0.000000 0.677583 0.735447
91.333750963 3.507707 2.709981 0.000000 0.000000 0.000000 0.677318 0.735690
91.435931683 3.509104 2.730173 0.000000 0.000000 0.000000 0.677229 0.735773
91.490885019 3.510723 2.741144 0.000000 0.000000 0.000000 0.677180 0.735817
91.596405983 3.513709 2.762803 0.000000 0.000000 0.000000 0.677155 0.735841
91.657889366 3.515396 2.773742 0.000000 0.000000 0.000000 0.677315 0.735693
91.744920015 3.517265 2.791323 0.000000 0.000000 0.000000 0.677553 0.735474
91.803375244 3.519691 2.801352 0.000000 0.000000 0.000000 0.677509 0.735514
91.889576912 3.520269 2.817764 0.000000 0.000000 0.000000 0.677602 0.735429
91.950321198 3.520700 2.829727 0.000000 0.000000 0.000000 0.677413 0.735603
92.040585995 3.521992 2.847459 0.000000 0.000000 0.000000 0.677725 0.735315
92.095539570 3.524168 2.858430 0.000000 0.000000 0.000000 0.677672 0.735364
92.180634975 3.525303 2.873824 0.000000 0.000000 0.000000 0.677542 0.735484
92.233907700 3.526543 2.883016 0.000000 0.000000 0.000000 0.677448 0.735570
92.324627161 3.529367 2.900835 0.000000 0.000000 0.000000 0.677385 0.735629
92.377721786 3.529022 2.911767 0.000000 0.000000 0.000000 0.677442 0.735576
92.477380037 3.531678 2.932186 0.000000 0.000000 0.000000 0.677563 0.735465
92.527386665 3.533644 2.941794 0.000000 0.000000 0.000000 0.677628 0.735405
92.615924358 3.536051 2.961313 0.000000 0.000000 0.000000 0.677721 0.735319
92.672314167 3.536815 2.971607 0.000000 0.000000 0.000000 0.677878 0.735175
92.773890257 3.537997 2.991691 0.000000 0.000000 0.000000 0.678101 0.734969
92.833395958 3.540482 3.003798 0.000000 0.000000 0.000000 0.677941 0.735117
92.924817085 3.541238 3.022071 0.000000 0.000000 0.000000 0.677976 0.735084
92.988978386 3.541923 3.034960 0.000000 0.000000 0.000000 0.677178 0.735819
93.100240469 3.543760 3.056963 0.000000 0.000000 0.000000 0.677407 0.735609
93.152472734 3.543577 3.067846 0.000000 0.000000 0.000000 0.677461 0.735559
93.248969555 3.545171 3.087297 0.000000 0.000000 0.000000 0.677509 0.735514
93.302347898 3.545763 3.098582 0.000000 0.000000 0.000000 0.677475 0.735546
93.402684212 3.544721 3.118506 0.000000 0.000000 0.000000 0.677472 0.735549
93.454676867 3.544835 3.129148 0.000000 0.000000 0.000000 0.677717 0.735323
93.552758694 3.546552 3.147564 0.000000 0.000000 0.000000 0.677770 0.735274
93.613630056 3.546242 3.161502 0.000000 0.000000 0.000000 0.678023 0.735040
93.707502604 3.547866 3.180779 0.000000 0.000000 0.000000 0.677983 0.735077
93.764230251 3.547931 3.192341 0.000000 0.000000 0.000000 0.678007 0.735055
93.873910427 3.549817 3.214866 0.000000 0.000000 0.000000 0.678260 0.734822
93.914932251 3.550566 3.222953 0.000000 0.000000 0.000000 0.678284 0.734800
94.005584240 3.551477 3.239881 0.000000 0.000000 0.000000 0.678109 0.734962
94.060539484 3.553541 3.249815 0.000000 0.000000 0.000000 0.678043 0.735022
94.156020403 3.555379 3.270017 0.000000 0.000000 0.000000 0.678046 0.735020
94.210253716 3.556344 3.281480 0.000000 0.000000 0.000000 0.678246 0.734835
94.306135893 3.558388 3.301057 0.000000 0.000000 0.000000 0.678234 0.734846
94.372974396 3.559107 3.314808 0.000000 0.000000 0.000000 0.678018 0.735046
94.471097946 3.560016 3.336057 0.000000 0.000000 0.000000 0.678205 0.734873
94.529613972 3.561411 3.348285 0.000000 0.000000 0.000000 0.678130 0.734942
94.627149820 3.563511 3.369554 0.000000 0.000000 0.000000 0.677674 0.735363
94.671769142 3.566541 3.378007 0.000000 0.000000 0.000000 0.677746 0.735296
94.763330460 3.569975 3.395173 0.000000 0.000000 0.000000 0.677609 0.735423
94.822440624 3.570594 3.409409 0.000000 0.000000 0.000000 0.677864 0.735187
94.912670851 3.571269 3.426535 0.000000 0.000000 0.000000 0.678202 0.734876
94.978972197 3.571958 3.438560 0.000000 0.000000 0.000000 0.678172 0.734903
95.068254471 3.573060 3.456690 0.000000 0.000000 0.000000 0.677598 0.735433
95.123470068 3.569436 3.468007 0.000000 0.000000 0.000000 0.678630 0.734480
95.210581541 3.570520 3.484842 0.000000 0.000000 0.000000 0.678457 0.734641
95.261231899 3.570452 3.496945 0.000000 0.000000 0.000000 0.678532 0.734570
95.358219862 3.571604 3.514846 0.000000 0.000000 0.000000 0.678614 0.734495
95.405269146 3.571331 3.523989 0.000000 0.000000 0.000000 0.678578 0.734528
95.495450497 3.572461 3.524040 0.000000 0.000000 0.000000 0.678811 0.734313
95.556711435 3.571824 3.524708 0.000000 0.000000 0.000000 0.678921 0.734211
95.654532194 3.571928 3.525147 0.000000 0.000000 0.000000 0.678922 0.734210
95.718507051 3.572747 3.524433 0.000000 0.000000 0.000000 0.678800 0.734324
95.809733868 3.573776 3.523528 0.000000 0.000000 0.000000 0.678830 0.734296
95.869915009 3.575230 3.524220 0.000000 0.000000 0.000000 0.678872 0.734256
95.968504429 3.576853 3.525629 0.000000 0.000000 0.000000 0.678751 0.734368
96.013655424 3.575687 3.525999 0.000000 0.000000 0.000000 0.678660 0.734453
96.105460644 3.575439 3.525749 0.000000 0.000000 0.000000 0.678566 0.734539
96.151817083 3.576655 3.526065 0.000000 0.000000 0.000000 0.678603 0.734505
96.249305487 3.577206 3.525109 0.000000 0.000000 0.000000 0.678891 0.734240
96.313171148 3.578085 3.524930 0.000000 0.000000 0.000000 0.678863 0.734265
96.411842108 3.579691 3.524784 0.000000 0.000000 0.000000 0.678954 0.734181
96.483254194 3.579134 3.522892 0.000000 0.000000 0.000000 0.678845 0.734281
96.576039553 3.578573 3.522404 0.000000 0.000000 0.000000 0.678644 0.734467
96.634468794 3.580601 3.520560 0.000000 0.000000 0.000000 0.678327 0.734760
96.723625898 3.579105 3.523123 0.000000 0.000000 0.000000 0.678143 0.734930
96.781600475 3.577823 3.524733 0.000000 0.000000 0.000000 0.677998 0.735064
96.866395235 3.577211 3.525095 0.000000 0.000000 0.000000 0.677959 0.735100
96.921135187 3.576783 3.524680 0.000000 0.000000 0.000000 0.677913 0.735142
97.019036293 3.574337 3.523175 0.000000 0.000000 0.000000 0.677889 0.735165
97.060910940 3.573055 3.523641 0.000000 0.000000 0.000000 0.678349 0.734740
97.153807163 3.574667 3.521433 0.000000 0.000000 0.000000 0.678249 0.734832
97.211027622 3.574310 3.522589 0.000000 0.000000 0.000000 0.678547 0.734557
97.305245876 3.579012 3.527546 0.000000 0.000000 0.000000 0.677876 0.735176
97.364989996 3.578430 3.528722 0.000000 0.000000 0.000000 0.677942 0.735115
97.465471268 3.577875 3.530034 0.000000 0.000000 0.000000 0.677858 0.735193
97.531141281 3.577432 3.530910 0.000000 0.000000 0.000000 0.677683 0.735354
97.607466698 3.578567 3.531794 0.000000 0.000000 0.000000 0.677805 0.735242
97.670571327 3.580162 3.531649 0.000000 0.000000 0.000000 0.677790 0.735256
97.761371374 3.581079 3.531778 0.000000 0.000000 0.000000 0.677397 0.735618
97.826786518 3.581878 3.530863 0.000000 0.000000 0.000000 0.677150 0.735845
97.904732704 3.582573 3.531478 0.000000 0.000000 0.000000 0.676906 0.736070
97.972033739 3.583270 3.531888 0.000000 0.000000 0.000000 0.676782 0.736183
98.065672398 3.583007 3.532619 0.000000 0.000000 0.000000 0.676590 0.736360
98.120881319 3.583359 3.533005 0.000000 0.000000 0.000000 0.676788 0.736178
98.209275961 3.582244 3.534740 0.000000 0.000000 0.000000 0.676722 0.736239
98.266049623 3.582896 3.534764 0.000000 0.000000 0.000000 0.676922 0.736054
98.353181839 3.581500 3.536319 0.000000 0.000000 0.000000 0.676877 0.736096
98.403073549 3.581207 3.535371 0.000000 0.000000 0.000000 0.676745 0.736218
98.490382910 3.581192 3.534373 0.000000 0.000000 0.000000 0.676554 0.736393
98.542252064 3.581457 3.536162 0.000000 0.000000 0.000000 0.676388 0.736546
98.624454260 3.581010 3.537141 0.000000 0.000000 0.000000 0.676720 0.736241
98.685510397 3.579872 3.539436 0.000000 0.000000 0.000000 0.676847 0.736123
98.779605627 3.579202 3.538723 0.000000 0.000000 0.000000 0.676871 0.736102
98.838194609 3.579979 3.537330 0.000000 0.000000 0.000000 0.676758 0.736206
98.929908276 3.578666 3.537304 0.000000 0.000000 0.000000 0.677102 0.735889
98.986426353 3.580338 3.538034 0.000000 0.000000 0.000000 0.677178 0.735819
99.090990067 3.581873 3.537876 0.000000 0.000000 0.000000 0.676986 0.735996
99.137984037 3.583360 3.538403 0.000000 0.000000 0.000000 0.676992 0.735990
99.222180128 3.583101 3.537044 0.000000 0.000000 0.000000 0.676910 0.736065
99.274515629 3.585813 3.537452 0.000000 0.000000 0.000000 0.677036 0.735950
99.372492313 3.585510 3.538108 0.000000 0.000000 0.000000 0.677122 0.735870
99.430688858 3.583435 3.539218 0.000000 0.000000 0.000000 0.677255 0.735748
99.544572830 3.585327 3.539967 0.000000 0.000000 0.000000 0.677500 0.735523
99.586899042 3.586472 3.540190 0.000000 0.000000 0.000000 0.677486 0.735535
99.684531927 3.587578 3.538992 0.000000 0.000000 0.000000 0.677604 0.735427
99.732462883 3.586651 3.538110 0.000000 0.000000 0.000000 0.677876 0.735176
99.817482233 3.587109 3.538926 0.000000 0.000000 0.000000 0.677997 0.735065
99.865893364 3.588063 3.538336 0.000000 0.000000 0.000000 0.678004 0.735059
99.974117994 3.587925 3.540043 0.000000 0.000000 0.000000 0.678230 0.734850
100.008396149 3.587607 3.542307 0.000000 0.000000 0.000000 0.678104 0.734966
100.099959850 3.586854 3.542197 0.000000 0.000000 0.000000 0.678216 0.734862
100.157341719 3.585853 3.540896 0.000000 0.000000 0.000000 0.678458 0.734639
100.251402378 3.585211 3.539790 0.000000 0.000000 0.000000 0.678324 0.734763
100.296842813 3.585006 3.539355 0.000000 0.000000 0.000000 0.678137 0.734935
100.386153460 3.584582 3.540273 0.000000 0.000000 0.000000 0.678228 0.734852
100.438560963 3.584919 3.541399 0.000000 0.000000 0.000000 0.678267 0.734816
100.523025513 3.582827 3.543246 0.000000 0.000000 0.000000 0.678137 0.734936
100.578892708 3.582389 3.543789 0.000000 0.000000 0.000000 0.678153 0.734921
100.666844606 3.581994 3.544942 0.000000 0.000000 0.000000 0.678349 0.734740
100.717916250 3.581102 3.547036 0.000000 0.000000 0.000000 0.678412 0.734682
100.814438343 3.579796 3.548258 0.000000 0.000000 0.000000 0.678242 0.734839
100.859156370 3.580918 3.546815 0.000000 0.000000 0.000000 0.678158 0.734916
100.952885628 3.579978 3.545688 0.000000 0.000000 0.000000 0.677873 0.735179
101.000487804 3.579090 3.545517 0.000000 0.000000 0.000000 0.677693 0.735345
101.085479736 3.578732 3.545702 0.000000 0.000000 0.000000 0.677498 0.735524
101.136031866 3.576439 3.545570 0.000000 0.000000 0.000000 0.677259 0.735745
101.229514122 3.576209 3.545995 0.000000 0.000000 0.000000 0.677200 0.735799
101.274351120 3.574467 3.545851 0.000000 0.000000 0.000000 0.677101 0.735890
101.373620749 3.574816 3.544947 0.000000 0.000000 0.000000 0.677044 0.735943
101.426921129 3.575500 3.545320 0.000000 0.000000 0.000000 0.677193 0.735805
101.521782160 3.576516 3.549021 0.000000 0.000000 0.000000 0.677389 0.735625
101.570658922 3.579174 3.548664 0.000000 0.000000 0.000000 0.677184 0.735814
101.657437325 3.579713 3.549052 0.000000 0.000000 0.000000 0.676968 0.736012
101.713495970 3.578065 3.550209 0.000000 0.000000 0.000000 0.676884 0.736090
101.799236774 3.584890 3.548050 0.000000 0.000000 0.000000 0.677538 0.735488
101.849389791 3.584653 3.548994 0.000000 0.000000 0.000000 0.677473 0.735548
101.945839167 3.585478 3.549965 0.000000 0.000000 0.000000 0.677796 0.735250
101.999189854 3.585397 3.550125 0.000000 0.000000 0.000000 0.677653 0.735382
102.086042404 3.586745 3.551611 0.000000 0.000000 0.000000 0.677499 0.735524
102.136522293 3.586847 3.551890 0.000000 0.000000 0.000000 0.677422 0.735595
102.221495152 3.586432 3.553044 0.000000 0.000000 0.000000 0.677237 0.735765
102.276251078 3.584742 3.552845 0.000000 0.000000 0.000000 0.677331 0.735678
102.367645025 3.585940 3.554886 0.000000 0.000000 0.000000 0.677343 0.735667
102.423708200 3.584690 3.555643 0.000000 0.000000 0.000000 0.677190 0.735808
102.525077105 3.585372 3.555548 0.000000 0.000000 0.000000 0.677543 0.735484
102.574762106 3.584597 3.555283 0.000000 0.000000 0.000000 0.677396 0.735619
102.674291134 3.585593 3.555033 0.000000 0.000000 0.000000 0.677559 0.735468
