56.000000000 0.004544 1.003869 0.000000 0.000000 0.000000 0.007996 0.999968
56.092626333 0.004739 1.000521 0.000000 0.000000 0.000000 0.009701 0.999953
56.136488199 0.010799 1.000973 0.000000 0.000000 0.000000 0.011830 0.999930
56.234569073 0.015459 1.002903 0.000000 0.000000 0.000000 0.012823 0.999918
56.291095257 0.015592 1.003837 0.000000 0.000000 0.000000 0.012753 0.999919
56.384810448 0.015827 1.004712 0.000000 0.000000 0.000000 0.012690 0.999919
56.432573795 0.014665 1.006358 0.000000 0.000000 0.000000 0.012494 0.999922
56.517774343 0.013618 1.007019 0.000000 0.000000 0.000000 0.012186 0.999926
56.566277504 0.013159 1.008253 0.000000 0.000000 0.000000 0.012187 0.999926
56.658776283 0.013111 1.010294 0.000000 0.000000 0.000000 0.012171 0.999926
56.719421625 0.013117 1.012483 0.000000 0.000000 0.000000 0.012199 0.999926
56.806190968 0.013253 1.015536 0.000000 0.000000 0.000000 0.012152 0.999926
56.859033823 0.014693 1.018120 0.000000 0.000000 0.000000 0.012444 0.999923
56.956225157 0.014019 1.019005 0.000000 0.000000 0.000000 0.013199 0.999913
56.992516994 0.014857 1.017346 0.000000 0.000000 0.000000 0.013574 0.999908
57.085117579 0.012497 1.015626 0.000000 0.000000 0.000000 0.013909 0.999903
57.135342836 0.012554 1.016256 0.000000 0.000000 0.000000 0.013742 0.999906
57.226917267 0.012815 1.015917 0.000000 0.000000 0.000000 0.013761 0.999905
57.280653477 0.011302 1.014182 0.000000 0.000000 0.000000 0.013562 0.999908
57.376023293 0.011422 1.015290 0.000000 0.000000 0.000000 0.013714 0.999906
57.421943903 0.010935 1.014698 0.000000 0.000000 0.000000 0.013378 0.999911
57.506844759 0.010984 1.016101 0.000000 0.000000 0.000000 0.013563 0.999908
57.561612844 0.009918 1.016457 0.000000 0.000000 0.000000 0.013806 0.999905
57.661116600 0.006726 1.017118 0.000000 0.000000 0.000000 0.013531 0.999908
57.713097334 0.005940 1.016436 0.000000 0.000000 0.000000 0.013605 0.999907
57.818692207 0.006314 1.014924 0.000000 0.000000 0.000000 0.013839 0.999904
57.857132435 0.006054 1.013320 0.000000 0.000000 0.000000 0.013860 0.999904
57.942367077 0.006712 1.011862 0.000000 0.000000 0.000000 0.013966 0.999902
57.993121147 0.009947 1.011281 0.000000 0.000000 0.000000 0.013687 0.999906
58.084053516 0.012415 1.008840 0.000000 0.000000 0.000000 0.013858 0.999904
58.134043932 0.012719 1.009309 0.000000 0.000000 0.000000 0.013874 0.999904
58.226578236 0.014361 1.011078 0.000000 0.000000 0.000000 0.014414 0.999896
58.278188705 0.012481 1.012826 0.000000 0.000000 0.000000 0.014611 0.999893
58.375108480 0.012354 1.011182 0.000000 0.000000 0.000000 0.014631 0.999893
58.432198524 0.011015 1.010682 0.000000 0.000000 0.000000 0.014633 0.999893
58.513686180 0.010940 1.011224 0.000000 0.000000 0.000000 0.014723 0.999892
58.577755451 0.012193 1.010998 0.000000 0.000000 0.000000 0.014942 0.999888
58.663658381 0.014179 1.012323 0.000000 0.000000 0.000000 0.014386 0.999897
58.721382856 0.015188 1.011774 0.000000 0.000000 0.000000 0.014576 0.999894
58.811643362 0.015695 1.011153 0.000000 0.000000 0.000000 0.014627 0.999893
58.859117508 0.013876 1.010948 0.000000 0.000000 0.000000 0.014168 0.999900
58.954252720 0.013164 1.011419 0.000000 0.000000 0.000000 0.013892 0.999903
59.016629219 0.010168 1.009713 0.000000 0.000000 0.000000 0.013351 0.999911
59.106379747 0.010969 1.009037 0.000000 0.000000 0.000000 0.013137 0.999914
59.158839226 0.012533 1.008472 0.000000 0.000000 0.000000 0.012820 0.999918
59.239713192 0.010749 1.009218 0.000000 0.000000 0.000000 0.012702 0.999919
59.295119047 0.009860 1.008713 0.000000 0.000000 0.000000 0.012512 0.999922
59.400145054 0.010538 1.009372 0.000000 0.000000 0.000000 0.012595 0.999921
59.447155952 0.011391 1.008519 0.000000 0.000000 0.000000 0.012067 0.999927
59.543852329 0.009346 1.009435 0.000000 0.000000 0.000000 0.011930 0.999929
59.590034962 0.010515 1.008723 0.000000 0.000000 0.000000 0.011542 0.999933
59.665421247 0.010654 1.007731 0.000000 0.000000 0.000000 0.011402 0.999935
59.720851421 0.009067 1.008801 0.000000 0.000000 0.000000 0.011158 0.999938
59.805132151 0.008073 1.007622 0.000000 0.000000 0.000000 0.011555 0.999933
59.860359430 0.006928 1.006931 0.000000 0.000000 0.000000 0.011383 0.999935
59.957119226 0.005717 1.004488 0.000000 0.000000 0.000000 0.011277 0.999936
60.005816936 0.004072 1.002955 0.000000 0.000000 0.000000 0.011359 0.999935
60.089397669 0.003722 1.002855 0.000000 0.000000 0.000000 0.010896 0.999941
60.138172865 0.003501 1.000646 0.000000 0.000000 0.000000 0.010567 0.999944
60.220950127 0.002936 0.999330 0.000000 0.000000 0.000000 0.010538 0.999944
60.272440672 0.002513 1.000191 0.000000 0.000000 0.000000 0.010656 0.999943
60.365985632 0.002331 1.000268 0.000000 0.000000 0.000000 0.010522 0.999945
60.419920921 0.000344 1.000020 0.000000 0.000000 0.000000 0.010455 0.999945
60.517887354 -0.001816 1.002092 0.000000 0.000000 0.000000 0.010191 0.999948
60.576246977 -0.002290 1.002226 0.000000 0.000000 0.000000 0.009949 0.999951
60.661265135 -0.003897 1.002708 0.000000 0.000000 0.000000 0.009905 0.999951
60.720116138 -0.004780 1.002862 0.000000 0.000000 0.000000 0.010047 0.999950
60.806773424 -0.005442 1.000840 0.000000 0.000000 0.000000 0.009918 0.999951
60.856551170 -0.006195 1.002046 0.000000 0.000000 0.000000 0.010350 0.999946
60.954911470 -0.006119 1.002626 0.000000 0.000000 0.000000 0.010466 0.999945
61.012297630 -0.006760 1.002471 0.000000 0.000000 0.000000 0.010288 0.999947
61.109639168 -0.006968 1.002217 0.000000 0.000000 0.000000 0.010131 0.999949
61.157109976 -0.010762 0.996583 0.000000 0.000000 0.000000 0.010114 0.999949
61.239634752 -0.011232 0.994834 0.000000 0.000000 0.000000 0.010220 0.999948
61.291578770 -0.011182 0.993959 0.000000 0.000000 0.000000 0.010583 0.999944
61.377224922 -0.011518 0.993801 0.000000 0.000000 0.000000 0.010299 0.999947
61.424571276 -0.011448 0.993666 0.000000 0.000000 0.000000 0.010713 0.999943
61.517945051 -0.010983 0.992251 0.000000 0.000000 0.000000 0.010520 0.999945
61.571182013 -0.010861 0.990614 0.000000 0.000000 0.000000 0.010795 0.999942
61.674693108 -0.010038 0.988643 0.000000 0.000000 0.000000 0.010580 0.999944
61.731230259 -0.009318 0.988101 0.000000 0.000000 0.000000 0.010576 0.999944
61.823836803 -0.008910 0.988319 0.000000 0.000000 0.000000 0.010439 0.999946
61.867137194 -0.009033 0.989757 0.000000 0.000000 0.000000 0.010281 0.999947
61.957184315 -0.009749 0.988140 0.000000 0.000000 0.000000 0.009865 0.999951
62.007257462 -0.009559 0.988907 0.000000 0.000000 0.000000 0.009820 0.999952
62.096065044 -0.010943 0.991432 0.000000 0.000000 0.000000 0.009848 0.999952
62.149833441 -0.010703 0.992745 0.000000 0.000000 0.000000 0.010134 0.999949
62.231528997 0.004127 0.995042 0.000000 0.000000 0.000000 0.011126 0.999938
62.288254261 0.015127 0.995563 0.000000 0.000000 0.000000 0.011416 0.999935
62.372793436 0.029778 0.993942 0.000000 0.000000 0.000000 0.011265 0.999937
62.437046528 0.039818 0.993400 0.000000 0.000000 0.000000 0.011211 0.999937
62.518205643 0.052979 0.991376 0.000000 0.000000 0.000000 0.011637 0.999932
62.573649645 0.060712 0.991624 0.000000 0.000000 0.000000 0.011530 0.999934
62.658019066 0.074576 0.994061 0.000000 0.000000 0.000000 0.011795 0.999930
62.708748341 0.083032 0.995282 0.000000 0.000000 0.000000 0.012373 0.999923
62.802901506 0.098514 0.995729 0.000000 0.000000 0.000000 0.012359 0.999924
62.862125397 0.108901 0.996056 0.000000 0.000000 0.000000 0.012556 0.999921
62.944721937 0.122386 0.995795 0.000000 0.000000 0.000000 0.012460 0.999922
63.001682520 0.133053 0.996174 0.000000 0.000000 0.000000 0.012644 0.999920
63.096352816 0.150336 0.995358 0.000000 0.000000 0.000000 0.012660 0.999920
63.140980959 0.158605 0.993946 0.000000 0.000000 0.000000 0.013504 0.999909
63.224403381 0.172783 0.995363 0.000000 0.000000 0.000000 0.013812 0.999905
63.278097630 0.182150 0.997756 0.000000 0.000000 0.000000 0.013948 0.999903
63.378735542 0.200828 0.998893 0.000000 0.000000 0.000000 0.013665 0.999907
63.429337263 0.209751 0.999554 0.000000 0.000000 0.000000 0.013693 0.999906
63.507558107 0.223121 0.998842 0.000000 0.000000 0.000000 0.013937 0.999903
63.561244726 0.231390 0.999342 0.000000 0.000000 0.000000 0.014368 0.999897
63.651183605 0.243320 0.999981 0.000000 0.000000 0.000000 0.015120 0.999886
63.722069025 0.254527 1.001679 0.000000 0.000000 0.000000 0.015325 0.999883
63.818211794 0.272006 1.002677 0.000000 0.000000 0.000000 0.015722 0.999876
63.867984533 0.279643 1.003669 0.000000 0.000000 0.000000 0.015701 0.999877
63.954170942 0.295597 1.002401 0.000000 0.000000 0.000000 0.016039 0.999871
64.007827759 0.305258 1.004645 0.000000 0.000000 0.000000 0.015870 0.999874
64.098969221 0.319831 1.003539 0.000000 0.000000 0.000000 0.015983 0.999872
64.150251389 0.329969 1.002348 0.000000 0.000000 0.000000 0.015811 0.999875
64.240028858 0.344053 1.003304 0.000000 0.000000 0.000000 0.015991 0.999872
64.291742325 0.351904 1.005429 0.000000 0.000000 0.000000 0.016436 0.999865
64.384911537 0.367360 1.006758 0.000000 0.000000 0.000000 0.016391 0.999866
64.438662767 0.376498 1.005247 0.000000 0.000000 0.000000 0.016681 0.999861
64.529100657 0.389562 1.004610 0.000000 0.000000 0.000000 0.016897 0.999857
64.581606388 0.398772 1.005352 0.000000 0.000000 0.000000 0.016932 0.999857
64.666499376 0.411163 1.008149 0.000000 0.000000 0.000000 0.017037 0.999855
64.719514608 0.419439 1.009513 0.000000 0.000000 0.000000 0.016961 0.999856
64.801486015 0.432594 1.011423 0.000000 0.000000 0.000000 0.016897 0.999857
64.853920698 0.442225 1.012409 0.000000 0.000000 0.000000 0.016991 0.999856
64.943417788 0.455459 1.015893 0.000000 0.000000 0.000000 0.017637 0.999844
64.995023489 0.463294 1.017793 0.000000 0.000000 0.000000 0.017820 0.999841
65.076430798 0.476258 1.018955 0.000000 0.000000 0.000000 0.017929 0.999839
65.137303352 0.486691 1.019477 0.000000 0.000000 0.000000 0.017601 0.999845
65.235720634 0.503982 1.019191 0.000000 0.000000 0.000000 0.017501 0.999847
65.286878586 0.512442 1.016563 0.000000 0.000000 0.000000 0.017752 0.999842
65.388996363 0.529787 1.016316 0.000000 0.000000 0.000000 0.017974 0.999838
65.443364143 0.537415 1.015071 0.000000 0.000000 0.000000 0.017804 0.999841
65.533442974 0.551575 1.014685 0.000000 0.000000 0.000000 0.017588 0.999845
65.583643198 0.558770 1.015745 0.000000 0.000000 0.000000 0.017249 0.999851
65.666572094 0.571451 1.016097 0.000000 0.000000 0.000000 0.017751 0.999842
65.718314648 0.581140 1.016343 0.000000 0.000000 0.000000 0.017780 0.999842
65.813969851 0.595964 1.017387 0.000000 0.000000 0.000000 0.017662 0.999844
65.860479355 0.603164 1.017004 0.000000 0.000000 0.000000 0.017960 0.999839
65.949100494 0.618335 1.017698 0.000000 0.000000 0.000000 0.018593 0.999827
66.006313324 0.628336 1.019437 0.000000 0.000000 0.000000 0.019137 0.999817
66.091695070 0.642652 1.020086 0.000000 0.000000 0.000000 0.019374 0.999812
66.150105000 0.651675 1.021410 0.000000 0.000000 0.000000 0.019654 0.999807
66.245607138 0.667318 1.022270 0.000000 0.000000 0.000000 0.019422 0.999811
66.289936066 0.673844 1.022505 0.000000 0.000000 0.000000 0.019348 0.999813
66.374847174 0.687470 1.025255 0.000000 0.000000 0.000000 0.019146 0.999817
66.427448988 0.693798 1.025279 0.000000 0.000000 0.000000 0.018982 0.999820
66.515174389 0.706564 1.025607 0.000000 0.000000 0.000000 0.019063 0.999818
66.565155268 0.714097 1.024933 0.000000 0.000000 0.000000 0.018941 0.999821
66.668905973 0.730740 1.023889 0.000000 0.000000 0.000000 0.019148 0.999817
66.720251560 0.738535 1.024436 0.000000 0.000000 0.000000 0.018627 0.999827
66.818524122 0.755849 1.024141 0.000000 0.000000 0.000000 0.019040 0.999819
66.862034321 0.764469 1.025993 0.000000 0.000000 0.000000 0.019327 0.999813
66.948162079 0.779141 1.026932 0.000000 0.000000 0.000000 0.019764 0.999805
66.998103142 0.788726 1.030481 0.000000 0.000000 0.000000 0.019850 0.999803
67.100195885 0.805493 1.032131 0.000000 0.000000 0.000000 0.020310 0.999794
67.157076359 0.816434 1.034413 0.000000 0.000000 0.000000 0.020435 0.999791
67.269846916 0.834855 1.033586 0.000000 0.000000 0.000000 0.020418 0.999792
67.325706720 0.844925 1.032888 0.000000 0.000000 0.000000 0.020431 0.999791
67.417520761 0.860844 1.032620 0.000000 0.000000 0.000000 0.020907 0.999781
67.475314379 0.867855 1.035859 0.000000 0.000000 0.000000 0.020901 0.999782
67.587245464 0.886128 1.036156 0.000000 0.000000 0.000000 0.021161 0.999776
67.657504320 0.899183 1.037069 0.000000 0.000000 0.000000 0.020859 0.999782
67.744100571 0.915129 1.036867 0.000000 0.000000 0.000000 0.021255 0.999774
67.809964418 0.927216 1.038374 0.000000 0.000000 0.000000 0.021432 0.999770
67.907867193 0.945574 1.040657 0.000000 0.000000 0.000000 0.021999 0.999758
67.955658197 0.954224 1.042189 0.000000 0.000000 0.000000 0.021812 0.999762
68.043772697 0.968575 1.043786 0.000000 0.000000 0.000000 0.021821 0.999762
68.092056751 0.976432 1.045241 0.000000 0.000000 0.000000 0.021868 0.999761
68.198954105 0.994409 1.046587 0.000000 0.000000 0.000000 0.022204 0.999753
68.239401817 1.001501 1.048195 0.000000 0.000000 0.000000 0.022249 0.999752
68.334116697 1.017746 1.050287 0.000000 0.000000 0.000000 0.022412 0.999749
68.393169165 1.028178 1.051510 0.000000 0.000000 0.000000 0.022801 0.999740
68.488315105 1.046609 1.053534 0.000000 0.000000 0.000000 0.023613 0.999721
68.548655272 1.057260 1.055132 0.000000 0.000000 0.000000 0.023301 0.999728
68.628951550 1.069652 1.055346 0.000000 0.000000 0.000000 0.023201 0.999731
68.688163757 1.080718 1.055761 0.000000 0.000000 0.000000 0.023392 0.999726
68.771270037 1.098380 1.054961 0.000000 0.000000 0.000000 0.023651 0.999720
68.824939728 1.106950 1.054231 0.000000 0.000000 0.000000 0.023700 0.999719
68.927378178 1.124608 1.053443 0.000000 0.000000 0.000000 0.023970 0.999713
68.988554239 1.136098 1.054334 0.000000 0.000000 0.000000 0.024038 0.999711
69.091393948 1.153179 1.056010 0.000000 0.000000 0.000000 0.024697 0.999695
69.142657280 1.162480 1.055501 0.000000 0.000000 0.000000 0.024777 0.999693
69.226943970 1.177300 1.055998 0.000000 0.000000 0.000000 0.024995 0.999688
69.291504383 1.187628 1.055181 0.000000 0.000000 0.000000 0.024674 0.999696
69.395749092 1.205832 1.055880 0.000000 0.000000 0.000000 0.024687 0.999695
69.444655418 1.215041 1.058873 0.000000 0.000000 0.000000 0.024998 0.999687
69.543005466 1.232570 1.058098 0.000000 0.000000 0.000000 0.024997 0.999688
69.595045090 1.240770 1.057743 0.000000 0.000000 0.000000 0.025125 0.999684
69.695927858 1.257735 1.059964 0.000000 0.000000 0.000000 0.025514 0.999674
69.753221989 1.266825 1.060452 0.000000 0.000000 0.000000 0.025586 0.999673
69.852281094 1.283837 1.061112 0.000000 0.000000 0.000000 0.025901 0.999665
69.909631014 1.294325 1.060483 0.000000 0.000000 0.000000 0.026221 0.999656
70.003495455 1.312204 1.061575 0.000000 0.000000 0.000000 0.026505 0.999649
70.055417776 1.324157 1.061748 0.000000 0.000000 0.000000 0.026753 0.999642
70.137858391 1.339831 1.064388 0.000000 0.000000 0.000000 0.027107 0.999633
70.199167728 1.350719 1.065689 0.000000 0.000000 0.000000 0.027383 0.999625
70.302878618 1.369378 1.066299 0.000000 0.000000 0.000000 0.027511 0.999622
70.369396687 1.381942 1.067782 0.000000 0.000000 0.000000 0.027689 0.999617
70.461210728 1.399168 1.067958 0.000000 0.000000 0.000000 0.027591 0.999619
70.509778738 1.409931 1.068419 0.000000 0.000000 0.000000 0.027974 0.999609
70.599387646 1.426233 1.069067 0.000000 0.000000 0.000000 0.028452 0.999595
70.656033039 1.435552 1.072429 0.000000 0.000000 0.000000 0.028287 0.999600
70.768153429 1.457541 1.075080 0.000000 0.000000 0.000000 0.028500 0.999594
70.815999985 1.468758 1.076077 0.000000 0.000000 0.000000 0.027954 0.999609
70.900581121 1.486083 1.076763 0.000000 0.000000 0.000000 0.028235 0.999601
70.955633402 1.495773 1.078829 0.000000 0.000000 0.000000 0.027997 0.999608
71.042252779 1.510657 1.080289 0.000000 0.000000 0.000000 0.028350 0.999598
71.103641987 1.521173 1.079236 0.000000 0.000000 0.000000 0.028092 0.999605
71.186776161 1.537390 1.079656 0.000000 0.000000 0.000000 0.028027 0.999607
71.250498533 1.548076 1.081657 0.000000 0.000000 0.000000 0.028199 0.999602
71.341936827 1.555556 1.080876 0.000000 0.000000 0.000000 0.034664 0.999399
71.393325806 1.559849 1.080069 0.000000 0.000000 0.000000 0.037953 0.999280
71.487019539 1.562953 1.077928 0.000000 0.000000 0.000000 0.044187 0.999023
71.537977695 1.561845 1.075694 0.000000 0.000000 0.000000 0.046956 0.998897
71.626116753 1.564607 1.072288 0.000000 0.000000 0.000000 0.051966 0.998649
71.682151079 1.564255 1.069596 0.000000 0.000000 0.000000 0.055104 0.998481
71.763496399 1.566562 1.072218 0.000000 0.000000 0.000000 0.061021 0.998136
71.820455313 1.566216 1.072437 0.000000 0.000000 0.000000 0.064693 0.997905
71.918866396 1.569570 1.072219 0.000000 0.000000 0.000000 0.071345 0.997452
71.975845575 1.568294 1.070507 0.000000 0.000000 0.000000 0.074901 0.997191
72.068582535 1.562696 1.070909 0.000000 0.000000 0.000000 0.078724 0.996896
72.122643709 1.562337 1.070843 0.000000 0.000000 0.000000 0.082213 0.996615
72.217851877 1.577291 1.073257 0.000000 0.000000 0.000000 0.082372 0.996602
72.265589714 1.583832 1.073657 0.000000 0.000000 0.000000 0.082218 0.996614
72.354194641 1.599602 1.076401 0.000000 0.000000 0.000000 0.082043 0.996629
72.403216600 1.606789 1.079822 0.000000 0.000000 0.000000 0.081523 0.996671
72.504085302 1.624747 1.083438 0.000000 0.000000 0.000000 0.081693 0.996658
72.559812546 1.636102 1.086515 0.000000 0.000000 0.000000 0.081636 0.996662
72.641114473 1.649102 1.087944 0.000000 0.000000 0.000000 0.081971 0.996635
72.695553064 1.659691 1.091419 0.000000 0.000000 0.000000 0.081810 0.996648
72.784453154 1.676088 1.093473 0.000000 0.000000 0.000000 0.081863 0.996644
72.839464188 1.679304 1.095754 0.000000 0.000000 0.000000 0.085349 0.996351
72.931765556 1.684016 1.096833 0.000000 0.000000 0.000000 0.090013 0.995941
72.986810684 1.687477 1.096978 0.000000 0.000000 0.000000 0.093659 0.995604
73.071648121 1.694164 1.095873 0.000000 0.000000 0.000000 0.099038 0.995084
73.129702330 1.693652 1.095961 0.000000 0.000000 0.000000 0.103181 0.994663
73.227200508 1.695353 1.096084 0.000000 0.000000 0.000000 0.110339 0.993894
73.271549940 1.693010 1.095799 0.000000 0.000000 0.000000 0.112956 0.993600
73.365193605 1.708191 1.095579 0.000000 0.000000 0.000000 0.112886 0.993608
73.410813332 1.715498 1.096345 0.000000 0.000000 0.000000 0.112850 0.993612
73.495560646 1.729863 1.099563 0.000000 0.000000 0.000000 0.112790 0.993619
73.549853325 1.738892 1.103626 0.000000 0.000000 0.000000 0.112811 0.993616
73.635336399 1.752567 1.107573 0.000000 0.000000 0.000000 0.112717 0.993627
73.700213671 1.763422 1.112392 0.000000 0.000000 0.000000 0.112439 0.993659
73.794411182 1.779573 1.117414 0.000000 0.000000 0.000000 0.112592 0.993641
73.851395130 1.789205 1.122791 0.000000 0.000000 0.000000 0.112886 0.993608
73.934927464 1.803526 1.128030 0.000000 0.000000 0.000000 0.112933 0.993603
73.994324923 1.808124 1.132618 0.000000 0.000000 0.000000 0.116463 0.993195
74.076428652 1.812080 1.135335 0.000000 0.000000 0.000000 0.122133 0.992514
74.138641834 1.814086 1.135513 0.000000 0.000000 0.000000 0.126353 0.991985
74.232690811 1.816107 1.133818 0.000000 0.000000 0.000000 0.133107 0.991102
74.284757137 1.816189 1.132728 0.000000 0.000000 0.000000 0.136763 0.990604
74.368963718 1.817379 1.133510 0.000000 0.000000 0.000000 0.142101 0.989852
74.424954653 1.818159 1.133109 0.000000 0.000000 0.000000 0.145909 0.989298
74.512892008 1.817225 1.128438 0.000000 0.000000 0.000000 0.151380 0.988476
74.568120718 1.822652 1.129001 0.000000 0.000000 0.000000 0.151338 0.988482
74.659038782 1.835652 1.131921 0.000000 0.000000 0.000000 0.151253 0.988495
74.720528126 1.846985 1.135076 0.000000 0.000000 0.000000 0.151114 0.988516
74.807915449 1.860806 1.140621 0.000000 0.000000 0.000000 0.152007 0.988379
74.867791891 1.869241 1.146490 0.000000 0.000000 0.000000 0.152468 0.988308
74.956265450 1.884568 1.152721 0.000000 0.000000 0.000000 0.152859 0.988248
75.006022692 1.893231 1.158430 0.000000 0.000000 0.000000 0.152818 0.988254
75.093890429 1.905791 1.166068 0.000000 0.000000 0.000000 0.152669 0.988277
75.151803017 1.916937 1.169541 0.000000 0.000000 0.000000 0.152791 0.988259
75.237923384 1.930711 1.176316 0.000000 0.000000 0.000000 0.152573 0.988292
75.289012432 1.940112 1.180348 0.000000 0.000000 0.000000 0.152609 0.988287
75.377345324 1.957887 1.184141 0.000000 0.000000 0.000000 0.152722 0.988269
75.433693886 1.966965 1.188229 0.000000 0.000000 0.000000 0.152781 0.988260
75.537194490 1.983805 1.194061 0.000000 0.000000 0.000000 0.152813 0.988255
75.586070776 1.989959 1.195857 0.000000 0.000000 0.000000 0.152690 0.988274
75.689361572 2.008138 1.201001 0.000000 0.000000 0.000000 0.152923 0.988238
75.744805098 2.017689 1.203784 0.000000 0.000000 0.000000 0.152747 0.988265
75.826009274 2.029708 1.205044 0.000000 0.000000 0.000000 0.152739 0.988267
75.899021864 2.035837 1.206557 0.000000 0.000000 0.000000 0.157988 0.987441
75.992537260 2.040149 1.206407 0.000000 0.000000 0.000000 0.164649 0.986352
76.056124210 2.043632 1.205847 0.000000 0.000000 0.000000 0.169005 0.985615
76.141805172 2.047201 1.202615 0.000000 0.000000 0.000000 0.174403 0.984674
76.196712971 2.049306 1.202761 0.000000 0.000000 0.000000 0.178391 0.983960
76.279946327 2.053582 1.201479 0.000000 0.000000 0.000000 0.183716 0.982979
76.336917877 2.056004 1.202481 0.000000 0.000000 0.000000 0.188050 0.982159
76.431858301 2.059226 1.200405 0.000000 0.000000 0.000000 0.194357 0.980931
76.487337351 2.062583 1.201050 0.000000 0.000000 0.000000 0.194157 0.980971
76.576975346 2.076664 1.206322 0.000000 0.000000 0.000000 0.194052 0.980991
76.635664701 2.085127 1.209213 0.000000 0.000000 0.000000 0.193793 0.981042
76.736702204 2.102006 1.215634 0.000000 0.000000 0.000000 0.193705 0.981060
76.784813404 2.111571 1.218025 0.000000 0.000000 0.000000 0.193516 0.981097
76.872728825 2.126262 1.223074 0.000000 0.000000 0.000000 0.193520 0.981096
76.940669060 2.136125 1.225309 0.000000 0.000000 0.000000 0.193472 0.981106
77.039191484 2.152191 1.233504 0.000000 0.000000 0.000000 0.193651 0.981070
77.091496944 2.161251 1.240009 0.000000 0.000000 0.000000 0.193553 0.981090
77.178045034 2.166127 1.243001 0.000000 0.000000 0.000000 0.199715 0.979854
77.233334064 2.168871 1.244293 0.000000 0.000000 0.000000 0.203356 0.979105
77.321522951 2.172647 1.244967 0.000000 0.000000 0.000000 0.209111 0.977892
77.385615587 2.172583 1.245642 0.000000 0.000000 0.000000 0.213609 0.976919
77.482558012 2.182533 1.250143 0.000000 0.000000 0.000000 0.213531 0.976936
77.535058022 2.190098 1.254320 0.000000 0.000000 0.000000 0.213342 0.976978
77.635596514 2.205635 1.262907 0.000000 0.000000 0.000000 0.213496 0.976944
77.687636852 2.213259 1.267435 0.000000 0.000000 0.000000 0.213257 0.976996
77.783472538 2.227119 1.276003 0.000000 0.000000 0.000000 0.213079 0.977035
77.833787918 2.235046 1.279416 0.000000 0.000000 0.000000 0.212968 0.977059
77.940711260 2.252470 1.288918 0.000000 0.000000 0.000000 0.213350 0.976976
77.985099792 2.262185 1.295144 0.000000 0.000000 0.000000 0.213377 0.976970
78.074628830 2.277703 1.304251 0.000000 0.000000 0.000000 0.213442 0.976956
78.126539230 2.287785 1.310380 0.000000 0.000000 0.000000 0.213323 0.976982
78.225707769 2.293411 1.313026 0.000000 0.000000 0.000000 0.220182 0.975459
78.287621975 2.296383 1.309759 0.000000 0.000000 0.000000 0.223866 0.974620
78.371752024 2.309603 1.311155 0.000000 0.000000 0.000000 0.223294 0.974751
78.425225496 2.317381 1.311426 0.000000 0.000000 0.000000 0.223463 0.974712
78.525620699 2.333290 1.319747 0.000000 0.000000 0.000000 0.223585 0.974685
78.588539600 2.342510 1.323735 0.000000 0.000000 0.000000 0.223808 0.974633
78.670593977 2.357073 1.329427 0.000000 0.000000 0.000000 0.224124 0.974561
78.735427380 2.368385 1.335171 0.000000 0.000000 0.000000 0.224407 0.974496
78.827690363 2.383229 1.345428 0.000000 0.000000 0.000000 0.224745 0.974418
78.889282465 2.392275 1.354170 0.000000 0.000000 0.000000 0.224496 0.974475
78.986895561 2.408651 1.362068 0.000000 0.000000 0.000000 0.224330 0.974513
79.038242817 2.418176 1.368227 0.000000 0.000000 0.000000 0.224636 0.974443
79.133278370 2.421206 1.370147 0.000000 0.000000 0.000000 0.230935 0.972969
79.188038111 2.423096 1.371354 0.000000 0.000000 0.000000 0.234160 0.972198
79.274859905 2.425965 1.369886 0.000000 0.000000 0.000000 0.240561 0.970634
79.325020790 2.429655 1.369245 0.000000 0.000000 0.000000 0.240906 0.970548
79.419587612 2.444941 1.377411 0.000000 0.000000 0.000000 0.241312 0.970447
79.476016521 2.453128 1.382433 0.000000 0.000000 0.000000 0.241179 0.970481
79.572896481 2.467102 1.389126 0.000000 0.000000 0.000000 0.241331 0.970443
79.625355482 2.474161 1.392732 0.000000 0.000000 0.000000 0.241348 0.970439
79.715934038 2.489147 1.399709 0.000000 0.000000 0.000000 0.241071 0.970508
79.766192913 2.498484 1.404295 0.000000 0.000000 0.000000 0.240803 0.970574
79.851100206 2.512730 1.412339 0.000000 0.000000 0.000000 0.240536 0.970640
79.911969662 2.521679 1.420094 0.000000 0.000000 0.000000 0.240277 0.970704
80.005322218 2.536923 1.431137 0.000000 0.000000 0.000000 0.239904 0.970797
80.049822092 2.545553 1.434657 0.000000 0.000000 0.000000 0.240030 0.970765
80.144307137 2.560982 1.442592 0.000000 0.000000 0.000000 0.240465 0.970658
80.194717646 2.569389 1.447332 0.000000 0.000000 0.000000 0.240534 0.970641
80.283586025 2.574725 1.448493 0.000000 0.000000 0.000000 0.246350 0.969181
80.339012861 2.577927 1.449641 0.000000 0.000000 0.000000 0.250356 0.968154
80.432806969 2.583198 1.451645 0.000000 0.000000 0.000000 0.255680 0.966762
80.481657505 2.585603 1.448519 0.000000 0.000000 0.000000 0.259017 0.965873
80.570667744 2.587817 1.447584 0.000000 0.000000 0.000000 0.264900 0.964276
80.629180193 2.591030 1.444874 0.000000 0.000000 0.000000 0.268939 0.963157
80.725515127 2.595713 1.443935 0.000000 0.000000 0.000000 0.274168 0.961682
80.785824299 2.596411 1.441253 0.000000 0.000000 0.000000 0.278438 0.960454
80.885531425 2.597296 1.438995 0.000000 0.000000 0.000000 0.284854 0.958571
80.931448936 2.600074 1.438295 0.000000 0.000000 0.000000 0.287625 0.957743
81.023196459 2.610306 1.443062 0.000000 0.000000 0.000000 0.287743 0.957708
81.074112654 2.615965 1.446097 0.000000 0.000000 0.000000 0.287570 0.957760
81.169610262 2.630351 1.457051 0.000000 0.000000 0.000000 0.287610 0.957748
81.221564293 2.637100 1.462731 0.000000 0.000000 0.000000 0.287630 0.957742
81.317089081 2.653114 1.472068 0.000000 0.000000 0.000000 0.287957 0.957643
81.373459816 2.662668 1.477187 0.000000 0.000000 0.000000 0.288264 0.957551
81.468533754 2.676515 1.488738 0.000000 0.000000 0.000000 0.288208 0.957568
81.523016691 2.686934 1.496849 0.000000 0.000000 0.000000 0.288280 0.957546
81.598726511 2.699579 1.507400 0.000000 0.000000 0.000000 0.288339 0.957528
81.657386780 2.705572 1.510388 0.000000 0.000000 0.000000 0.291971 0.956427
81.743980408 2.710898 1.511852 0.000000 0.000000 0.000000 0.297450 0.954737
81.802433014 2.709225 1.511334 0.000000 0.000000 0.000000 0.300132 0.953898
81.892469883 2.710979 1.511330 0.000000 0.000000 0.000000 0.306051 0.952015
81.951400280 2.711100 1.508629 0.000000 0.000000 0.000000 0.309106 0.951028
82.051398516 2.714674 1.507315 0.000000 0.000000 0.000000 0.315991 0.948762
82.098116398 2.715503 1.504395 0.000000 0.000000 0.000000 0.318989 0.947759
82.188131332 2.725247 1.512359 0.000000 0.000000 0.000000 0.319165 0.947699
82.248149872 2.733454 1.516416 0.000000 0.000000 0.000000 0.319472 0.947596
82.336132288 2.749088 1.523600 0.000000 0.000000 0.000000 0.319417 0.947614
82.396090031 2.758298 1.530594 0.000000 0.000000 0.000000 0.319624 0.947544
82.493404388 2.771365 1.543073 0.000000 0.000000 0.000000 0.319845 0.947470
82.545469284 2.779086 1.549379 0.000000 0.000000 0.000000 0.320003 0.947416
82.645762682 2.790969 1.561650 0.000000 0.000000 0.000000 0.320171 0.947360
82.703368902 2.797890 1.568853 0.000000 0.000000 0.000000 0.320455 0.947264
82.786747932 2.810940 1.579541 0.000000 0.000000 0.000000 0.320428 0.947273
82.854153395 2.821109 1.585931 0.000000 0.000000 0.000000 0.320133 0.947373
82.943068027 2.833638 1.595126 0.000000 0.000000 0.000000 0.320039 0.947404
83.009804964 2.844713 1.603353 0.000000 0.000000 0.000000 0.320294 0.947318
83.085191727 2.856055 1.611382 0.000000 0.000000 0.000000 0.320505 0.947247
83.153803349 2.865507 1.617050 0.000000 0.000000 0.000000 0.320649 0.947198
83.241653681 2.879313 1.624647 0.000000 0.000000 0.000000 0.320742 0.947167
83.297069788 2.884158 1.626270 0.000000 0.000000 0.000000 0.323603 0.946193
83.389735460 2.886941 1.628741 0.000000 0.000000 0.000000 0.329867 0.944027
83.453119040 2.888852 1.626650 0.000000 0.000000 0.000000 0.333807 0.942642
83.537900448 2.889856 1.623251 0.000000 0.000000 0.000000 0.338657 0.940910
83.597048283 2.888291 1.621780 0.000000 0.000000 0.000000 0.342559 0.939496
83.717325926 2.890979 1.620736 0.000000 0.000000 0.000000 0.350766 0.936463
83.749479055 2.888610 1.613141 0.000000 0.000000 0.000000 0.352495 0.935814
83.838826418 2.890285 1.611555 0.000000 0.000000 0.000000 0.358272 0.933617
83.901724577 2.891218 1.610113 0.000000 0.000000 0.000000 0.362146 0.932121
83.992516994 2.895487 1.609832 0.000000 0.000000 0.000000 0.367704 0.929943
84.051721573 2.897193 1.607311 0.000000 0.000000 0.000000 0.371503 0.928432
84.156426907 2.899068 1.606784 0.000000 0.000000 0.000000 0.378309 0.925679
84.200500965 2.901221 1.606211 0.000000 0.000000 0.000000 0.380928 0.924605
84.283172131 2.911055 1.614890 0.000000 0.000000 0.000000 0.380975 0.924586
84.341853619 2.920562 1.622814 0.000000 0.000000 0.000000 0.380710 0.924695
84.440338135 2.933063 1.635519 0.000000 0.000000 0.000000 0.380893 0.924619
84.490278244 2.938753 1.643537 0.000000 0.000000 0.000000 0.380811 0.924653
84.590413809 2.949637 1.653364 0.000000 0.000000 0.000000 0.381067 0.924548
84.637861252 2.949750 1.655259 0.000000 0.000000 0.000000 0.384066 0.923306
84.731191397 2.953149 1.656100 0.000000 0.000000 0.000000 0.389870 0.920870
84.795961142 2.955281 1.655378 0.000000 0.000000 0.000000 0.393188 0.919458
84.885035038 2.959769 1.651757 0.000000 0.000000 0.000000 0.397941 0.917411
84.942189693 2.964315 1.654050 0.000000 0.000000 0.000000 0.397649 0.917537
85.035698891 2.972745 1.659322 0.000000 0.000000 0.000000 0.397506 0.917599
85.087255955 2.979971 1.665668 0.000000 0.000000 0.000000 0.397336 0.917673
85.177431345 2.990513 1.679714 0.000000 0.000000 0.000000 0.397183 0.917740
85.234461546 2.998119 1.687337 0.000000 0.000000 0.000000 0.397505 0.917600
85.317269802 3.007904 1.700446 0.000000 0.000000 0.000000 0.397169 0.917745
85.371974707 3.012382 1.710580 0.000000 0.000000 0.000000 0.396972 0.917831
85.478625298 3.017383 1.711428 0.000000 0.000000 0.000000 0.403856 0.914822
85.528799295 3.019673 1.710589 0.000000 0.000000 0.000000 0.407094 0.913386
85.623463392 3.023379 1.709154 0.000000 0.000000 0.000000 0.412139 0.911121
85.673765659 3.025432 1.709396 0.000000 0.000000 0.000000 0.415522 0.909583
85.763669968 3.035895 1.717156 0.000000 0.000000 0.000000 0.415408 0.909635
85.820935726 3.041186 1.722337 0.000000 0.000000 0.000000 0.415139 0.909758
85.910727024 3.052788 1.733624 0.000000 0.000000 0.000000 0.414739 0.909940
85.964876890 3.058012 1.739117 0.000000 0.000000 0.000000 0.414758 0.909932
86.051109076 3.067714 1.749995 0.000000 0.000000 0.000000 0.414887 0.909873
86.103527308 3.074071 1.757260 0.000000 0.000000 0.000000 0.414877 0.909877
86.201452255 3.085778 1.771324 0.000000 0.000000 0.000000 0.414984 0.909829
86.242657185 3.089974 1.778447 0.000000 0.000000 0.000000 0.415295 0.909687
86.334985495 3.100729 1.788960 0.000000 0.000000 0.000000 0.415592 0.909551
86.382092714 3.102925 1.788719 0.000000 0.000000 0.000000 0.418609 0.908167
86.472083092 3.104174 1.791026 0.000000 0.000000 0.000000 0.423194 0.906039
86.523828268 3.103287 1.789856 0.000000 0.000000 0.000000 0.425532 0.904944
86.615870237 3.104420 1.790216 0.000000 0.000000 0.000000 0.431131 0.902289
86.670076370 3.105344 1.787670 0.000000 0.000000 0.000000 0.434346 0.900746
86.774803400 3.118292 1.796521 0.000000 0.000000 0.000000 0.434049 0.900889
86.820199966 3.122881 1.800971 0.000000 0.000000 0.000000 0.433896 0.900963
86.919469357 3.134087 1.813563 0.000000 0.000000 0.000000 0.434175 0.900829
86.967871189 3.139756 1.819399 0.000000 0.000000 0.000000 0.433930 0.900947
87.056761026 3.150285 1.830075 0.000000 0.000000 0.000000 0.434084 0.900873
87.109259605 3.155382 1.837857 0.000000 0.000000 0.000000 0.433837 0.900991
87.192007065 3.163705 1.848586 0.000000 0.000000 0.000000 0.433283 0.901258
87.253980637 3.170180 1.854991 0.000000 0.000000 0.000000 0.433307 0.901246
87.349741697 3.175154 1.858809 0.000000 0.000000 0.000000 0.439412 0.898286
87.405018091 3.177340 1.861941 0.000000 0.000000 0.000000 0.442220 0.896907
87.485984564 3.180595 1.864950 0.000000 0.000000 0.000000 0.447179 0.894445
87.543567896 3.179484 1.863631 0.000000 0.000000 0.000000 0.450785 0.892633
87.634330273 3.178672 1.866471 0.000000 0.000000 0.000000 0.456082 0.889938
87.686902761 3.177552 1.867093 0.000000 0.000000 0.000000 0.459290 0.888286
87.787247896 3.177988 1.868902 0.000000 0.000000 0.000000 0.464908 0.885359
87.837472916 3.182108 1.869792 0.000000 0.000000 0.000000 0.465168 0.885223
87.916748285 3.190946 1.880682 0.000000 0.000000 0.000000 0.465395 0.885103
87.986268759 3.196402 1.891019 0.000000 0.000000 0.000000 0.465430 0.885085
88.086726427 3.205905 1.904640 0.000000 0.000000 0.000000 0.465727 0.884929
88.150101423 3.210314 1.911116 0.000000 0.000000 0.000000 0.465419 0.885090
88.240933418 3.213210 1.914163 0.000000 0.000000 0.000000 0.470788 0.882246
88.297403812 3.216534 1.914700 0.000000 0.000000 0.000000 0.474164 0.880436
88.386169910 3.220165 1.914347 0.000000 0.000000 0.000000 0.479594 0.877491
88.450335503 3.219843 1.913631 0.000000 0.000000 0.000000 0.482709 0.875781
88.535275698 3.222320 1.913265 0.000000 0.000000 0.000000 0.487465 0.873142
88.605426788 3.220186 1.908783 0.000000 0.000000 0.000000 0.490366 0.871516
88.683759212 3.222237 1.908010 0.000000 0.000000 0.000000 0.495275 0.868736
88.750116110 3.228524 1.912974 0.000000 0.000000 0.000000 0.495253 0.868749
88.851769447 3.238300 1.926849 0.000000 0.000000 0.000000 0.495392 0.868669
88.916266441 3.244915 1.938803 0.000000 0.000000 0.000000 0.495359 0.868689
89.002526760 3.253523 1.953540 0.000000 0.000000 0.000000 0.495724 0.868480
89.057895184 3.258082 1.959642 0.000000 0.000000 0.000000 0.495649 0.868523
89.140100241 3.265422 1.972437 0.000000 0.000000 0.000000 0.495803 0.868435
89.195465088 3.268236 1.976159 0.000000 0.000000 0.000000 0.499146 0.866518
89.289087772 3.270280 1.979850 0.000000 0.000000 0.000000 0.504044 0.863678
89.344048738 3.270224 1.979964 0.000000 0.000000 0.000000 0.507070 0.861905
89.440391302 3.270253 1.977708 0.000000 0.000000 0.000000 0.512761 0.858532
89.492968559 3.269133 1.971341 0.000000 0.000000 0.000000 0.515964 0.856610
89.607647657 3.276371 1.982112 0.000000 0.000000 0.000000 0.516189 0.856475
89.672281504 3.283191 1.993459 0.000000 0.000000 0.000000 0.516386 0.856356
89.768073082 3.288663 2.009983 0.000000 0.000000 0.000000 0.516354 0.856375
89.829360723 3.294310 2.021889 0.000000 0.000000 0.000000 0.516362 0.856370
89.918611765 3.301002 2.035607 0.000000 0.000000 0.000000 0.516490 0.856293
89.983339548 3.306251 2.047320 0.000000 0.000000 0.000000 0.516413 0.856340
90.075467348 3.314263 2.061469 0.000000 0.000000 0.000000 0.516384 0.856357
90.136802912 3.320141 2.071786 0.000000 0.000000 0.000000 0.515756 0.856735
90.217718840 3.328470 2.085093 0.000000 0.000000 0.000000 0.515673 0.856786
90.282570362 3.334236 2.098334 0.000000 0.000000 0.000000 0.515492 0.856894
90.377734184 3.342969 2.111316 0.000000 0.000000 0.000000 0.515609 0.856824
90.428593874 3.347644 2.119119 0.000000 0.000000 0.000000 0.515992 0.856594
90.510604858 3.356656 2.131582 0.000000 0.000000 0.000000 0.516126 0.856513
90.568803549 3.362305 2.143390 0.000000 0.000000 0.000000 0.515988 0.856596
90.669097900 3.370478 2.158599 0.000000 0.000000 0.000000 0.516027 0.856572
90.734403133 3.375376 2.170307 0.000000 0.000000 0.000000 0.515914 0.856640
90.817264557 3.382560 2.182666 0.000000 0.000000 0.000000 0.515784 0.856719
90.874949217 3.387128 2.192089 0.000000 0.000000 0.000000 0.515547 0.856861
90.977848291 3.397004 2.208215 0.000000 0.000000 0.000000 0.515154 0.857098
91.038990498 3.400852 2.219870 0.000000 0.000000 0.000000 0.515369 0.856969
91.132968187 3.407307 2.235079 0.000000 0.000000 0.000000 0.515454 0.856917
91.184181929 3.411741 2.242660 0.000000 0.000000 0.000000 0.515570 0.856847
91.277483940 3.419358 2.257215 0.000000 0.000000 0.000000 0.515846 0.856681
91.333750963 3.424052 2.265682 0.000000 0.000000 0.000000 0.515746 0.856742
91.435931683 3.432362 2.282227 0.000000 0.000000 0.000000 0.515612 0.856822
91.490885019 3.437761 2.292334 0.000000 0.000000 0.000000 0.515468 0.856909
91.596405983 3.447555 2.308524 0.000000 0.000000 0.000000 0.515319 0.856998
91.657889366 3.452902 2.317448 0.000000 0.000000 0.000000 0.515410 0.856944
91.744920015 3.462220 2.328433 0.000000 0.000000 0.000000 0.515352 0.856979
91.803375244 3.468214 2.338160 0.000000 0.000000 0.000000 0.515448 0.856921
91.889576912 3.476157 2.350054 0.000000 0.000000 0.000000 0.515590 0.856836
91.950321198 3.481000 2.359536 0.000000 0.000000 0.000000 0.515987 0.856596
92.040585995 3.487847 2.374745 0.000000 0.000000 0.000000 0.516346 0.856380
92.095539570 3.491799 2.382832 0.000000 0.000000 0.000000 0.516377 0.856362
92.180634975 3.498369 2.393990 0.000000 0.000000 0.000000 0.516303 0.856406
92.233907700 3.502561 2.400846 0.000000 0.000000 0.000000 0.515975 0.856603
92.324627161 3.510001 2.414298 0.000000 0.000000 0.000000 0.516147 0.856500
92.377721786 3.513098 2.423740 0.000000 0.000000 0.000000 0.516114 0.856520
92.477380037 3.520107 2.437592 0.000000 0.000000 0.000000 0.515994 0.856592
92.527386665 3.524580 2.443925 0.000000 0.000000 0.000000 0.516240 0.856444
92.615924358 3.531886 2.454122 0.000000 0.000000 0.000000 0.516382 0.856358
92.672314167 3.537827 2.460157 0.000000 0.000000 0.000000 0.516520 0.856275
92.773890257 3.546662 2.474336 0.000000 0.000000 0.000000 0.516208 0.856463
92.833395958 3.553886 2.483050 0.000000 0.000000 0.000000 0.515854 0.856676
92.924817085 3.560861 2.495544 0.000000 0.000000 0.000000 0.515226 0.857054
92.988978386 3.564857 2.508425 0.000000 0.000000 0.000000 0.515115 0.857121
93.100240469 3.572732 2.525105 0.000000 0.000000 0.000000 0.515365 0.856971
93.152472734 3.577701 2.533985 0.000000 0.000000 0.000000 0.515201 0.857070
93.248969555 3.588075 2.551018 0.000000 0.000000 0.000000 0.514774 0.857326
93.302347898 3.594380 2.558785 0.000000 0.000000 0.000000 0.514905 0.857247
93.402684212 3.604569 2.573815 0.000000 0.000000 0.000000 0.514996 0.857193
93.454676867 3.608119 2.580935 0.000000 0.000000 0.000000 0.515083 0.857140
93.552758694 3.617401 2.594202 0.000000 0.000000 0.000000 0.514979 0.857203
93.613630056 3.620854 2.601060 0.000000 0.000000 0.000000 0.514702 0.857369
93.707502604 3.628934 2.614604 0.000000 0.000000 0.000000 0.514420 0.857538
93.764230251 3.634305 2.626063 0.000000 0.000000 0.000000 0.514207 0.857666
93.873910427 3.643462 2.643289 0.000000 0.000000 0.000000 0.513717 0.857959
93.914932251 3.644218 2.650789 0.000000 0.000000 0.000000 0.513674 0.857986
94.005584240 3.649779 2.663530 0.000000 0.000000 0.000000 0.514006 0.857787
94.060539484 3.653449 2.672341 0.000000 0.000000 0.000000 0.514007 0.857786
94.156020403 3.663512 2.686793 0.000000 0.000000 0.000000 0.513454 0.858117
94.210253716 3.669099 2.697254 0.000000 0.000000 0.000000 0.513851 0.857879
94.306135893 3.678836 2.711979 0.000000 0.000000 0.000000 0.514009 0.857785
94.372974396 3.683705 2.722551 0.000000 0.000000 0.000000 0.513871 0.857868
94.471097946 3.691551 2.738998 0.000000 0.000000 0.000000 0.513747 0.857942
94.529613972 3.695248 2.747009 0.000000 0.000000 0.000000 0.513633 0.858010
94.627149820 3.704867 2.763024 0.000000 0.000000 0.000000 0.513712 0.857963
94.671769142 3.710142 2.770602 0.000000 0.000000 0.000000 0.513444 0.858123
94.763330460 3.719457 2.785963 0.000000 0.000000 0.000000 0.513619 0.858018
94.822440624 3.726774 2.795678 0.000000 0.000000 0.000000 0.513757 0.857936
94.912670851 3.732577 2.808616 0.000000 0.000000 0.000000 0.514041 0.857765
94.978972197 3.738963 2.819191 0.000000 0.000000 0.000000 0.513931 0.857832
95.068254471 3.746829 2.836023 0.000000 0.000000 0.000000 0.514399 0.857551
95.123470068 3.750313 2.847963 0.000000 0.000000 0.000000 0.513925 0.857835
95.210581541 3.758181 2.862894 0.000000 0.000000 0.000000 0.514154 0.857698
95.261231899 3.764146 2.872539 0.000000 0.000000 0.000000 0.513988 0.857797
95.358219862 3.772290 2.886230 0.000000 0.000000 0.000000 0.514409 0.857545
95.405269146 3.778584 2.893286 0.000000 0.000000 0.000000 0.514712 0.857363
95.495450497 3.778454 2.893732 0.000000 0.000000 0.000000 0.514695 0.857373
95.556711435 3.778548 2.893632 0.000000 0.000000 0.000000 0.514766 0.857331
95.654532194 3.777866 2.893740 0.000000 0.000000 0.000000 0.514835 0.857290
95.718507051 3.779659 2.893980 0.000000 0.000000 0.000000 0.514385 0.857560
95.809733868 3.780225 2.895266 0.000000 0.000000 0.000000 0.514048 0.857761
95.869915009 3.780199 2.895176 0.000000 0.000000 0.000000 0.513831 0.857891
95.968504429 3.779919 2.895571 0.000000 0.000000 0.000000 0.513858 0.857876
96.013655424 3.779301 2.897943 0.000000 0.000000 0.000000 0.513753 0.857938
96.105460644 3.779334 2.897963 0.000000 0.000000 0.000000 0.513552 0.858058
96.151817083 3.780715 2.900760 0.000000 0.000000 0.000000 0.513335 0.858188
96.249305487 3.781476 2.901950 0.000000 0.000000 0.000000 0.513654 0.857997
96.313171148 3.783098 2.900351 0.000000 0.000000 0.000000 0.513889 0.857857
96.411842108 3.782336 2.901803 0.000000 0.000000 0.000000 0.513909 0.857845
96.483254194 3.780994 2.903215 0.000000 0.000000 0.000000 0.513844 0.857884
96.576039553 3.782678 2.903919 0.000000 0.000000 0.000000 0.513888 0.857857
96.634468794 3.782839 2.903812 0.000000 0.000000 0.000000 0.513963 0.857813
96.723625898 3.783512 2.903735 0.000000 0.000000 0.000000 0.513987 0.857798
96.781600475 3.783741 2.904087 0.000000 0.000000 0.000000 0.514227 0.857654
96.866395235 3.785483 2.905647 0.000000 0.000000 0.000000 0.514069 0.857749
96.921135187 3.785818 2.906576 0.000000 0.000000 0.000000 0.513995 0.857793
97.019036293 3.786336 2.908241 0.000000 0.000000 0.000000 0.513869 0.857869
97.060910940 3.786419 2.909593 0.000000 0.000000 0.000000 0.513736 0.857948
97.153807163 3.785366 2.909881 0.000000 0.000000 0.000000 0.513674 0.857985
97.211027622 3.783173 2.908394 0.000000 0.000000 0.000000 0.513941 0.857826
97.305245876 3.782826 2.909825 0.000000 0.000000 0.000000 0.514243 0.857645
97.364989996 3.783479 2.908124 0.000000 0.000000 0.000000 0.514156 0.857697
97.465471268 3.784180 2.908277 0.000000 0.000000 0.000000 0.514262 0.857633
97.531141281 3.784617 2.908634 0.000000 0.000000 0.000000 0.513815 0.857901
97.607466698 3.786657 2.906609 0.000000 0.000000 0.000000 0.513719 0.857959
97.670571327 3.785413 2.907405 0.000000 0.000000 0.000000 0.513640 0.858006
97.761371374 3.784038 2.905643 0.000000 0.000000 0.000000 0.513590 0.858036
97.826786518 3.782813 2.904606 0.000000 0.000000 0.000000 0.513805 0.857907
97.904732704 3.782959 2.904663 0.000000 0.000000 0.000000 0.513627 0.858014
97.972033739 3.779631 2.907148 0.000000 0.000000 0.000000 0.514275 0.857626
98.065672398 3.778580 2.906850 0.000000 0.000000 0.000000 0.514352 0.857579
98.120881319 3.777250 2.908313 0.000000 0.000000 0.000000 0.514767 0.857330
98.209275961 3.775768 2.908493 0.000000 0.000000 0.000000 0.514782 0.857321
98.266049623 3.775439 2.909455 0.000000 0.000000 0.000000 0.514903 0.857249
98.353181839 3.776513 2.911160 0.000000 0.000000 0.000000 0.514767 0.857330
98.403073549 3.776346 2.910999 0.000000 0.000000 0.000000 0.515149 0.857101
98.490382910 3.774882 2.912353 0.000000 0.000000 0.000000 0.515339 0.856986
98.542252064 3.774290 2.910236 0.000000 0.000000 0.000000 0.515490 0.856896
98.624454260 3.773627 2.912652 0.000000 0.000000 0.000000 0.515712 0.856762
98.685510397 3.772956 2.912038 0.000000 0.000000 0.000000 0.516086 0.856537
98.779605627 3.772666 2.912108 0.000000 0.000000 0.000000 0.515958 0.856614
98.838194609 3.772328 2.912964 0.000000 0.000000 0.000000 0.515955 0.856616
98.929908276 3.772735 2.914359 0.000000 0.000000 0.000000 0.515890 0.856655
98.986426353 3.773610 2.915199 0.000000 0.000000 0.000000 0.515460 0.856914
99.090990067 3.772785 2.914006 0.000000 0.000000 0.000000 0.515004 0.857188
99.137984037 3.773681 2.914011 0.000000 0.000000 0.000000 0.515030 0.857172
99.222180128 3.772912 2.913096 0.000000 0.000000 0.000000 0.514979 0.857203
99.274515629 3.774318 2.914186 0.000000 0.000000 0.000000 0.515000 0.857190
99.372492313 3.773240 2.913384 0.000000 0.000000 0.000000 0.515039 0.857167
99.430688858 3.776251 2.911261 0.000000 0.000000 0.000000 0.515034 0.857170
99.544572830 3.777226 2.910507 0.000000 0.000000 0.000000 0.515183 0.857080
99.586899042 3.779534 2.910376 0.000000 0.000000 0.000000 0.514914 0.857242
99.684531927 3.781038 2.908997 0.000000 0.000000 0.000000 0.515049 0.857161
99.732462883 3.781976 2.908654 0.000000 0.000000 0.000000 0.515073 0.857146
99.817482233 3.784684 2.911061 0.000000 0.000000 0.000000 0.514626 0.857415
99.865893364 3.784429 2.910694 0.000000 0.000000 0.000000 0.514683 0.857381
99.974117994 3.783142 2.910468 0.000000 0.000000 0.000000 0.514996 0.857193
100.008396149 3.781589 2.910463 0.000000 0.000000 0.000000 0.515527 0.856874
100.099959850 3.779945 2.907983 0.000000 0.000000 0.000000 0.515887 0.856657
100.157341719 3.781191 2.910789 0.000000 0.000000 0.000000 0.516059 0.856553
100.251402378 3.781759 2.910969 0.000000 0.000000 0.000000 0.515865 0.856670
100.296842813 3.781824 2.910041 0.000000 0.000000 0.000000 0.515451 0.856919
100.386153460 3.782263 2.909622 0.000000 0.000000 0.000000 0.515141 0.857106
100.438560963 3.783404 2.909634 0.000000 0.000000 0.000000 0.515227 0.857054
100.523025513 3.782590 2.908978 0.000000 0.000000 0.000000 0.515664 0.856791
100.578892708 3.782950 2.909362 0.000000 0.000000 0.000000 0.515467 0.856910
100.666844606 3.783275 2.909898 0.000000 0.000000 0.000000 0.515426 0.856934
100.717916250 3.784421 2.910117 0.000000 0.000000 0.000000 0.515525 0.856874
100.814438343 3.782460 2.909518 0.000000 0.000000 0.000000 0.515882 0.856660
100.859156370 3.782248 2.910645 0.000000 0.000000 0.000000 0.516282 0.856418
100.952885628 3.781638 2.909621 0.000000 0.000000 0.000000 0.516482 0.856298
101.000487804 3.780904 2.909172 0.000000 0.000000 0.000000 0.516362 0.856370
101.085479736 3.781578 2.910557 0.000000 0.000000 0.000000 0.516598 0.856228
101.136031866 3.781597 2.911150 0.000000 0.000000 0.000000 0.516954 0.856013
101.229514122 3.783102 2.912165 0.000000 0.000000 0.000000 0.517465 0.855705
101.274351120 3.784536 2.911615 0.000000 0.000000 0.000000 0.517358 0.855769
101.373620749 3.783748 2.912493 0.000000 0.000000 0.000000 0.517134 0.855904
101.426921129 3.782450 2.912648 0.000000 0.000000 0.000000 0.517306 0.855801
101.521782160 3.783298 2.913371 0.000000 0.000000 0.000000 0.517147 0.855897
101.570658922 3.783231 2.912644 0.000000 0.000000 0.000000 0.517124 0.855910
101.657437325 3.782755 2.912302 0.000000 0.000000 0.000000 0.517150 0.855895
101.713495970 3.781740 2.911910 0.000000 0.000000 0.000000 0.516830 0.856088
101.799236774 3.782675 2.908997 0.000000 0.000000 0.000000 0.516899 0.856047
101.849389791 3.784602 2.904926 0.000000 0.000000 0.000000 0.516122 0.856515
101.945839167 3.787357 2.904470 0.000000 0.000000 0.000000 0.515967 0.856608
101.999189854 3.789126 2.903676 0.000000 0.000000 0.000000 0.515667 0.856789
102.086042404 3.791961 2.905107 0.000000 0.000000 0.000000 0.515681 0.856781
102.136522293 3.792666 2.904788 0.000000 0.000000 0.000000 0.515354 0.856977
102.221495152 3.793256 2.903990 0.000000 0.000000 0.000000 0.514889 0.857257
102.276251078 3.792774 2.905392 0.000000 0.000000 0.000000 0.514805 0.857307
102.367645025 3.793981 2.904592 0.000000 0.000000 0.000000 0.514830 0.857292
102.423708200 3.794387 2.904064 0.000000 0.000000 0.000000 0.514948 0.857222
102.525077105 3.795067 2.901365 0.000000 0.000000 0.000000 0.514532 0.857471
102.574762106 3.794688 2.901044 0.000000 0.000000 0.000000 0.514549 0.857461
102.674291134 3.793932 2.900178 0.000000 0.000000 0.000000 0.514396 0.857553
