56.000000000 -0.001287 0.996784 0.000000 0.000000 0.000000 -0.011764 0.999931
56.092626333 0.000055 0.997212 0.000000 0.000000 0.000000 -0.013563 0.999908
56.136488199 0.000772 0.997492 0.000000 0.000000 0.000000 -0.014989 0.999888
56.234569073 0.000350 0.998028 0.000000 0.000000 0.000000 -0.016194 0.999869
56.291095257 0.000246 0.997123 0.000000 0.000000 0.000000 -0.017270 0.999851
56.384810448 0.000670 0.997640 0.000000 0.000000 0.000000 -0.017999 0.999838
56.432573795 0.000048 0.998130 0.000000 0.000000 0.000000 -0.018433 0.999830
56.517774343 0.001467 0.998468 0.000000 0.000000 0.000000 -0.018852 0.999822
56.566277504 0.001580 0.999573 0.000000 0.000000 0.000000 -0.017490 0.999847
56.658776283 0.000836 0.999494 0.000000 0.000000 0.000000 -0.017465 0.999847
56.719421625 0.000943 0.999061 0.000000 0.000000 0.000000 -0.017838 0.999841
56.806190968 0.001001 0.999338 0.000000 0.000000 0.000000 -0.018288 0.999833
56.859033823 0.000420 0.998559 0.000000 0.000000 0.000000 -0.018729 0.999825
56.956225157 0.001126 0.998296 0.000000 0.000000 0.000000 -0.018730 0.999825
56.992516994 0.001003 0.997732 0.000000 0.000000 0.000000 -0.018869 0.999822
57.085117579 0.000509 0.996361 0.000000 0.000000 0.000000 -0.018866 0.999822
57.135342836 -0.000125 0.996098 0.000000 0.000000 0.000000 -0.018571 0.999828
57.226917267 -0.001539 0.996236 0.000000 0.000000 0.000000 -0.018602 0.999827
57.280653477 -0.000564 0.995950 0.000000 0.000000 0.000000 -0.018483 0.999829
57.376023293 -0.000803 0.996407 0.000000 0.000000 0.000000 -0.018247 0.999834
57.421943903 -0.001202 0.996936 0.000000 0.000000 0.000000 -0.018223 0.999834
57.506844759 -0.001436 0.996643 0.000000 0.000000 0.000000 -0.018327 0.999832
57.561612844 -0.001490 0.996703 0.000000 0.000000 0.000000 -0.018313 0.999832
57.661116600 -0.003127 0.995820 0.000000 0.000000 0.000000 -0.018160 0.999835
57.713097334 -0.003072 0.995852 0.000000 0.000000 0.000000 -0.017949 0.999839
57.818692207 -0.001970 0.996945 0.000000 0.000000 0.000000 -0.017794 0.999842
57.857132435 -0.001936 0.997512 0.000000 0.000000 0.000000 -0.017849 0.999841
57.942367077 -0.002341 0.995949 0.000000 0.000000 0.000000 -0.017765 0.999842
57.993121147 -0.002376 0.995520 0.000000 0.000000 0.000000 -0.017711 0.999843
58.084053516 -0.001722 0.995461 0.000000 0.000000 0.000000 -0.017948 0.999839
58.134043932 -0.001946 0.995051 0.000000 0.000000 0.000000 -0.017820 0.999841
58.226578236 -0.002392 0.994962 0.000000 0.000000 0.000000 -0.017718 0.999843
58.278188705 -0.002032 0.993288 0.000000 0.000000 0.000000 -0.017842 0.999841
58.375108480 -0.002720 0.993595 0.000000 0.000000 0.000000 -0.017311 0.999850
58.432198524 -0.000981 0.993062 0.000000 0.000000 0.000000 -0.016811 0.999859
58.513686180 -0.001186 0.994072 0.000000 0.000000 0.000000 -0.016801 0.999859
58.577755451 -0.000379 0.995361 0.000000 0.000000 0.000000 -0.016735 0.999860
58.663658381 -0.000132 0.994092 0.000000 0.000000 0.000000 -0.016715 0.999860
58.721382856 0.000324 0.993638 0.000000 0.000000 0.000000 -0.017105 0.999854
58.811643362 0.000557 0.992782 0.000000 0.000000 0.000000 -0.017051 0.999855
58.859117508 0.000815 0.992183 0.000000 0.000000 0.000000 -0.017042 0.999855
58.954252720 0.001844 0.993536 0.000000 0.000000 0.000000 -0.017005 0.999855
59.016629219 0.001803 0.994136 0.000000 0.000000 0.000000 -0.017064 0.999854
59.106379747 0.002057 0.993426 0.000000 0.000000 0.000000 -0.017236 0.999851
59.158839226 0.001466 0.992912 0.000000 0.000000 0.000000 -0.017458 0.999848
59.239713192 0.000625 0.993027 0.000000 0.000000 0.000000 -0.017750 0.999842
59.295119047 0.001105 0.993441 0.000000 0.000000 0.000000 -0.017830 0.999841
59.400145054 0.000191 0.994245 0.000000 0.000000 0.000000 -0.018044 0.999837
59.447155952 0.000410 0.993775 0.000000 0.000000 0.000000 -0.017818 0.999841
59.543852329 0.000486 0.994383 0.000000 0.000000 0.000000 -0.018194 0.999834
59.590034962 0.000624 0.995515 0.000000 0.000000 0.000000 -0.018188 0.999835
59.665421247 -0.000608 0.995854 0.000000 0.000000 0.000000 -0.018283 0.999833
59.720851421 -0.001000 0.996312 0.000000 0.000000 0.000000 -0.018144 0.999835
59.805132151 -0.001365 0.997603 0.000000 0.000000 0.000000 -0.018093 0.999836
59.860359430 -0.001396 0.997053 0.000000 0.000000 0.000000 -0.018439 0.999830
59.957119226 -0.002030 0.998110 0.000000 0.000000 0.000000 -0.018244 0.999834
60.005816936 -0.001191 0.997296 0.000000 0.000000 0.000000 -0.018300 0.999833
60.089397669 -0.002517 0.997561 0.000000 0.000000 0.000000 -0.018244 0.999834
60.138172865 -0.004074 0.997613 0.000000 0.000000 0.000000 -0.018187 0.999835
60.220950127 -0.003763 0.997224 0.000000 0.000000 0.000000 -0.018335 0.999832
60.272440672 -0.003620 0.997404 0.000000 0.000000 0.000000 -0.018234 0.999834
60.365985632 -0.004271 0.998063 0.000000 0.000000 0.000000 -0.018426 0.999830
60.419920921 -0.004685 0.997814 0.000000 0.000000 0.000000 -0.018574 0.999827
60.517887354 -0.003173 0.998564 0.000000 0.000000 0.000000 -0.018422 0.999830
60.576246977 -0.003638 0.998364 0.000000 0.000000 0.000000 -0.018213 0.999834
60.661265135 -0.002570 0.997884 0.000000 0.000000 0.000000 -0.018447 0.999830
60.720116138 -0.002820 0.997689 0.000000 0.000000 0.000000 -0.018616 0.999827
60.806773424 -0.003197 0.997678 0.000000 0.000000 0.000000 -0.018673 0.999826
60.856551170 -0.004427 0.996548 0.000000 0.000000 0.000000 -0.018478 0.999829
60.954911470 -0.004629 0.996943 0.000000 0.000000 0.000000 -0.018599 0.999827
61.012297630 -0.004176 0.997862 0.000000 0.000000 0.000000 -0.018879 0.999822
61.109639168 -0.004189 0.998679 0.000000 0.000000 0.000000 -0.019050 0.999819
61.157109976 -0.003053 0.999201 0.000000 0.000000 0.000000 -0.018939 0.999821
61.239634752 -0.002377 1.000066 0.000000 0.000000 0.000000 -0.019264 0.999814
61.291578770 -0.002065 1.001479 0.000000 0.000000 0.000000 -0.019361 0.999813
61.377224922 -0.001092 1.000794 0.000000 0.000000 0.000000 -0.019358 0.999813
61.424571276 -0.001344 1.000825 0.000000 0.000000 0.000000 -0.018947 0.999820
61.517945051 -0.003193 1.001308 0.000000 0.000000 0.000000 -0.019058 0.999818
61.571182013 -0.002564 1.000978 0.000000 0.000000 0.000000 -0.019067 0.999818
61.674693108 -0.002731 1.000977 0.000000 0.000000 0.000000 -0.019246 0.999815
61.731230259 -0.001939 1.001441 0.000000 0.000000 0.000000 -0.019007 0.999819
61.823836803 -0.000812 1.000793 0.000000 0.000000 0.000000 -0.018669 0.999826
61.867137194 -0.001110 0.999826 0.000000 0.000000 0.000000 -0.018530 0.999828
61.957184315 -0.000502 0.999804 0.000000 0.000000 0.000000 -0.018060 0.999837
62.007257462 -0.000920 1.000354 0.000000 0.000000 0.000000 -0.018343 0.999832
62.096065044 -0.001174 1.001406 0.000000 0.000000 0.000000 -0.018355 0.999832
62.149833441 0.002142 1.004791 0.000000 0.000000 0.000000 -0.018741 0.999824
62.231528997 0.017620 1.004136 0.000000 0.000000 0.000000 -0.018731 0.999825
62.288254261 0.028337 1.004537 0.000000 0.000000 0.000000 -0.018622 0.999827
62.372793436 0.044698 1.003110 0.000000 0.000000 0.000000 -0.018672 0.999826
62.437046528 0.058185 1.003375 0.000000 0.000000 0.000000 -0.018847 0.999822
62.518205643 0.074580 1.002996 0.000000 0.000000 0.000000 -0.019046 0.999819
62.573649645 0.085468 1.003224 0.000000 0.000000 0.000000 -0.019121 0.999817
62.658019066 0.101509 1.002218 0.000000 0.000000 0.000000 -0.018933 0.999821
62.708748341 0.111391 1.002427 0.000000 0.000000 0.000000 -0.018962 0.999820
62.802901506 0.129374 1.001533 0.000000 0.000000 0.000000 -0.018937 0.999821
62.862125397 0.140958 1.001310 0.000000 0.000000 0.000000 -0.018718 0.999825
62.944721937 0.157958 1.000491 0.000000 0.000000 0.000000 -0.018658 0.999826
63.001682520 0.168596 1.001041 0.000000 0.000000 0.000000 -0.018734 0.999825
63.096352816 0.185940 0.999707 0.000000 0.000000 0.000000 -0.018549 0.999828
63.140980959 0.195486 0.999487 0.000000 0.000000 0.000000 -0.018352 0.999832
63.224403381 0.211294 0.998674 0.000000 0.000000 0.000000 -0.018410 0.999831
63.278097630 0.221128 0.998886 0.000000 0.000000 0.000000 -0.018295 0.999833
63.378735542 0.240953 0.998642 0.000000 0.000000 0.000000 -0.018274 0.999833
63.429337263 0.250839 0.998976 0.000000 0.000000 0.000000 -0.018173 0.999835
63.507558107 0.266075 0.996379 0.000000 0.000000 0.000000 -0.018062 0.999837
63.561244726 0.276104 0.995788 0.000000 0.000000 0.000000 -0.018234 0.999834
63.651183605 0.293187 0.994898 0.000000 0.000000 0.000000 -0.018138 0.999835
63.722069025 0.308540 0.993735 0.000000 0.000000 0.000000 -0.018117 0.999836
63.818211794 0.327033 0.992302 0.000000 0.000000 0.000000 -0.018043 0.999837
63.867984533 0.337070 0.992631 0.000000 0.000000 0.000000 -0.017719 0.999843
63.954170942 0.354775 0.992391 0.000000 0.000000 0.000000 -0.018010 0.999838
64.007827759 0.366026 0.991564 0.000000 0.000000 0.000000 -0.017908 0.999840
64.098969221 0.384448 0.991932 0.000000 0.000000 0.000000 -0.017862 0.999840
64.150251389 0.394196 0.992128 0.000000 0.000000 0.000000 -0.017850 0.999841
64.240028858 0.411141 0.991706 0.000000 0.000000 0.000000 -0.017727 0.999843
64.291742325 0.420445 0.991942 0.000000 0.000000 0.000000 -0.017599 0.999845
64.384911537 0.439075 0.991275 0.000000 0.000000 0.000000 -0.017318 0.999850
64.438662767 0.449609 0.990413 0.000000 0.000000 0.000000 -0.017334 0.999850
64.529100657 0.466022 0.990036 0.000000 0.000000 0.000000 -0.017212 0.999852
64.581606388 0.476657 0.988725 0.000000 0.000000 0.000000 -0.017345 0.999850
64.666499376 0.492949 0.989013 0.000000 0.000000 0.000000 -0.017274 0.999851
64.719514608 0.504811 0.987286 0.000000 0.000000 0.000000 -0.017258 0.999851
64.801486015 0.520977 0.986769 0.000000 0.000000 0.000000 -0.017169 0.999853
64.853920698 0.532676 0.987277 0.000000 0.000000 0.000000 -0.017436 0.999848
64.943417788 0.550028 0.985992 0.000000 0.000000 0.000000 -0.017799 0.999842
64.995023489 0.560865 0.985931 0.000000 0.000000 0.000000 -0.017276 0.999851
65.076430798 0.577991 0.986796 0.000000 0.000000 0.000000 -0.017312 0.999850
65.137303352 0.590725 0.986140 0.000000 0.000000 0.000000 -0.017185 0.999852
65.235720634 0.611452 0.985920 0.000000 0.000000 0.000000 -0.016874 0.999858
65.286878586 0.621709 0.985370 0.000000 0.000000 0.000000 -0.016755 0.999860
65.388996363 0.641954 0.983845 0.000000 0.000000 0.000000 -0.016672 0.999861
65.443364143 0.651757 0.984319 0.000000 0.000000 0.000000 -0.016623 0.999862
65.533442974 0.670402 0.984734 0.000000 0.000000 0.000000 -0.016570 0.999863
65.583643198 0.680434 0.985632 0.000000 0.000000 0.000000 -0.016622 0.999862
65.666572094 0.698261 0.985263 0.000000 0.000000 0.000000 -0.016714 0.999860
65.718314648 0.709548 0.984684 0.000000 0.000000 0.000000 -0.016707 0.999860
65.813969851 0.728033 0.983839 0.000000 0.000000 0.000000 -0.016368 0.999866
65.860479355 0.738418 0.983574 0.000000 0.000000 0.000000 -0.016268 0.999868
65.949100494 0.755265 0.982656 0.000000 0.000000 0.000000 -0.016365 0.999866
66.006313324 0.764375 0.984898 0.000000 0.000000 0.000000 -0.016600 0.999862
66.091695070 0.782420 0.984113 0.000000 0.000000 0.000000 -0.016637 0.999862
66.150105000 0.795125 0.983701 0.000000 0.000000 0.000000 -0.016871 0.999858
66.245607138 0.814012 0.982857 0.000000 0.000000 0.000000 -0.016649 0.999861
66.289936066 0.822860 0.982750 0.000000 0.000000 0.000000 -0.016484 0.999864
66.374847174 0.839604 0.981701 0.000000 0.000000 0.000000 -0.016719 0.999860
66.427448988 0.849947 0.981433 0.000000 0.000000 0.000000 -0.016809 0.999859
66.515174389 0.867662 0.979235 0.000000 0.000000 0.000000 -0.017052 0.999855
66.565155268 0.878374 0.979620 0.000000 0.000000 0.000000 -0.016955 0.999856
66.668905973 0.899964 0.979307 0.000000 0.000000 0.000000 -0.017112 0.999854
66.720251560 0.910729 0.979794 0.000000 0.000000 0.000000 -0.017220 0.999852
66.818524122 0.930268 0.979751 0.000000 0.000000 0.000000 -0.017201 0.999852
66.862034321 0.938713 0.980694 0.000000 0.000000 0.000000 -0.017374 0.999849
66.948162079 0.954699 0.980213 0.000000 0.000000 0.000000 -0.017198 0.999852
66.998103142 0.964374 0.979797 0.000000 0.000000 0.000000 -0.017079 0.999854
67.100195885 0.984864 0.979380 0.000000 0.000000 0.000000 -0.016996 0.999856
67.157076359 0.996299 0.979107 0.000000 0.000000 0.000000 -0.016897 0.999857
67.269846916 1.019154 0.978558 0.000000 0.000000 0.000000 -0.017005 0.999855
67.325706720 1.029256 0.979189 0.000000 0.000000 0.000000 -0.016855 0.999858
67.417520761 1.046966 0.979444 0.000000 0.000000 0.000000 -0.016633 0.999862
67.475314379 1.059027 0.979591 0.000000 0.000000 0.000000 -0.016861 0.999858
67.587245464 1.081599 0.978488 0.000000 0.000000 0.000000 -0.016661 0.999861
67.657504320 1.094863 0.978511 0.000000 0.000000 0.000000 -0.016639 0.999862
67.744100571 1.111009 0.977459 0.000000 0.000000 0.000000 -0.016437 0.999865
67.809964418 1.124339 0.976730 0.000000 0.000000 0.000000 -0.016451 0.999865
67.907867193 1.143910 0.976050 0.000000 0.000000 0.000000 -0.016345 0.999866
67.955658197 1.152923 0.975529 0.000000 0.000000 0.000000 -0.016186 0.999869
68.043772697 1.170747 0.974201 0.000000 0.000000 0.000000 -0.016128 0.999870
68.092056751 1.181058 0.973588 0.000000 0.000000 0.000000 -0.015979 0.999872
68.198954105 1.201946 0.972748 0.000000 0.000000 0.000000 -0.016156 0.999869
68.239401817 1.208797 0.972286 0.000000 0.000000 0.000000 -0.016369 0.999866
68.334116697 1.228409 0.971368 0.000000 0.000000 0.000000 -0.016326 0.999867
68.393169165 1.238812 0.972187 0.000000 0.000000 0.000000 -0.016300 0.999867
68.488315105 1.258166 0.973752 0.000000 0.000000 0.000000 -0.016169 0.999869
68.548655272 1.270027 0.973599 0.000000 0.000000 0.000000 -0.016132 0.999870
68.628951550 1.285796 0.974381 0.000000 0.000000 0.000000 -0.016134 0.999870
68.688163757 1.297518 0.975240 0.000000 0.000000 0.000000 -0.015969 0.999872
68.771270037 1.313394 0.974905 0.000000 0.000000 0.000000 -0.015933 0.999873
68.824939728 1.325111 0.974304 0.000000 0.000000 0.000000 -0.016096 0.999870
68.927378178 1.347178 0.974552 0.000000 0.000000 0.000000 -0.016377 0.999866
68.988554239 1.358430 0.973764 0.000000 0.000000 0.000000 -0.016248 0.999868
69.091393948 1.377264 0.973503 0.000000 0.000000 0.000000 -0.016277 0.999868
69.142657280 1.386735 0.972244 0.000000 0.000000 0.000000 -0.016357 0.999866
69.226943970 1.403433 0.969902 0.000000 0.000000 0.000000 -0.016358 0.999866
69.291504383 1.417910 0.969321 0.000000 0.000000 0.000000 -0.016019 0.999872
69.395749092 1.437521 0.968659 0.000000 0.000000 0.000000 -0.016352 0.999866
69.444655418 1.446106 0.967853 0.000000 0.000000 0.000000 -0.016006 0.999872
69.543005466 1.465157 0.968399 0.000000 0.000000 0.000000 -0.016029 0.999872
69.595045090 1.476158 0.969116 0.000000 0.000000 0.000000 -0.016273 0.999868
69.695927858 1.495584 0.969951 0.000000 0.000000 0.000000 -0.016044 0.999871
69.753221989 1.506381 0.968913 0.000000 0.000000 0.000000 -0.016015 0.999872
69.852281094 1.525825 0.969922 0.000000 0.000000 0.000000 -0.015980 0.999872
69.909631014 1.537005 0.969154 0.000000 0.000000 0.000000 -0.016368 0.999866
70.003495455 1.555902 0.967821 0.000000 0.000000 0.000000 -0.015852 0.999874
70.055417776 1.566139 0.969114 0.000000 0.000000 0.000000 -0.015908 0.999873
70.137858391 1.581628 0.969178 0.000000 0.000000 0.000000 -0.016055 0.999871
70.199167728 1.594036 0.969264 0.000000 0.000000 0.000000 -0.016163 0.999869
70.302878618 1.615779 0.968590 0.000000 0.000000 0.000000 -0.016164 0.999869
70.369396687 1.628433 0.969219 0.000000 0.000000 0.000000 -0.016293 0.999867
70.461210728 1.647225 0.968527 0.000000 0.000000 0.000000 -0.016355 0.999866
70.509778738 1.656398 0.968835 0.000000 0.000000 0.000000 -0.016285 0.999867
70.599387646 1.673714 0.968347 0.000000 0.000000 0.000000 -0.016250 0.999868
70.656033039 1.684648 0.968668 0.000000 0.000000 0.000000 -0.016092 0.999871
70.768153429 1.705526 0.968473 0.000000 0.000000 0.000000 -0.016262 0.999868
70.815999985 1.715163 0.968176 0.000000 0.000000 0.000000 -0.016071 0.999871
70.900581121 1.731497 0.967943 0.000000 0.000000 0.000000 -0.016168 0.999869
70.955633402 1.742892 0.968150 0.000000 0.000000 0.000000 -0.016271 0.999868
71.042252779 1.760080 0.968352 0.000000 0.000000 0.000000 -0.015833 0.999875
71.103641987 1.772016 0.969739 0.000000 0.000000 0.000000 -0.015758 0.999876
71.186776161 1.788938 0.968774 0.000000 0.000000 0.000000 -0.015650 0.999878
71.250498533 1.801685 0.967842 0.000000 0.000000 0.000000 -0.015746 0.999876
71.341936827 1.804842 0.967147 0.000000 0.000000 0.000000 -0.007015 0.999975
71.393325806 1.806688 0.966538 0.000000 0.000000 0.000000 -0.001734 0.999998
71.487019539 1.811707 0.966553 0.000000 0.000000 0.000000 0.007528 0.999972
71.537977695 1.814834 0.966044 0.000000 0.000000 0.000000 0.012531 0.999921
71.626116753 1.818616 0.967604 0.000000 0.000000 0.000000 0.021041 0.999779
71.682151079 1.820958 0.966908 0.000000 0.000000 0.000000 0.026391 0.999652
71.763496399 1.824433 0.966624 0.000000 0.000000 0.000000 0.034110 0.999418
71.820455313 1.826156 0.967085 0.000000 0.000000 0.000000 0.039579 0.999216
71.918866396 1.831597 0.968357 0.000000 0.000000 0.000000 0.049101 0.998794
71.975845575 1.835425 0.969079 0.000000 0.000000 0.000000 0.054522 0.998513
72.068582535 1.841488 0.970254 0.000000 0.000000 0.000000 0.063476 0.997983
72.122643709 1.844137 0.970234 0.000000 0.000000 0.000000 0.068791 0.997631
72.217851877 1.862769 0.972456 0.000000 0.000000 0.000000 0.068504 0.997651
72.265589714 1.872096 0.974350 0.000000 0.000000 0.000000 0.068603 0.997644
72.354194641 1.889762 0.978000 0.000000 0.000000 0.000000 0.068712 0.997637
72.403216600 1.899314 0.979286 0.000000 0.000000 0.000000 0.068715 0.997636
72.504085302 1.918839 0.983594 0.000000 0.000000 0.000000 0.068394 0.997658
72.559812546 1.930219 0.986090 0.000000 0.000000 0.000000 0.068256 0.997668
72.641114473 1.946100 0.988448 0.000000 0.000000 0.000000 0.068146 0.997675
72.695553064 1.957172 0.988292 0.000000 0.000000 0.000000 0.067916 0.997691
72.784453154 1.974818 0.990445 0.000000 0.000000 0.000000 0.067839 0.997696
72.839464188 1.977509 0.990658 0.000000 0.000000 0.000000 0.073075 0.997326
72.931765556 1.983294 0.991461 0.000000 0.000000 0.000000 0.082145 0.996620
72.986810684 1.985909 0.992634 0.000000 0.000000 0.000000 0.087657 0.996151
73.071648121 1.989316 0.991796 0.000000 0.000000 0.000000 0.096300 0.995352
73.129702330 1.992301 0.991937 0.000000 0.000000 0.000000 0.102199 0.994764
73.227200508 1.996447 0.992158 0.000000 0.000000 0.000000 0.111743 0.993737
73.271549940 1.998093 0.992611 0.000000 0.000000 0.000000 0.116259 0.993219
73.365193605 2.016606 0.996969 0.000000 0.000000 0.000000 0.116149 0.993232
73.410813332 2.024796 0.999229 0.000000 0.000000 0.000000 0.116051 0.993243
73.495560646 2.040626 1.002457 0.000000 0.000000 0.000000 0.116183 0.993228
73.549853325 2.052593 1.004555 0.000000 0.000000 0.000000 0.116601 0.993179
73.635336399 2.069363 1.008525 0.000000 0.000000 0.000000 0.116745 0.993162
73.700213671 2.077884 1.012359 0.000000 0.000000 0.000000 0.116655 0.993173
73.794411182 2.095517 1.016905 0.000000 0.000000 0.000000 0.116881 0.993146
73.851395130 2.106288 1.020258 0.000000 0.000000 0.000000 0.117164 0.993113
73.934927464 2.122608 1.024089 0.000000 0.000000 0.000000 0.117410 0.993083
73.994324923 2.126300 1.023850 0.000000 0.000000 0.000000 0.123362 0.992362
74.076428652 2.128975 1.024794 0.000000 0.000000 0.000000 0.131019 0.991380
74.138641834 2.132072 1.025329 0.000000 0.000000 0.000000 0.137249 0.990537
74.232690811 2.136850 1.026494 0.000000 0.000000 0.000000 0.146393 0.989227
74.284757137 2.138198 1.027234 0.000000 0.000000 0.000000 0.151313 0.988486
74.368963718 2.142569 1.028069 0.000000 0.000000 0.000000 0.159558 0.987188
74.424954653 2.145845 1.029197 0.000000 0.000000 0.000000 0.165053 0.986285
74.512892008 2.150420 1.029701 0.000000 0.000000 0.000000 0.174009 0.984744
74.568120718 2.159757 1.033571 0.000000 0.000000 0.000000 0.174114 0.984726
74.659038782 2.175681 1.039140 0.000000 0.000000 0.000000 0.174167 0.984716
74.720528126 2.188887 1.043511 0.000000 0.000000 0.000000 0.174223 0.984706
74.807915449 2.206053 1.047328 0.000000 0.000000 0.000000 0.173821 0.984777
74.867791891 2.216733 1.051126 0.000000 0.000000 0.000000 0.173664 0.984805
74.956265450 2.232775 1.056761 0.000000 0.000000 0.000000 0.173658 0.984806
75.006022692 2.243476 1.059805 0.000000 0.000000 0.000000 0.173557 0.984824
75.093890429 2.259843 1.064999 0.000000 0.000000 0.000000 0.173582 0.984819
75.151803017 2.270545 1.069206 0.000000 0.000000 0.000000 0.173744 0.984791
75.237923384 2.286818 1.075457 0.000000 0.000000 0.000000 0.173977 0.984750
75.289012432 2.296454 1.077776 0.000000 0.000000 0.000000 0.174225 0.984706
75.377345324 2.313899 1.082884 0.000000 0.000000 0.000000 0.174159 0.984718
75.433693886 2.326145 1.085758 0.000000 0.000000 0.000000 0.174007 0.984744
75.537194490 2.346189 1.091903 0.000000 0.000000 0.000000 0.174092 0.984729
75.586070776 2.355130 1.094459 0.000000 0.000000 0.000000 0.174134 0.984722
75.689361572 2.374724 1.101202 0.000000 0.000000 0.000000 0.174228 0.984705
75.744805098 2.385522 1.106105 0.000000 0.000000 0.000000 0.174531 0.984652
75.826009274 2.401892 1.111387 0.000000 0.000000 0.000000 0.174184 0.984713
75.899021864 2.405860 1.112827 0.000000 0.000000 0.000000 0.181207 0.983445
75.992537260 2.410892 1.115410 0.000000 0.000000 0.000000 0.190207 0.981744
76.056124210 2.413572 1.115598 0.000000 0.000000 0.000000 0.196507 0.980502
76.141805172 2.416848 1.118267 0.000000 0.000000 0.000000 0.204425 0.978882
76.196712971 2.419916 1.118914 0.000000 0.000000 0.000000 0.209473 0.977814
76.279946327 2.423409 1.120496 0.000000 0.000000 0.000000 0.217326 0.976099
76.336917877 2.426948 1.121935 0.000000 0.000000 0.000000 0.223200 0.974773
76.431858301 2.430754 1.124920 0.000000 0.000000 0.000000 0.232194 0.972670
76.487337351 2.440110 1.128828 0.000000 0.000000 0.000000 0.232307 0.972642
76.576975346 2.456721 1.136052 0.000000 0.000000 0.000000 0.232520 0.972592
76.635664701 2.467128 1.141250 0.000000 0.000000 0.000000 0.232550 0.972584
76.736702204 2.486559 1.151804 0.000000 0.000000 0.000000 0.232611 0.972570
76.784813404 2.495117 1.155523 0.000000 0.000000 0.000000 0.232724 0.972543
76.872728825 2.511123 1.163575 0.000000 0.000000 0.000000 0.232631 0.972565
76.940669060 2.522436 1.170147 0.000000 0.000000 0.000000 0.232697 0.972549
77.039191484 2.540508 1.179730 0.000000 0.000000 0.000000 0.232528 0.972590
77.091496944 2.549406 1.185091 0.000000 0.000000 0.000000 0.232435 0.972612
77.178045034 2.553931 1.187072 0.000000 0.000000 0.000000 0.240600 0.970624
77.233334064 2.556338 1.188775 0.000000 0.000000 0.000000 0.245656 0.969357
77.321522951 2.560300 1.190233 0.000000 0.000000 0.000000 0.253931 0.967222
77.385615587 2.561535 1.189339 0.000000 0.000000 0.000000 0.260348 0.965515
77.482558012 2.574860 1.197502 0.000000 0.000000 0.000000 0.259309 0.965794
77.535058022 2.583696 1.203138 0.000000 0.000000 0.000000 0.259356 0.965782
77.635596514 2.600413 1.213632 0.000000 0.000000 0.000000 0.259375 0.965777
77.687636852 2.609276 1.218256 0.000000 0.000000 0.000000 0.259311 0.965794
77.783472538 2.625771 1.227689 0.000000 0.000000 0.000000 0.259241 0.965813
77.833787918 2.634341 1.233052 0.000000 0.000000 0.000000 0.259300 0.965797
77.940711260 2.653459 1.243679 0.000000 0.000000 0.000000 0.259293 0.965799
77.985099792 2.660787 1.249094 0.000000 0.000000 0.000000 0.259470 0.965751
78.074628830 2.676415 1.257711 0.000000 0.000000 0.000000 0.259636 0.965707
78.126539230 2.685434 1.262785 0.000000 0.000000 0.000000 0.259741 0.965678
78.225707769 2.690444 1.265905 0.000000 0.000000 0.000000 0.269325 0.963049
78.287621975 2.693534 1.266574 0.000000 0.000000 0.000000 0.275134 0.961406
78.371752024 2.706964 1.274585 0.000000 0.000000 0.000000 0.275331 0.961349
78.425225496 2.717267 1.279451 0.000000 0.000000 0.000000 0.275438 0.961319
78.525620699 2.734398 1.289490 0.000000 0.000000 0.000000 0.275472 0.961309
78.588539600 2.745633 1.296535 0.000000 0.000000 0.000000 0.275301 0.961358
78.670593977 2.759826 1.306014 0.000000 0.000000 0.000000 0.275622 0.961266
78.735427380 2.771343 1.311954 0.000000 0.000000 0.000000 0.275779 0.961221
78.827690363 2.786825 1.322059 0.000000 0.000000 0.000000 0.275911 0.961183
78.889282465 2.796243 1.329229 0.000000 0.000000 0.000000 0.275869 0.961195
78.986895561 2.812555 1.340113 0.000000 0.000000 0.000000 0.275697 0.961245
79.038242817 2.822404 1.346180 0.000000 0.000000 0.000000 0.275883 0.961191
79.133278370 2.825491 1.348463 0.000000 0.000000 0.000000 0.284781 0.958593
79.188038111 2.828001 1.349079 0.000000 0.000000 0.000000 0.289633 0.957138
79.274859905 2.832530 1.351447 0.000000 0.000000 0.000000 0.297995 0.954568
79.325020790 2.840907 1.356062 0.000000 0.000000 0.000000 0.298390 0.954444
79.419587612 2.856691 1.366996 0.000000 0.000000 0.000000 0.298340 0.954460
79.476016521 2.866805 1.373019 0.000000 0.000000 0.000000 0.298088 0.954539
79.572896481 2.882747 1.383076 0.000000 0.000000 0.000000 0.298290 0.954475
79.625355482 2.892808 1.389565 0.000000 0.000000 0.000000 0.298131 0.954525
79.715934038 2.907767 1.398995 0.000000 0.000000 0.000000 0.298012 0.954562
79.766192913 2.916656 1.404205 0.000000 0.000000 0.000000 0.297776 0.954636
79.851100206 2.932083 1.414458 0.000000 0.000000 0.000000 0.297710 0.954656
79.911969662 2.942016 1.421662 0.000000 0.000000 0.000000 0.297755 0.954642
80.005322218 2.956772 1.433714 0.000000 0.000000 0.000000 0.297978 0.954573
80.049822092 2.965134 1.438788 0.000000 0.000000 0.000000 0.297962 0.954578
80.144307137 2.980109 1.449991 0.000000 0.000000 0.000000 0.297526 0.954714
80.194717646 2.988386 1.455627 0.000000 0.000000 0.000000 0.297232 0.954805
80.283586025 2.993165 1.458472 0.000000 0.000000 0.000000 0.305706 0.952126
80.339012861 2.995576 1.460115 0.000000 0.000000 0.000000 0.311373 0.950288
80.432806969 3.000247 1.462096 0.000000 0.000000 0.000000 0.320118 0.947378
80.481657505 3.001355 1.463127 0.000000 0.000000 0.000000 0.324701 0.945817
80.570667744 3.005570 1.464607 0.000000 0.000000 0.000000 0.333067 0.942903
80.629180193 3.007600 1.465143 0.000000 0.000000 0.000000 0.338748 0.940877
80.725515127 3.010707 1.467317 0.000000 0.000000 0.000000 0.347893 0.937534
80.785824299 3.014161 1.469378 0.000000 0.000000 0.000000 0.353220 0.935540
80.885531425 3.017669 1.470536 0.000000 0.000000 0.000000 0.362541 0.931968
80.931448936 3.017412 1.471440 0.000000 0.000000 0.000000 0.367051 0.930201
81.023196459 3.030601 1.484584 0.000000 0.000000 0.000000 0.366949 0.930241
81.074112654 3.036198 1.490724 0.000000 0.000000 0.000000 0.366335 0.930483
81.169610262 3.049196 1.503266 0.000000 0.000000 0.000000 0.366669 0.930351
81.221564293 3.057436 1.509917 0.000000 0.000000 0.000000 0.366779 0.930308
81.317089081 3.071443 1.523162 0.000000 0.000000 0.000000 0.366841 0.930283
81.373459816 3.079320 1.530590 0.000000 0.000000 0.000000 0.366869 0.930272
81.468533754 3.093787 1.542838 0.000000 0.000000 0.000000 0.366915 0.930254
81.523016691 3.102312 1.550067 0.000000 0.000000 0.000000 0.366874 0.930271
81.598726511 3.113655 1.559745 0.000000 0.000000 0.000000 0.366833 0.930287
81.657386780 3.117607 1.561526 0.000000 0.000000 0.000000 0.371999 0.928233
81.743980408 3.120301 1.565291 0.000000 0.000000 0.000000 0.379827 0.925058
81.802433014 3.122778 1.567361 0.000000 0.000000 0.000000 0.385066 0.922889
81.892469883 3.126308 1.570008 0.000000 0.000000 0.000000 0.393371 0.919380
81.951400280 3.128615 1.571718 0.000000 0.000000 0.000000 0.398989 0.916956
82.051398516 3.130744 1.574482 0.000000 0.000000 0.000000 0.407840 0.913054
82.098116398 3.134038 1.576535 0.000000 0.000000 0.000000 0.412313 0.911042
82.188131332 3.145387 1.589871 0.000000 0.000000 0.000000 0.412147 0.911118
82.248149872 3.153924 1.597981 0.000000 0.000000 0.000000 0.412180 0.911102
82.336132288 3.165760 1.610299 0.000000 0.000000 0.000000 0.412071 0.911152
82.396090031 3.172718 1.619496 0.000000 0.000000 0.000000 0.412182 0.911101
82.493404388 3.185517 1.633859 0.000000 0.000000 0.000000 0.412303 0.911047
82.545469284 3.191922 1.643342 0.000000 0.000000 0.000000 0.412018 0.911176
82.645762682 3.204396 1.657878 0.000000 0.000000 0.000000 0.411827 0.911262
82.703368902 3.213190 1.664638 0.000000 0.000000 0.000000 0.411922 0.911219
82.786747932 3.223512 1.674890 0.000000 0.000000 0.000000 0.411815 0.911268
82.854153395 3.232750 1.685246 0.000000 0.000000 0.000000 0.411758 0.911293
82.943068027 3.243715 1.698804 0.000000 0.000000 0.000000 0.411726 0.911308
83.009804964 3.253943 1.709190 0.000000 0.000000 0.000000 0.411936 0.911213
83.085191727 3.263588 1.719845 0.000000 0.000000 0.000000 0.411851 0.911251
83.153803349 3.273619 1.730310 0.000000 0.000000 0.000000 0.411721 0.911310
83.241653681 3.284713 1.743449 0.000000 0.000000 0.000000 0.411871 0.911242
83.297069788 3.286461 1.746670 0.000000 0.000000 0.000000 0.416693 0.909047
83.389735460 3.291257 1.749818 0.000000 0.000000 0.000000 0.424715 0.905327
83.453119040 3.294648 1.751383 0.000000 0.000000 0.000000 0.430532 0.902575
83.537900448 3.298271 1.754888 0.000000 0.000000 0.000000 0.438013 0.898969
83.597048283 3.299317 1.757268 0.000000 0.000000 0.000000 0.443313 0.896367
83.717325926 3.303010 1.762888 0.000000 0.000000 0.000000 0.453771 0.891118
83.749479055 3.303551 1.764037 0.000000 0.000000 0.000000 0.456710 0.889616
83.838826418 3.307231 1.768627 0.000000 0.000000 0.000000 0.464389 0.885631
83.901724577 3.307231 1.771374 0.000000 0.000000 0.000000 0.469770 0.882789
83.992516994 3.310250 1.775768 0.000000 0.000000 0.000000 0.477691 0.878528
84.051721573 3.311612 1.777810 0.000000 0.000000 0.000000 0.482717 0.875776
84.156426907 3.315706 1.780909 0.000000 0.000000 0.000000 0.491659 0.870788
84.200500965 3.316585 1.782513 0.000000 0.000000 0.000000 0.495511 0.868602
84.283172131 3.325578 1.797191 0.000000 0.000000 0.000000 0.495609 0.868546
84.341853619 3.330576 1.807608 0.000000 0.000000 0.000000 0.495574 0.868566
84.440338135 3.339595 1.822848 0.000000 0.000000 0.000000 0.495421 0.868653
84.490278244 3.343252 1.831234 0.000000 0.000000 0.000000 0.495014 0.868885
84.590413809 3.348590 1.844296 0.000000 0.000000 0.000000 0.495535 0.868588
84.637861252 3.349575 1.846285 0.000000 0.000000 0.000000 0.499281 0.866440
84.731191397 3.352099 1.850053 0.000000 0.000000 0.000000 0.507180 0.861840
84.795961142 3.353055 1.853107 0.000000 0.000000 0.000000 0.512673 0.858584
84.885035038 3.356133 1.856606 0.000000 0.000000 0.000000 0.520187 0.854053
84.942189693 3.361991 1.866833 0.000000 0.000000 0.000000 0.520123 0.854091
85.035698891 3.369306 1.884111 0.000000 0.000000 0.000000 0.520093 0.854110
85.087255955 3.373571 1.892962 0.000000 0.000000 0.000000 0.519765 0.854309
85.177431345 3.381396 1.909035 0.000000 0.000000 0.000000 0.519748 0.854320
85.234461546 3.387349 1.919282 0.000000 0.000000 0.000000 0.519891 0.854232
85.317269802 3.394848 1.933761 0.000000 0.000000 0.000000 0.519999 0.854167
85.371974707 3.399624 1.942345 0.000000 0.000000 0.000000 0.519946 0.854199
85.478625298 3.402097 1.947831 0.000000 0.000000 0.000000 0.528777 0.848761
85.528799295 3.403539 1.950870 0.000000 0.000000 0.000000 0.533077 0.846067
85.623463392 3.406108 1.955183 0.000000 0.000000 0.000000 0.540808 0.841146
85.673765659 3.407505 1.956427 0.000000 0.000000 0.000000 0.544757 0.838594
85.763669968 3.415825 1.972605 0.000000 0.000000 0.000000 0.544857 0.838529
85.820935726 3.421670 1.983445 0.000000 0.000000 0.000000 0.544634 0.838674
85.910727024 3.428713 2.000562 0.000000 0.000000 0.000000 0.544634 0.838674
85.964876890 3.431671 2.010476 0.000000 0.000000 0.000000 0.544689 0.838638
86.051109076 3.439127 2.026156 0.000000 0.000000 0.000000 0.544596 0.838699
86.103527308 3.443187 2.035188 0.000000 0.000000 0.000000 0.544410 0.838819
86.201452255 3.450580 2.053545 0.000000 0.000000 0.000000 0.544425 0.838809
86.242657185 3.453995 2.062436 0.000000 0.000000 0.000000 0.544436 0.838802
86.334985495 3.462575 2.079869 0.000000 0.000000 0.000000 0.544471 0.838780
86.382092714 3.464043 2.080807 0.000000 0.000000 0.000000 0.548437 0.836192
86.472083092 3.465827 2.084865 0.000000 0.000000 0.000000 0.555685 0.831393
86.523828268 3.465968 2.088739 0.000000 0.000000 0.000000 0.559846 0.828597
86.615870237 3.467367 2.092445 0.000000 0.000000 0.000000 0.567117 0.823638
86.670076370 3.467097 2.094861 0.000000 0.000000 0.000000 0.571101 0.820880
86.774803400 3.474858 2.114227 0.000000 0.000000 0.000000 0.571308 0.820736
86.820199966 3.477951 2.122114 0.000000 0.000000 0.000000 0.571663 0.820489
86.919469357 3.485004 2.141748 0.000000 0.000000 0.000000 0.571818 0.820380
86.967871189 3.489603 2.150046 0.000000 0.000000 0.000000 0.571997 0.820255
87.056761026 3.495206 2.165910 0.000000 0.000000 0.000000 0.571738 0.820436
87.109259605 3.499066 2.176384 0.000000 0.000000 0.000000 0.571609 0.820526
87.192007065 3.504913 2.191958 0.000000 0.000000 0.000000 0.571812 0.820385
87.253980637 3.508483 2.202964 0.000000 0.000000 0.000000 0.571901 0.820322
87.349741697 3.511274 2.208601 0.000000 0.000000 0.000000 0.579716 0.814819
87.405018091 3.512224 2.210840 0.000000 0.000000 0.000000 0.584248 0.811575
87.485984564 3.513792 2.215255 0.000000 0.000000 0.000000 0.590709 0.806884
87.543567896 3.514111 2.217637 0.000000 0.000000 0.000000 0.595368 0.803453
87.634330273 3.516910 2.221353 0.000000 0.000000 0.000000 0.602605 0.798039
87.686902761 3.516106 2.224640 0.000000 0.000000 0.000000 0.606711 0.794923
87.787247896 3.517973 2.229081 0.000000 0.000000 0.000000 0.614884 0.788618
87.837472916 3.520593 2.239053 0.000000 0.000000 0.000000 0.614910 0.788597
87.916748285 3.523086 2.253563 0.000000 0.000000 0.000000 0.615085 0.788461
87.986268759 3.525638 2.266391 0.000000 0.000000 0.000000 0.614862 0.788634
88.086726427 3.527071 2.285681 0.000000 0.000000 0.000000 0.614473 0.788938
88.150101423 3.530683 2.296839 0.000000 0.000000 0.000000 0.614419 0.788980
88.240933418 3.530971 2.301403 0.000000 0.000000 0.000000 0.621321 0.783556
88.297403812 3.531149 2.303742 0.000000 0.000000 0.000000 0.625726 0.780043
88.386169910 3.531949 2.307632 0.000000 0.000000 0.000000 0.632335 0.774695
88.450335503 3.533576 2.311556 0.000000 0.000000 0.000000 0.637257 0.770651
88.535275698 3.533528 2.314555 0.000000 0.000000 0.000000 0.643464 0.765476
88.605426788 3.534287 2.317505 0.000000 0.000000 0.000000 0.648827 0.760936
88.683759212 3.534812 2.321361 0.000000 0.000000 0.000000 0.654707 0.755882
88.750116110 3.537912 2.334320 0.000000 0.000000 0.000000 0.654492 0.756069
88.851769447 3.540771 2.354466 0.000000 0.000000 0.000000 0.654460 0.756097
88.916266441 3.541980 2.367882 0.000000 0.000000 0.000000 0.654657 0.755926
89.002526760 3.544318 2.383491 0.000000 0.000000 0.000000 0.654601 0.755974
89.057895184 3.545383 2.393816 0.000000 0.000000 0.000000 0.654712 0.755879
89.140100241 3.548589 2.410810 0.000000 0.000000 0.000000 0.654762 0.755835
89.195465088 3.548793 2.414582 0.000000 0.000000 0.000000 0.658820 0.752300
89.289087772 3.549173 2.418297 0.000000 0.000000 0.000000 0.665723 0.746199
89.344048738 3.548968 2.420491 0.000000 0.000000 0.000000 0.669766 0.742573
89.440391302 3.549964 2.424549 0.000000 0.000000 0.000000 0.676935 0.736043
89.492968559 3.550803 2.427484 0.000000 0.000000 0.000000 0.680908 0.732369
89.607647657 3.552551 2.449443 0.000000 0.000000 0.000000 0.681071 0.732217
89.672281504 3.553250 2.462999 0.000000 0.000000 0.000000 0.681352 0.731956
89.768073082 3.555234 2.482112 0.000000 0.000000 0.000000 0.681420 0.731892
89.829360723 3.556333 2.493727 0.000000 0.000000 0.000000 0.681447 0.731868
89.918611765 3.557120 2.511944 0.000000 0.000000 0.000000 0.681267 0.732035
89.983339548 3.558496 2.525155 0.000000 0.000000 0.000000 0.681403 0.731908
90.075467348 3.559184 2.543576 0.000000 0.000000 0.000000 0.681401 0.731910
90.136802912 3.560818 2.556104 0.000000 0.000000 0.000000 0.681304 0.732000
90.217718840 3.562137 2.571854 0.000000 0.000000 0.000000 0.681211 0.732087
90.282570362 3.562887 2.583957 0.000000 0.000000 0.000000 0.681167 0.732128
90.377734184 3.564380 2.602558 0.000000 0.000000 0.000000 0.681294 0.732010
90.428593874 3.564297 2.612527 0.000000 0.000000 0.000000 0.681297 0.732007
90.510604858 3.565499 2.627542 0.000000 0.000000 0.000000 0.681419 0.731893
90.568803549 3.566434 2.639453 0.000000 0.000000 0.000000 0.681738 0.731597
90.669097900 3.567733 2.659757 0.000000 0.000000 0.000000 0.681630 0.731697
90.734403133 3.568308 2.671908 0.000000 0.000000 0.000000 0.681495 0.731823
90.817264557 3.569249 2.688878 0.000000 0.000000 0.000000 0.681437 0.731877
90.874949217 3.569785 2.698975 0.000000 0.000000 0.000000 0.681546 0.731775
90.977848291 3.570318 2.719601 0.000000 0.000000 0.000000 0.681450 0.731864
91.038990498 3.572069 2.732961 0.000000 0.000000 0.000000 0.681100 0.732191
91.132968187 3.573907 2.750542 0.000000 0.000000 0.000000 0.681148 0.732146
91.184181929 3.574286 2.762262 0.000000 0.000000 0.000000 0.680991 0.732291
91.277483940 3.574534 2.779143 0.000000 0.000000 0.000000 0.681068 0.732220
91.333750963 3.575701 2.791009 0.000000 0.000000 0.000000 0.681289 0.732014
91.435931683 3.576475 2.810138 0.000000 0.000000 0.000000 0.681140 0.732153
91.490885019 3.576303 2.821298 0.000000 0.000000 0.000000 0.680987 0.732296
91.596405983 3.577253 2.842692 0.000000 0.000000 0.000000 0.681158 0.732136
91.657889366 3.578399 2.855558 0.000000 0.000000 0.000000 0.681232 0.732068
91.744920015 3.579788 2.872819 0.000000 0.000000 0.000000 0.680540 0.732711
91.803375244 3.579986 2.882991 0.000000 0.000000 0.000000 0.680666 0.732594
91.889576912 3.581818 2.897909 0.000000 0.000000 0.000000 0.680658 0.732602
91.950321198 3.582388 2.908619 0.000000 0.000000 0.000000 0.680546 0.732706
92.040585995 3.582309 2.926008 0.000000 0.000000 0.000000 0.680360 0.732878
92.095539570 3.583485 2.936051 0.000000 0.000000 0.000000 0.680458 0.732787
92.180634975 3.584240 2.951097 0.000000 0.000000 0.000000 0.680586 0.732668
92.233907700 3.584228 2.960294 0.000000 0.000000 0.000000 0.680603 0.732652
92.324627161 3.586572 2.978206 0.000000 0.000000 0.000000 0.680463 0.732783
92.377721786 3.587076 2.988776 0.000000 0.000000 0.000000 0.680398 0.732842
92.477380037 3.588227 3.007452 0.000000 0.000000 0.000000 0.680255 0.732976
92.527386665 3.587446 3.018256 0.000000 0.000000 0.000000 0.680281 0.732951
92.615924358 3.587194 3.036027 0.000000 0.000000 0.000000 0.680490 0.732757
92.672314167 3.588291 3.046836 0.000000 0.000000 0.000000 0.680177 0.733048
92.773890257 3.590560 3.067285 0.000000 0.000000 0.000000 0.680192 0.733034
92.833395958 3.591327 3.079634 0.000000 0.000000 0.000000 0.680132 0.733090
92.924817085 3.593282 3.098311 0.000000 0.000000 0.000000 0.680445 0.732799
92.988978386 3.595253 3.111598 0.000000 0.000000 0.000000 0.680512 0.732737
93.100240469 3.596243 3.134031 0.000000 0.000000 0.000000 0.680306 0.732928
93.152472734 3.596827 3.143479 0.000000 0.000000 0.000000 0.680373 0.732866
93.248969555 3.599484 3.162598 0.000000 0.000000 0.000000 0.680583 0.732671
93.302347898 3.601075 3.174384 0.000000 0.000000 0.000000 0.680793 0.732476
93.402684212 3.601568 3.194723 0.000000 0.000000 0.000000 0.680809 0.732461
93.454676867 3.603207 3.205954 0.000000 0.000000 0.000000 0.680915 0.732362
93.552758694 3.604126 3.226473 0.000000 0.000000 0.000000 0.681186 0.732110
93.613630056 3.605576 3.238959 0.000000 0.000000 0.000000 0.681202 0.732095
93.707502604 3.608177 3.257169 0.000000 0.000000 0.000000 0.680953 0.732327
93.764230251 3.609537 3.269608 0.000000 0.000000 0.000000 0.681001 0.732283
93.873910427 3.612014 3.291148 0.000000 0.000000 0.000000 0.680987 0.732295
93.914932251 3.613524 3.298620 0.000000 0.000000 0.000000 0.680932 0.732347
94.005584240 3.615613 3.316713 0.000000 0.000000 0.000000 0.680815 0.732456
94.060539484 3.617091 3.327901 0.000000 0.000000 0.000000 0.680945 0.732335
94.156020403 3.618811 3.348389 0.000000 0.000000 0.000000 0.680585 0.732669
94.210253716 3.619129 3.359170 0.000000 0.000000 0.000000 0.680587 0.732668
94.306135893 3.620103 3.379604 0.000000 0.000000 0.000000 0.680573 0.732681
94.372974396 3.621696 3.392783 0.000000 0.000000 0.000000 0.680509 0.732740
94.471097946 3.622232 3.411799 0.000000 0.000000 0.000000 0.680221 0.733007
94.529613972 3.623225 3.424032 0.000000 0.000000 0.000000 0.680042 0.733173
94.627149820 3.624311 3.443963 0.000000 0.000000 0.000000 0.679861 0.733341
94.671769142 3.625283 3.454036 0.000000 0.000000 0.000000 0.679843 0.733358
94.763330460 3.628010 3.470940 0.000000 0.000000 0.000000 0.679905 0.733300
94.822440624 3.629152 3.483023 0.000000 0.000000 0.000000 0.679922 0.733285
94.912670851 3.630593 3.500597 0.000000 0.000000 0.000000 0.679956 0.733253
94.978972197 3.630976 3.513148 0.000000 0.000000 0.000000 0.680136 0.733086
95.068254471 3.632673 3.529813 0.000000 0.000000 0.000000 0.680085 0.733133
95.123470068 3.633753 3.540775 0.000000 0.000000 0.000000 0.680562 0.732690
95.210581541 3.634525 3.557561 0.000000 0.000000 0.000000 0.680600 0.732655
95.261231899 3.634462 3.568924 0.000000 0.000000 0.000000 0.680333 0.732903
95.358219862 3.635473 3.588226 0.000000 0.000000 0.000000 0.680400 0.732841
95.405269146 3.636165 3.598109 0.000000 0.000000 0.000000 0.680617 0.732639
95.495450497 3.635328 3.598617 0.000000 0.000000 0.000000 0.680585 0.732670
95.556711435 3.635660 3.599024 0.000000 0.000000 0.000000 0.680778 0.732490
95.654532194 3.635803 3.598720 0.000000 0.000000 0.000000 0.680735 0.732530
95.718507051 3.635175 3.598340 0.000000 0.000000 0.000000 0.680769 0.732498
95.809733868 3.635821 3.598877 0.000000 0.000000 0.000000 0.680994 0.732289
95.869915009 3.634650 3.599337 0.000000 0.000000 0.000000 0.681142 0.732152
95.968504429 3.634528 3.599229 0.000000 0.000000 0.000000 0.680895 0.732381
96.013655424 3.634401 3.600965 0.000000 0.000000 0.000000 0.681244 0.732057
96.105460644 3.635172 3.600525 0.000000 0.000000 0.000000 0.681337 0.731970
96.151817083 3.635093 3.600044 0.000000 0.000000 0.000000 0.681537 0.731784
96.249305487 3.635246 3.600823 0.000000 0.000000 0.000000 0.681538 0.731782
96.313171148 3.635509 3.602594 0.000000 0.000000 0.000000 0.681551 0.731770
96.411842108 3.634726 3.603025 0.000000 0.000000 0.000000 0.681438 0.731876
96.483254194 3.635104 3.602565 0.000000 0.000000 0.000000 0.681265 0.732037
96.576039553 3.634077 3.601844 0.000000 0.000000 0.000000 0.681207 0.732090
96.634468794 3.634688 3.601728 0.000000 0.000000 0.000000 0.681129 0.732164
96.723625898 3.634063 3.600627 0.000000 0.000000 0.000000 0.681024 0.732261
96.781600475 3.634072 3.599740 0.000000 0.000000 0.000000 0.681048 0.732239
96.866395235 3.633308 3.599671 0.000000 0.000000 0.000000 0.680832 0.732440
96.921135187 3.633750 3.599247 0.000000 0.000000 0.000000 0.680757 0.732510
97.019036293 3.634124 3.597911 0.000000 0.000000 0.000000 0.680651 0.732607
97.060910940 3.633934 3.598175 0.000000 0.000000 0.000000 0.680720 0.732544
97.153807163 3.635635 3.598017 0.000000 0.000000 0.000000 0.680549 0.732703
97.211027622 3.635688 3.598361 0.000000 0.000000 0.000000 0.680277 0.732955
97.305245876 3.634886 3.599740 0.000000 0.000000 0.000000 0.680345 0.732892
97.364989996 3.634445 3.600147 0.000000 0.000000 0.000000 0.680186 0.733040
97.465471268 3.635414 3.600699 0.000000 0.000000 0.000000 0.679970 0.733240
97.531141281 3.634330 3.600881 0.000000 0.000000 0.000000 0.679807 0.733391
97.607466698 3.635398 3.600893 0.000000 0.000000 0.000000 0.679730 0.733463
97.670571327 3.633669 3.600399 0.000000 0.000000 0.000000 0.679563 0.733617
97.761371374 3.635130 3.601310 0.000000 0.000000 0.000000 0.679728 0.733464
97.826786518 3.635595 3.600228 0.000000 0.000000 0.000000 0.679323 0.733839
97.904732704 3.635520 3.600588 0.000000 0.000000 0.000000 0.679215 0.733939
97.972033739 3.635766 3.600894 0.000000 0.000000 0.000000 0.679424 0.733746
98.065672398 3.636669 3.600730 0.000000 0.000000 0.000000 0.679430 0.733740
98.120881319 3.636325 3.601323 0.000000 0.000000 0.000000 0.679454 0.733718
98.209275961 3.636374 3.600472 0.000000 0.000000 0.000000 0.679668 0.733520
98.266049623 3.636865 3.600744 0.000000 0.000000 0.000000 0.679808 0.733390
98.353181839 3.636884 3.601016 0.000000 0.000000 0.000000 0.679816 0.733382
98.403073549 3.637179 3.600776 0.000000 0.000000 0.000000 0.679902 0.733303
98.490382910 3.636745 3.599924 0.000000 0.000000 0.000000 0.679901 0.733304
98.542252064 3.636788 3.598959 0.000000 0.000000 0.000000 0.680065 0.733152
98.624454260 3.637251 3.599147 0.000000 0.000000 0.000000 0.680257 0.732974
98.685510397 3.637874 3.599805 0.000000 0.000000 0.000000 0.680194 0.733032
98.779605627 3.636233 3.596191 0.000000 0.000000 0.000000 0.679817 0.733381
98.838194609 3.635460 3.595417 0.000000 0.000000 0.000000 0.679881 0.733323
98.929908276 3.635072 3.595260 0.000000 0.000000 0.000000 0.679824 0.733376
98.986426353 3.635500 3.594412 0.000000 0.000000 0.000000 0.679997 0.733215
99.090990067 3.635388 3.594414 0.000000 0.000000 0.000000 0.679872 0.733331
99.137984037 3.636331 3.593902 0.000000 0.000000 0.000000 0.679897 0.733308
99.222180128 3.636576 3.593373 0.000000 0.000000 0.000000 0.679847 0.733354
99.274515629 3.636443 3.592999 0.000000 0.000000 0.000000 0.679804 0.733394
99.372492313 3.637511 3.593239 0.000000 0.000000 0.000000 0.679670 0.733518
99.430688858 3.636540 3.593039 0.000000 0.000000 0.000000 0.679628 0.733557
99.544572830 3.637258 3.593341 0.000000 0.000000 0.000000 0.679752 0.733442
99.586899042 3.637416 3.593388 0.000000 0.000000 0.000000 0.679774 0.733421
99.684531927 3.637819 3.592774 0.000000 0.000000 0.000000 0.679703 0.733487
99.732462883 3.638121 3.592728 0.000000 0.000000 0.000000 0.679586 0.733596
99.817482233 3.638927 3.593535 0.000000 0.000000 0.000000 0.679777 0.733419
99.865893364 3.639866 3.593745 0.000000 0.000000 0.000000 0.679851 0.733350
99.974117994 3.640176 3.593315 0.000000 0.000000 0.000000 0.679725 0.733467
100.008396149 3.640092 3.593026 0.000000 0.000000 0.000000 0.679573 0.733608
100.099959850 3.640063 3.593643 0.000000 0.000000 0.000000 0.679465 0.733708
100.157341719 3.639273 3.593428 0.000000 0.000000 0.000000 0.679536 0.733642
100.251402378 3.638826 3.593558 0.000000 0.000000 0.000000 0.679550 0.733629
100.296842813 3.639385 3.594249 0.000000 0.000000 0.000000 0.679653 0.733533
100.386153460 3.639099 3.592548 0.000000 0.000000 0.000000 0.679851 0.733351
100.438560963 3.637957 3.592609 0.000000 0.000000 0.000000 0.679938 0.733269
100.523025513 3.637906 3.592629 0.000000 0.000000 0.000000 0.679808 0.733390
100.578892708 3.637163 3.592276 0.000000 0.000000 0.000000 0.679701 0.733489
100.666844606 3.637466 3.591946 0.000000 0.000000 0.000000 0.679666 0.733522
100.717916250 3.636761 3.591651 0.000000 0.000000 0.000000 0.679794 0.733403
100.814438343 3.637097 3.592312 0.000000 0.000000 0.000000 0.679868 0.733334
100.859156370 3.638729 3.592341 0.000000 0.000000 0.000000 0.679843 0.733357
100.952885628 3.637886 3.592743 0.000000 0.000000 0.000000 0.679814 0.733384
101.000487804 3.638292 3.592604 0.000000 0.000000 0.000000 0.679782 0.733414
101.085479736 3.637699 3.593020 0.000000 0.000000 0.000000 0.679955 0.733254
101.136031866 3.638035 3.593627 0.000000 0.000000 0.000000 0.680019 0.733194
101.229514122 3.638207 3.593047 0.000000 0.000000 0.000000 0.679932 0.733275
101.274351120 3.637806 3.593522 0.000000 0.000000 0.000000 0.679757 0.733438
101.373620749 3.637773 3.594598 0.000000 0.000000 0.000000 0.679829 0.733370
101.426921129 3.638148 3.594845 0.000000 0.000000 0.000000 0.679983 0.733228
101.521782160 3.638094 3.596174 0.000000 0.000000 0.000000 0.679811 0.733387
101.570658922 3.639013 3.596028 0.000000 0.000000 0.000000 0.679695 0.733495
101.657437325 3.638768 3.595872 0.000000 0.000000 0.000000 0.679614 0.733570
101.713495970 3.639631 3.594554 0.000000 0.000000 0.000000 0.679453 0.733719
101.799236774 3.639963 3.594806 0.000000 0.000000 0.000000 0.679405 0.733764
101.849389791 3.640590 3.595108 0.000000 0.000000 0.000000 0.679318 0.733844
101.945839167 3.639683 3.595767 0.000000 0.000000 0.000000 0.679466 0.733707
101.999189854 3.639118 3.594723 0.000000 0.000000 0.000000 0.679337 0.733827
102.086042404 3.638801 3.594714 0.000000 0.000000 0.000000 0.679160 0.733991
102.136522293 3.639949 3.594618 0.000000 0.000000 0.000000 0.679134 0.734014
102.221495152 3.639484 3.595870 0.000000 0.000000 0.000000 0.678802 0.734321
102.276251078 3.644153 3.594896 0.000000 0.000000 0.000000 0.678710 0.734406
102.367645025 3.644632 3.595432 0.000000 0.000000 0.000000 0.678667 0.734446
102.423708200 3.644421 3.595631 0.000000 0.000000 0.000000 0.678465 0.734633
102.525077105 3.643479 3.596881 0.000000 0.000000 0.000000 0.678422 0.734672
102.574762106 3.643537 3.597126 0.000000 0.000000 0.000000 0.678500 0.734601
102.674291134 3.644060 3.597613 0.000000 0.000000 0.000000 0.678406 0.734687
