56.000000000 -0.000725 1.001965 0.000000 0.000000 0.000000 -0.013834 0.999904
56.092626333 -0.005788 0.998623 0.000000 0.000000 0.000000 -0.012546 0.999921
56.136488199 -0.010199 0.994103 0.000000 0.000000 0.000000 -0.011718 0.999931
56.234569073 -0.010403 1.000590 0.000000 0.000000 0.000000 -0.012754 0.999919
56.291095257 -0.011871 0.999146 0.000000 0.000000 0.000000 -0.012237 0.999925
56.384810448 -0.013416 0.998222 0.000000 0.000000 0.000000 -0.012002 0.999928
56.432573795 -0.014509 0.999439 0.000000 0.000000 0.000000 -0.012114 0.999927
56.517774343 -0.014799 0.999365 0.000000 0.000000 0.000000 -0.012519 0.999922
56.566277504 -0.014918 1.000305 0.000000 0.000000 0.000000 -0.012390 0.999923
56.658776283 -0.015077 1.001270 0.000000 0.000000 0.000000 -0.012667 0.999920
56.719421625 -0.017985 1.002036 0.000000 0.000000 0.000000 -0.013057 0.999915
56.806190968 -0.018245 1.002938 0.000000 0.000000 0.000000 -0.013242 0.999912
56.859033823 -0.018951 1.002879 0.000000 0.000000 0.000000 -0.013623 0.999907
56.956225157 -0.020170 1.003915 0.000000 0.000000 0.000000 -0.014211 0.999899
56.992516994 -0.016848 1.004859 0.000000 0.000000 0.000000 -0.014275 0.999898
57.085117579 -0.015566 1.006866 0.000000 0.000000 0.000000 -0.014766 0.999891
57.135342836 -0.015172 1.007677 0.000000 0.000000 0.000000 -0.014916 0.999889
57.226917267 -0.016738 1.007697 0.000000 0.000000 0.000000 -0.015622 0.999878
57.280653477 -0.015609 1.008050 0.000000 0.000000 0.000000 -0.015196 0.999885
57.376023293 -0.015484 1.007759 0.000000 0.000000 0.000000 -0.015616 0.999878
57.421943903 -0.016356 1.007961 0.000000 0.000000 0.000000 -0.015279 0.999883
57.506844759 -0.016419 1.010945 0.000000 0.000000 0.000000 -0.015410 0.999881
57.561612844 -0.017220 1.010400 0.000000 0.000000 0.000000 -0.014785 0.999891
57.661116600 -0.019887 1.009284 0.000000 0.000000 0.000000 -0.014655 0.999893
57.713097334 -0.020887 1.007333 0.000000 0.000000 0.000000 -0.014975 0.999888
57.818692207 -0.022662 1.008113 0.000000 0.000000 0.000000 -0.015132 0.999886
57.857132435 -0.023309 1.009088 0.000000 0.000000 0.000000 -0.015331 0.999882
57.942367077 -0.025447 1.008014 0.000000 0.000000 0.000000 -0.015669 0.999877
57.993121147 -0.027153 1.008657 0.000000 0.000000 0.000000 -0.015635 0.999878
58.084053516 -0.028167 1.008203 0.000000 0.000000 0.000000 -0.015899 0.999874
58.134043932 -0.028551 1.008322 0.000000 0.000000 0.000000 -0.015988 0.999872
58.226578236 -0.030683 1.008089 0.000000 0.000000 0.000000 -0.016142 0.999870
58.278188705 -0.031999 1.007563 0.000000 0.000000 0.000000 -0.016201 0.999869
58.375108480 -0.031438 1.010257 0.000000 0.000000 0.000000 -0.016373 0.999866
58.432198524 -0.031170 1.009766 0.000000 0.000000 0.000000 -0.016644 0.999861
58.513686180 -0.033134 1.009519 0.000000 0.000000 0.000000 -0.016835 0.999858
58.577755451 -0.033103 1.009456 0.000000 0.000000 0.000000 -0.017123 0.999853
58.663658381 -0.034833 1.008379 0.000000 0.000000 0.000000 -0.017189 0.999852
58.721382856 -0.035278 1.006443 0.000000 0.000000 0.000000 -0.017006 0.999855
58.811643362 -0.034816 1.007140 0.000000 0.000000 0.000000 -0.016869 0.999858
58.859117508 -0.034883 1.004764 0.000000 0.000000 0.000000 -0.017268 0.999851
58.954252720 -0.036277 1.004040 0.000000 0.000000 0.000000 -0.017071 0.999854
59.016629219 -0.036559 1.003430 0.000000 0.000000 0.000000 -0.016964 0.999856
59.106379747 -0.037696 1.003354 0.000000 0.000000 0.000000 -0.017116 0.999854
59.158839226 -0.038628 1.002465 0.000000 0.000000 0.000000 -0.016772 0.999859
59.239713192 -0.039192 1.001422 0.000000 0.000000 0.000000 -0.016751 0.999860
59.295119047 -0.040606 1.000652 0.000000 0.000000 0.000000 -0.016497 0.999864
59.400145054 -0.039838 1.000465 0.000000 0.000000 0.000000 -0.016672 0.999861
59.447155952 -0.041052 1.000131 0.000000 0.000000 0.000000 -0.016823 0.999858
59.543852329 -0.042309 0.998272 0.000000 0.000000 0.000000 -0.016983 0.999856
59.590034962 -0.043247 0.998898 0.000000 0.000000 0.000000 -0.016922 0.999857
59.665421247 -0.041727 0.999407 0.000000 0.000000 0.000000 -0.016592 0.999862
59.720851421 -0.042096 0.997494 0.000000 0.000000 0.000000 -0.016398 0.999866
59.805132151 -0.042862 0.998381 0.000000 0.000000 0.000000 -0.015854 0.999874
59.860359430 -0.041898 0.999336 0.000000 0.000000 0.000000 -0.015949 0.999873
59.957119226 -0.042221 0.999277 0.000000 0.000000 0.000000 -0.015882 0.999874
60.005816936 -0.042469 1.000172 0.000000 0.000000 0.000000 -0.015098 0.999886
60.089397669 -0.040461 1.001847 0.000000 0.000000 0.000000 -0.015276 0.999883
60.138172865 -0.041842 0.999756 0.000000 0.000000 0.000000 -0.015506 0.999880
60.220950127 -0.040672 0.999887 0.000000 0.000000 0.000000 -0.015425 0.999881
60.272440672 -0.041852 0.998844 0.000000 0.000000 0.000000 -0.015627 0.999878
60.365985632 -0.042149 0.998804 0.000000 0.000000 0.000000 -0.015445 0.999881
60.419920921 -0.044004 0.997751 0.000000 0.000000 0.000000 -0.015532 0.999879
60.517887354 -0.043146 0.997899 0.000000 0.000000 0.000000 -0.015937 0.999873
60.576246977 -0.041526 0.998946 0.000000 0.000000 0.000000 -0.015673 0.999877
60.661265135 -0.041253 0.998150 0.000000 0.000000 0.000000 -0.015552 0.999879
60.720116138 -0.042132 0.998681 0.000000 0.000000 0.000000 -0.015886 0.999874
60.806773424 -0.042637 0.998202 0.000000 0.000000 0.000000 -0.016025 0.999872
60.856551170 -0.044221 0.996693 0.000000 0.000000 0.000000 -0.016312 0.999867
60.954911470 -0.043469 0.997030 0.000000 0.000000 0.000000 -0.016090 0.999871
61.012297630 -0.044634 0.997498 0.000000 0.000000 0.000000 -0.016292 0.999867
61.109639168 -0.043717 0.996761 0.000000 0.000000 0.000000 -0.016648 0.999861
61.157109976 -0.043477 0.996664 0.000000 0.000000 0.000000 -0.016890 0.999857
61.239634752 -0.044052 0.997585 0.000000 0.000000 0.000000 -0.016925 0.999857
61.291578770 -0.042184 0.997055 0.000000 0.000000 0.000000 -0.016552 0.999863
61.377224922 -0.040092 0.997708 0.000000 0.000000 0.000000 -0.016243 0.999868
61.424571276 -0.038344 0.997984 0.000000 0.000000 0.000000 -0.016883 0.999857
61.517945051 -0.039148 0.998541 0.000000 0.000000 0.000000 -0.017023 0.999855
61.571182013 -0.038614 0.999777 0.000000 0.000000 0.000000 -0.016941 0.999856
61.674693108 -0.038244 0.999465 0.000000 0.000000 0.000000 -0.016908 0.999857
61.731230259 -0.038845 0.999286 0.000000 0.000000 0.000000 -0.016361 0.999866
61.823836803 -0.039994 0.999336 0.000000 0.000000 0.000000 -0.016848 0.999858
61.867137194 -0.039750 0.998278 0.000000 0.000000 0.000000 -0.017129 0.999853
61.957184315 -0.038606 0.999547 0.000000 0.000000 0.000000 -0.017022 0.999855
62.007257462 -0.038523 0.997275 0.000000 0.000000 0.000000 -0.017163 0.999853
62.096065044 -0.037672 0.996159 0.000000 0.000000 0.000000 -0.017338 0.999850
62.149833441 -0.038153 0.995464 0.000000 0.000000 0.000000 -0.017094 0.999854
62.231528997 -0.019756 0.995179 0.000000 0.000000 0.000000 -0.017092 0.999854
62.288254261 -0.009835 0.994437 0.000000 0.000000 0.000000 -0.016575 0.999863
62.372793436 0.007885 0.993422 0.000000 0.000000 0.000000 -0.016794 0.999859
62.437046528 0.020393 0.992486 0.000000 0.000000 0.000000 -0.016925 0.999857
62.518205643 0.036953 0.993041 0.000000 0.000000 0.000000 -0.017188 0.999852
62.573649645 0.048101 0.993108 0.000000 0.000000 0.000000 -0.017041 0.999855
62.658019066 0.066872 0.993632 0.000000 0.000000 0.000000 -0.016655 0.999861
62.708748341 0.077573 0.993224 0.000000 0.000000 0.000000 -0.016551 0.999863
62.802901506 0.095655 0.990816 0.000000 0.000000 0.000000 -0.017074 0.999854
62.862125397 0.106830 0.990989 0.000000 0.000000 0.000000 -0.017187 0.999852
62.944721937 0.121864 0.988990 0.000000 0.000000 0.000000 -0.016955 0.999856
63.001682520 0.132357 0.989132 0.000000 0.000000 0.000000 -0.017003 0.999855
63.096352816 0.150958 0.988049 0.000000 0.000000 0.000000 -0.017046 0.999855
63.140980959 0.160902 0.987548 0.000000 0.000000 0.000000 -0.017143 0.999853
63.224403381 0.176928 0.986774 0.000000 0.000000 0.000000 -0.017463 0.999848
63.278097630 0.187669 0.986615 0.000000 0.000000 0.000000 -0.017321 0.999850
63.378735542 0.206313 0.985946 0.000000 0.000000 0.000000 -0.017538 0.999846
63.429337263 0.217046 0.986659 0.000000 0.000000 0.000000 -0.017653 0.999844
63.507558107 0.234034 0.985429 0.000000 0.000000 0.000000 -0.017966 0.999839
63.561244726 0.245059 0.984728 0.000000 0.000000 0.000000 -0.017809 0.999841
63.651183605 0.263757 0.984801 0.000000 0.000000 0.000000 -0.017470 0.999847
63.722069025 0.279082 0.985359 0.000000 0.000000 0.000000 -0.017407 0.999848
63.818211794 0.296837 0.985520 0.000000 0.000000 0.000000 -0.017271 0.999851
63.867984533 0.305811 0.985254 0.000000 0.000000 0.000000 -0.017126 0.999853
63.954170942 0.324160 0.984275 0.000000 0.000000 0.000000 -0.017204 0.999852
64.007827759 0.333945 0.983480 0.000000 0.000000 0.000000 -0.017121 0.999853
64.098969221 0.352433 0.982108 0.000000 0.000000 0.000000 -0.017484 0.999847
64.150251389 0.360576 0.981965 0.000000 0.000000 0.000000 -0.017561 0.999846
64.240028858 0.378235 0.982882 0.000000 0.000000 0.000000 -0.017286 0.999851
64.291742325 0.388184 0.983421 0.000000 0.000000 0.000000 -0.016786 0.999859
64.384911537 0.406407 0.981740 0.000000 0.000000 0.000000 -0.016690 0.999861
64.438662767 0.416907 0.980923 0.000000 0.000000 0.000000 -0.016683 0.999861
64.529100657 0.434651 0.981041 0.000000 0.000000 0.000000 -0.016459 0.999865
64.581606388 0.444540 0.979735 0.000000 0.000000 0.000000 -0.016196 0.999869
64.666499376 0.463909 0.980346 0.000000 0.000000 0.000000 -0.015922 0.999873
64.719514608 0.475439 0.979642 0.000000 0.000000 0.000000 -0.015136 0.999885
64.801486015 0.491134 0.979147 0.000000 0.000000 0.000000 -0.014133 0.999900
64.853920698 0.500871 0.978152 0.000000 0.000000 0.000000 -0.013921 0.999903
64.943417788 0.518111 0.975578 0.000000 0.000000 0.000000 -0.013544 0.999908
64.995023489 0.528911 0.976789 0.000000 0.000000 0.000000 -0.013560 0.999908
65.076430798 0.544870 0.977355 0.000000 0.000000 0.000000 -0.013677 0.999906
65.137303352 0.557081 0.976789 0.000000 0.000000 0.000000 -0.013719 0.999906
65.235720634 0.577300 0.976992 0.000000 0.000000 0.000000 -0.013765 0.999905
65.286878586 0.587939 0.975256 0.000000 0.000000 0.000000 -0.013462 0.999909
65.388996363 0.607714 0.973860 0.000000 0.000000 0.000000 -0.013880 0.999904
65.443364143 0.617762 0.972549 0.000000 0.000000 0.000000 -0.013967 0.999902
65.533442974 0.634278 0.971181 0.000000 0.000000 0.000000 -0.013660 0.999907
65.583643198 0.644336 0.971549 0.000000 0.000000 0.000000 -0.013158 0.999913
65.666572094 0.665711 0.971247 0.000000 0.000000 0.000000 -0.014341 0.999897
65.718314648 0.676553 0.970458 0.000000 0.000000 0.000000 -0.014114 0.999900
65.813969851 0.694479 0.969199 0.000000 0.000000 0.000000 -0.013751 0.999905
65.860479355 0.702061 0.969434 0.000000 0.000000 0.000000 -0.013663 0.999907
65.949100494 0.718240 0.969500 0.000000 0.000000 0.000000 -0.013377 0.999911
66.006313324 0.728852 0.968283 0.000000 0.000000 0.000000 -0.013150 0.999914
66.091695070 0.745319 0.966772 0.000000 0.000000 0.000000 -0.012801 0.999918
66.150105000 0.755444 0.966830 0.000000 0.000000 0.000000 -0.012869 0.999917
66.245607138 0.772759 0.965027 0.000000 0.000000 0.000000 -0.012766 0.999919
66.289936066 0.780956 0.964871 0.000000 0.000000 0.000000 -0.012558 0.999921
66.374847174 0.797037 0.964276 0.000000 0.000000 0.000000 -0.012015 0.999928
66.427448988 0.806832 0.963923 0.000000 0.000000 0.000000 -0.011743 0.999931
66.515174389 0.823798 0.961223 0.000000 0.000000 0.000000 -0.011714 0.999931
66.565155268 0.832164 0.962074 0.000000 0.000000 0.000000 -0.011642 0.999932
66.668905973 0.852801 0.962594 0.000000 0.000000 0.000000 -0.011515 0.999934
66.720251560 0.861570 0.964141 0.000000 0.000000 0.000000 -0.011589 0.999933
66.818524122 0.879717 0.965147 0.000000 0.000000 0.000000 -0.011668 0.999932
66.862034321 0.887998 0.966817 0.000000 0.000000 0.000000 -0.011660 0.999932
66.948162079 0.902557 0.966433 0.000000 0.000000 0.000000 -0.010995 0.999940
66.998103142 0.911680 0.966360 0.000000 0.000000 0.000000 -0.011186 0.999937
67.100195885 0.930686 0.964537 0.000000 0.000000 0.000000 -0.011391 0.999935
67.157076359 0.940007 0.963344 0.000000 0.000000 0.000000 -0.011056 0.999939
67.269846916 0.961324 0.963630 0.000000 0.000000 0.000000 -0.011484 0.999934
67.325706720 0.970550 0.961143 0.000000 0.000000 0.000000 -0.011725 0.999931
67.417520761 0.987469 0.959465 0.000000 0.000000 0.000000 -0.011976 0.999928
67.475314379 0.997584 0.961283 0.000000 0.000000 0.000000 -0.012303 0.999924
67.587245464 1.019211 0.959698 0.000000 0.000000 0.000000 -0.012988 0.999916
67.657504320 1.032653 0.959286 0.000000 0.000000 0.000000 -0.013213 0.999913
67.744100571 1.049440 0.957623 0.000000 0.000000 0.000000 -0.013455 0.999909
67.809964418 1.061577 0.956957 0.000000 0.000000 0.000000 -0.013246 0.999912
67.907867193 1.081052 0.957379 0.000000 0.000000 0.000000 -0.013285 0.999912
67.955658197 1.092236 0.955318 0.000000 0.000000 0.000000 -0.012953 0.999916
68.043772697 1.108024 0.951851 0.000000 0.000000 0.000000 -0.012223 0.999925
68.092056751 1.116776 0.951788 0.000000 0.000000 0.000000 -0.012336 0.999924
68.198954105 1.138725 0.952154 0.000000 0.000000 0.000000 -0.012184 0.999926
68.239401817 1.145906 0.952724 0.000000 0.000000 0.000000 -0.012268 0.999925
68.334116697 1.162794 0.951563 0.000000 0.000000 0.000000 -0.011663 0.999932
68.393169165 1.173440 0.952195 0.000000 0.000000 0.000000 -0.011689 0.999932
68.488315105 1.191623 0.950505 0.000000 0.000000 0.000000 -0.011993 0.999928
68.548655272 1.201922 0.946830 0.000000 0.000000 0.000000 -0.011861 0.999930
68.628951550 1.217350 0.946090 0.000000 0.000000 0.000000 -0.012393 0.999923
68.688163757 1.228485 0.945238 0.000000 0.000000 0.000000 -0.012539 0.999921
68.771270037 1.245184 0.944579 0.000000 0.000000 0.000000 -0.012099 0.999927
68.824939728 1.255960 0.943283 0.000000 0.000000 0.000000 -0.011946 0.999929
68.927378178 1.276335 0.943629 0.000000 0.000000 0.000000 -0.012017 0.999928
68.988554239 1.289274 0.943390 0.000000 0.000000 0.000000 -0.011786 0.999931
69.091393948 1.308744 0.942688 0.000000 0.000000 0.000000 -0.011715 0.999931
69.142657280 1.318430 0.941119 0.000000 0.000000 0.000000 -0.011451 0.999934
69.226943970 1.335098 0.939521 0.000000 0.000000 0.000000 -0.011034 0.999939
69.291504383 1.347227 0.939425 0.000000 0.000000 0.000000 -0.010686 0.999943
69.395749092 1.367613 0.938001 0.000000 0.000000 0.000000 -0.010389 0.999946
69.444655418 1.376754 0.936273 0.000000 0.000000 0.000000 -0.009990 0.999950
69.543005466 1.397137 0.936248 0.000000 0.000000 0.000000 -0.009623 0.999954
69.595045090 1.408836 0.935486 0.000000 0.000000 0.000000 -0.009558 0.999954
69.695927858 1.429417 0.934594 0.000000 0.000000 0.000000 -0.009037 0.999959
69.753221989 1.439708 0.933427 0.000000 0.000000 0.000000 -0.009461 0.999955
69.852281094 1.458357 0.931758 0.000000 0.000000 0.000000 -0.009659 0.999953
69.909631014 1.469240 0.931988 0.000000 0.000000 0.000000 -0.009151 0.999958
70.003495455 1.487873 0.932287 0.000000 0.000000 0.000000 -0.009290 0.999957
70.055417776 1.498224 0.931939 0.000000 0.000000 0.000000 -0.009013 0.999959
70.137858391 1.515370 0.932242 0.000000 0.000000 0.000000 -0.008726 0.999962
70.199167728 1.527794 0.932499 0.000000 0.000000 0.000000 -0.008333 0.999965
70.302878618 1.548336 0.931909 0.000000 0.000000 0.000000 -0.008224 0.999966
70.369396687 1.560928 0.933777 0.000000 0.000000 0.000000 -0.008269 0.999966
70.461210728 1.581667 0.932536 0.000000 0.000000 0.000000 -0.008367 0.999965
70.509778738 1.592397 0.930648 0.000000 0.000000 0.000000 -0.008739 0.999962
70.599387646 1.609583 0.931619 0.000000 0.000000 0.000000 -0.009103 0.999959
70.656033039 1.621894 0.930037 0.000000 0.000000 0.000000 -0.009190 0.999958
70.768153429 1.645211 0.929065 0.000000 0.000000 0.000000 -0.009182 0.999958
70.815999985 1.655431 0.929182 0.000000 0.000000 0.000000 -0.009596 0.999954
70.900581121 1.670839 0.930565 0.000000 0.000000 0.000000 -0.009674 0.999953
70.955633402 1.680775 0.928600 0.000000 0.000000 0.000000 -0.009130 0.999958
71.042252779 1.698743 0.926017 0.000000 0.000000 0.000000 -0.009204 0.999958
71.103641987 1.710962 0.927279 0.000000 0.000000 0.000000 -0.009678 0.999953
71.186776161 1.728672 0.926005 0.000000 0.000000 0.000000 -0.009883 0.999951
71.250498533 1.740828 0.924841 0.000000 0.000000 0.000000 -0.009908 0.999951
71.341936827 1.745042 0.925030 0.000000 0.000000 0.000000 -0.001399 0.999999
71.393325806 1.748106 0.925537 0.000000 0.000000 0.000000 0.003375 0.999994
71.487019539 1.753848 0.923754 0.000000 0.000000 0.000000 0.012623 0.999920
71.537977695 1.756509 0.923894 0.000000 0.000000 0.000000 0.017950 0.999839
71.626116753 1.758890 0.925251 0.000000 0.000000 0.000000 0.025536 0.999674
71.682151079 1.762181 0.925128 0.000000 0.000000 0.000000 0.030954 0.999521
71.763496399 1.764720 0.924695 0.000000 0.000000 0.000000 0.039268 0.999229
71.820455313 1.766601 0.924799 0.000000 0.000000 0.000000 0.045019 0.998986
71.918866396 1.771520 0.926145 0.000000 0.000000 0.000000 0.054225 0.998529
71.975845575 1.775417 0.928885 0.000000 0.000000 0.000000 0.060192 0.998187
72.068582535 1.780953 0.928692 0.000000 0.000000 0.000000 0.069179 0.997604
72.122643709 1.784333 0.927981 0.000000 0.000000 0.000000 0.074754 0.997202
72.217851877 1.802629 0.931257 0.000000 0.000000 0.000000 0.075113 0.997175
72.265589714 1.810783 0.932161 0.000000 0.000000 0.000000 0.074874 0.997193
72.354194641 1.827947 0.931685 0.000000 0.000000 0.000000 0.074975 0.997185
72.403216600 1.836829 0.933583 0.000000 0.000000 0.000000 0.075028 0.997181
72.504085302 1.856648 0.935950 0.000000 0.000000 0.000000 0.075449 0.997150
72.559812546 1.869416 0.937679 0.000000 0.000000 0.000000 0.075081 0.997177
72.641114473 1.886612 0.939341 0.000000 0.000000 0.000000 0.075145 0.997173
72.695553064 1.896760 0.942884 0.000000 0.000000 0.000000 0.075194 0.997169
72.784453154 1.915294 0.945075 0.000000 0.000000 0.000000 0.075193 0.997169
72.839464188 1.917400 0.946249 0.000000 0.000000 0.000000 0.080608 0.996746
72.931765556 1.922383 0.945965 0.000000 0.000000 0.000000 0.089930 0.995948
72.986810684 1.922521 0.947837 0.000000 0.000000 0.000000 0.095378 0.995441
73.071648121 1.925554 0.947131 0.000000 0.000000 0.000000 0.103793 0.994599
73.129702330 1.930348 0.947680 0.000000 0.000000 0.000000 0.110182 0.993911
73.227200508 1.935546 0.948577 0.000000 0.000000 0.000000 0.120168 0.992754
73.271549940 1.935941 0.950810 0.000000 0.000000 0.000000 0.124723 0.992192
73.365193605 1.955687 0.956168 0.000000 0.000000 0.000000 0.124875 0.992172
73.410813332 1.962721 0.960606 0.000000 0.000000 0.000000 0.125327 0.992116
73.495560646 1.979799 0.964615 0.000000 0.000000 0.000000 0.125484 0.992096
73.549853325 1.992282 0.965953 0.000000 0.000000 0.000000 0.125476 0.992097
73.635336399 2.008600 0.970341 0.000000 0.000000 0.000000 0.125196 0.992132
73.700213671 2.023841 0.973367 0.000000 0.000000 0.000000 0.125368 0.992110
73.794411182 2.040955 0.978180 0.000000 0.000000 0.000000 0.125509 0.992092
73.851395130 2.053247 0.981416 0.000000 0.000000 0.000000 0.125400 0.992106
73.934927464 2.070163 0.986785 0.000000 0.000000 0.000000 0.125291 0.992120
73.994324923 2.072790 0.988703 0.000000 0.000000 0.000000 0.131376 0.991333
74.076428652 2.077100 0.989250 0.000000 0.000000 0.000000 0.139012 0.990291
74.138641834 2.079572 0.988224 0.000000 0.000000 0.000000 0.144820 0.989458
74.232690811 2.084370 0.990799 0.000000 0.000000 0.000000 0.154016 0.988068
74.284757137 2.085555 0.990912 0.000000 0.000000 0.000000 0.159289 0.987232
74.368963718 2.090434 0.994028 0.000000 0.000000 0.000000 0.167828 0.985816
74.424954653 2.093074 0.997361 0.000000 0.000000 0.000000 0.173023 0.984918
74.512892008 2.097210 1.000272 0.000000 0.000000 0.000000 0.181605 0.983372
74.568120718 2.107048 1.002888 0.000000 0.000000 0.000000 0.181908 0.983316
74.659038782 2.124544 1.011949 0.000000 0.000000 0.000000 0.181959 0.983306
74.720528126 2.136665 1.016451 0.000000 0.000000 0.000000 0.182149 0.983271
74.807915449 2.152578 1.022399 0.000000 0.000000 0.000000 0.182195 0.983262
74.867791891 2.163531 1.028187 0.000000 0.000000 0.000000 0.181991 0.983300
74.956265450 2.181459 1.034898 0.000000 0.000000 0.000000 0.181687 0.983357
75.006022692 2.191156 1.039529 0.000000 0.000000 0.000000 0.181889 0.983319
75.093890429 2.206747 1.044248 0.000000 0.000000 0.000000 0.181824 0.983331
75.151803017 2.218201 1.050000 0.000000 0.000000 0.000000 0.181534 0.983385
75.237923384 2.232943 1.053749 0.000000 0.000000 0.000000 0.181821 0.983332
75.289012432 2.242643 1.057611 0.000000 0.000000 0.000000 0.181842 0.983328
75.377345324 2.257879 1.064038 0.000000 0.000000 0.000000 0.181732 0.983348
75.433693886 2.267592 1.066965 0.000000 0.000000 0.000000 0.181625 0.983368
75.537194490 2.286228 1.074997 0.000000 0.000000 0.000000 0.181775 0.983340
75.586070776 2.295802 1.078600 0.000000 0.000000 0.000000 0.181904 0.983316
75.689361572 2.313281 1.087940 0.000000 0.000000 0.000000 0.182031 0.983293
75.744805098 2.324078 1.092402 0.000000 0.000000 0.000000 0.182152 0.983270
75.826009274 2.339092 1.096723 0.000000 0.000000 0.000000 0.182403 0.983224
75.899021864 2.341656 1.098540 0.000000 0.000000 0.000000 0.189534 0.981874
75.992537260 2.346490 1.100827 0.000000 0.000000 0.000000 0.198374 0.980126
76.056124210 2.349969 1.101378 0.000000 0.000000 0.000000 0.204793 0.978805
76.141805172 2.352291 1.101900 0.000000 0.000000 0.000000 0.213438 0.976957
76.196712971 2.355090 1.103412 0.000000 0.000000 0.000000 0.218798 0.975770
76.279946327 2.359074 1.106063 0.000000 0.000000 0.000000 0.226967 0.973902
76.336917877 2.360015 1.105464 0.000000 0.000000 0.000000 0.233052 0.972464
76.431858301 2.364155 1.107073 0.000000 0.000000 0.000000 0.242187 0.970230
76.487337351 2.372769 1.110929 0.000000 0.000000 0.000000 0.242126 0.970245
76.576975346 2.389473 1.117552 0.000000 0.000000 0.000000 0.241915 0.970297
76.635664701 2.399422 1.122318 0.000000 0.000000 0.000000 0.241733 0.970343
76.736702204 2.415819 1.131445 0.000000 0.000000 0.000000 0.241907 0.970299
76.784813404 2.424209 1.136605 0.000000 0.000000 0.000000 0.242125 0.970245
76.872728825 2.440607 1.145441 0.000000 0.000000 0.000000 0.242469 0.970159
76.940669060 2.452873 1.151886 0.000000 0.000000 0.000000 0.242208 0.970224
77.039191484 2.471084 1.162887 0.000000 0.000000 0.000000 0.242145 0.970240
77.091496944 2.482430 1.169072 0.000000 0.000000 0.000000 0.241833 0.970318
77.178045034 2.488716 1.171372 0.000000 0.000000 0.000000 0.249696 0.968324
77.233334064 2.491160 1.171576 0.000000 0.000000 0.000000 0.255139 0.966904
77.321522951 2.495427 1.173545 0.000000 0.000000 0.000000 0.263786 0.964581
77.385615587 2.498705 1.176841 0.000000 0.000000 0.000000 0.269418 0.963023
77.482558012 2.516600 1.186749 0.000000 0.000000 0.000000 0.269453 0.963014
77.535058022 2.528076 1.187630 0.000000 0.000000 0.000000 0.268526 0.963272
77.635596514 2.545880 1.195991 0.000000 0.000000 0.000000 0.267891 0.963449
77.687636852 2.553541 1.201343 0.000000 0.000000 0.000000 0.267684 0.963507
77.783472538 2.570370 1.209835 0.000000 0.000000 0.000000 0.267835 0.963465
77.833787918 2.578956 1.213636 0.000000 0.000000 0.000000 0.267737 0.963492
77.940711260 2.596029 1.224454 0.000000 0.000000 0.000000 0.267473 0.963565
77.985099792 2.603816 1.229905 0.000000 0.000000 0.000000 0.267384 0.963590
78.074628830 2.617127 1.237575 0.000000 0.000000 0.000000 0.267449 0.963572
78.126539230 2.624065 1.242892 0.000000 0.000000 0.000000 0.267031 0.963688
78.225707769 2.628125 1.243647 0.000000 0.000000 0.000000 0.276236 0.961090
78.287621975 2.631573 1.245701 0.000000 0.000000 0.000000 0.282105 0.959384
78.371752024 2.644729 1.251739 0.000000 0.000000 0.000000 0.282153 0.959369
78.425225496 2.652408 1.258264 0.000000 0.000000 0.000000 0.282303 0.959325
78.525620699 2.668838 1.268711 0.000000 0.000000 0.000000 0.282290 0.959329
78.588539600 2.679885 1.275192 0.000000 0.000000 0.000000 0.282402 0.959296
78.670593977 2.694115 1.282834 0.000000 0.000000 0.000000 0.282072 0.959393
78.735427380 2.706583 1.290384 0.000000 0.000000 0.000000 0.282148 0.959371
78.827690363 2.723345 1.300462 0.000000 0.000000 0.000000 0.281935 0.959434
78.889282465 2.732924 1.305903 0.000000 0.000000 0.000000 0.281925 0.959436
78.986895561 2.749974 1.315658 0.000000 0.000000 0.000000 0.282113 0.959381
79.038242817 2.757975 1.323736 0.000000 0.000000 0.000000 0.281439 0.959579
79.133278370 2.761442 1.326123 0.000000 0.000000 0.000000 0.290147 0.956982
79.188038111 2.763556 1.328251 0.000000 0.000000 0.000000 0.295007 0.955495
79.274859905 2.767065 1.331787 0.000000 0.000000 0.000000 0.303458 0.952845
79.325020790 2.777249 1.338199 0.000000 0.000000 0.000000 0.303761 0.952748
79.419587612 2.793594 1.348720 0.000000 0.000000 0.000000 0.303984 0.952677
79.476016521 2.803064 1.354030 0.000000 0.000000 0.000000 0.303757 0.952750
79.572896481 2.819511 1.365190 0.000000 0.000000 0.000000 0.303998 0.952673
79.625355482 2.829859 1.370455 0.000000 0.000000 0.000000 0.304494 0.952514
79.715934038 2.844537 1.378986 0.000000 0.000000 0.000000 0.304874 0.952393
79.766192913 2.854696 1.385123 0.000000 0.000000 0.000000 0.304771 0.952426
79.851100206 2.869137 1.394791 0.000000 0.000000 0.000000 0.304940 0.952371
79.911969662 2.878713 1.405112 0.000000 0.000000 0.000000 0.304680 0.952455
80.005322218 2.893929 1.414809 0.000000 0.000000 0.000000 0.304692 0.952451
80.049822092 2.897638 1.418394 0.000000 0.000000 0.000000 0.305719 0.952122
80.144307137 2.911767 1.430650 0.000000 0.000000 0.000000 0.305772 0.952105
80.194717646 2.920327 1.437776 0.000000 0.000000 0.000000 0.305570 0.952170
80.283586025 2.923171 1.438788 0.000000 0.000000 0.000000 0.313811 0.949485
80.339012861 2.925182 1.440185 0.000000 0.000000 0.000000 0.319061 0.947734
80.432806969 2.929466 1.443422 0.000000 0.000000 0.000000 0.327749 0.944765
80.481657505 2.932122 1.444780 0.000000 0.000000 0.000000 0.332089 0.943248
80.570667744 2.935781 1.446290 0.000000 0.000000 0.000000 0.340508 0.940242
80.629180193 2.938969 1.449880 0.000000 0.000000 0.000000 0.345981 0.938242
80.725515127 2.941408 1.453552 0.000000 0.000000 0.000000 0.354838 0.934928
80.785824299 2.944023 1.455052 0.000000 0.000000 0.000000 0.360493 0.932762
80.885531425 2.947324 1.456166 0.000000 0.000000 0.000000 0.369857 0.929089
80.931448936 2.947912 1.459429 0.000000 0.000000 0.000000 0.374433 0.927254
81.023196459 2.960975 1.472521 0.000000 0.000000 0.000000 0.374543 0.927210
81.074112654 2.967909 1.478821 0.000000 0.000000 0.000000 0.374195 0.927350
81.169610262 2.981973 1.491680 0.000000 0.000000 0.000000 0.374176 0.927358
81.221564293 2.988119 1.499828 0.000000 0.000000 0.000000 0.374022 0.927420
81.317089081 3.000964 1.514419 0.000000 0.000000 0.000000 0.374080 0.927396
81.373459816 3.010466 1.522033 0.000000 0.000000 0.000000 0.374073 0.927399
81.468533754 3.023578 1.533730 0.000000 0.000000 0.000000 0.374193 0.927351
81.523016691 3.031965 1.541542 0.000000 0.000000 0.000000 0.374231 0.927336
81.598726511 3.041497 1.551171 0.000000 0.000000 0.000000 0.373793 0.927512
81.657386780 3.042973 1.552359 0.000000 0.000000 0.000000 0.379015 0.925391
81.743980408 3.043759 1.554319 0.000000 0.000000 0.000000 0.387004 0.922078
81.802433014 3.044242 1.555542 0.000000 0.000000 0.000000 0.392534 0.919738
81.892469883 3.045113 1.558666 0.000000 0.000000 0.000000 0.400645 0.916234
81.951400280 3.044998 1.560926 0.000000 0.000000 0.000000 0.406103 0.913827
82.051398516 3.047843 1.564431 0.000000 0.000000 0.000000 0.414906 0.909864
82.098116398 3.049131 1.566335 0.000000 0.000000 0.000000 0.418794 0.908081
82.188131332 3.061722 1.577560 0.000000 0.000000 0.000000 0.418674 0.908137
82.248149872 3.068929 1.584836 0.000000 0.000000 0.000000 0.418847 0.908057
82.336132288 3.081564 1.598279 0.000000 0.000000 0.000000 0.418792 0.908082
82.396090031 3.087964 1.606968 0.000000 0.000000 0.000000 0.418687 0.908131
82.493404388 3.098693 1.623909 0.000000 0.000000 0.000000 0.418859 0.908051
82.545469284 3.106442 1.634097 0.000000 0.000000 0.000000 0.418747 0.908103
82.645762682 3.119144 1.650228 0.000000 0.000000 0.000000 0.418497 0.908218
82.703368902 3.127150 1.658027 0.000000 0.000000 0.000000 0.418385 0.908270
82.786747932 3.136907 1.670780 0.000000 0.000000 0.000000 0.418357 0.908283
82.854153395 3.145560 1.684685 0.000000 0.000000 0.000000 0.417439 0.908705
82.943068027 3.158347 1.697557 0.000000 0.000000 0.000000 0.417354 0.908744
83.009804964 3.167548 1.706124 0.000000 0.000000 0.000000 0.417234 0.908799
83.085191727 3.177374 1.717662 0.000000 0.000000 0.000000 0.417251 0.908791
83.153803349 3.186587 1.730039 0.000000 0.000000 0.000000 0.417376 0.908734
83.241653681 3.197210 1.741248 0.000000 0.000000 0.000000 0.417252 0.908791
83.297069788 3.197171 1.742957 0.000000 0.000000 0.000000 0.422020 0.906586
83.389735460 3.201075 1.746614 0.000000 0.000000 0.000000 0.430382 0.902647
83.453119040 3.203529 1.750616 0.000000 0.000000 0.000000 0.435920 0.899985
83.537900448 3.204422 1.753182 0.000000 0.000000 0.000000 0.443672 0.896189
83.597048283 3.207163 1.755080 0.000000 0.000000 0.000000 0.448657 0.893704
83.717325926 3.210983 1.758878 0.000000 0.000000 0.000000 0.459103 0.888383
83.749479055 3.212037 1.759615 0.000000 0.000000 0.000000 0.462170 0.886791
83.838826418 3.213199 1.763198 0.000000 0.000000 0.000000 0.469950 0.882693
83.901724577 3.214199 1.765216 0.000000 0.000000 0.000000 0.475207 0.879874
83.992516994 3.216477 1.768372 0.000000 0.000000 0.000000 0.483336 0.875435
84.051721573 3.217926 1.771282 0.000000 0.000000 0.000000 0.488493 0.872568
84.156426907 3.219446 1.774739 0.000000 0.000000 0.000000 0.497604 0.867405
84.200500965 3.220502 1.777499 0.000000 0.000000 0.000000 0.501281 0.865285
84.283172131 3.228758 1.791102 0.000000 0.000000 0.000000 0.501636 0.865079
84.341853619 3.234826 1.801690 0.000000 0.000000 0.000000 0.501499 0.865158
84.440338135 3.242896 1.816418 0.000000 0.000000 0.000000 0.501243 0.865307
84.490278244 3.246545 1.824920 0.000000 0.000000 0.000000 0.500919 0.865494
84.590413809 3.256986 1.841888 0.000000 0.000000 0.000000 0.500985 0.865456
84.637861252 3.257895 1.843166 0.000000 0.000000 0.000000 0.504900 0.863178
84.731191397 3.258751 1.847604 0.000000 0.000000 0.000000 0.512644 0.858601
84.795961142 3.259192 1.850694 0.000000 0.000000 0.000000 0.518328 0.855182
84.885035038 3.261040 1.854568 0.000000 0.000000 0.000000 0.526246 0.850332
84.942189693 3.265033 1.863694 0.000000 0.000000 0.000000 0.526646 0.850085
85.035698891 3.273981 1.877469 0.000000 0.000000 0.000000 0.527026 0.849849
85.087255955 3.278733 1.887204 0.000000 0.000000 0.000000 0.527431 0.849598
85.177431345 3.285703 1.903622 0.000000 0.000000 0.000000 0.527286 0.849688
85.234461546 3.290102 1.912966 0.000000 0.000000 0.000000 0.527570 0.849511
85.317269802 3.297274 1.928972 0.000000 0.000000 0.000000 0.527723 0.849417
85.371974707 3.301305 1.939503 0.000000 0.000000 0.000000 0.527710 0.849424
85.478625298 3.305079 1.944035 0.000000 0.000000 0.000000 0.536391 0.843970
85.528799295 3.303991 1.946993 0.000000 0.000000 0.000000 0.540601 0.841279
85.623463392 3.306735 1.951562 0.000000 0.000000 0.000000 0.547563 0.836764
85.673765659 3.307596 1.955411 0.000000 0.000000 0.000000 0.551818 0.833965
85.763669968 3.313996 1.970313 0.000000 0.000000 0.000000 0.552120 0.833765
85.820935726 3.319534 1.981314 0.000000 0.000000 0.000000 0.552465 0.833536
85.910727024 3.325045 1.996763 0.000000 0.000000 0.000000 0.552601 0.833446
85.964876890 3.330543 2.007162 0.000000 0.000000 0.000000 0.552512 0.833505
86.051109076 3.337568 2.022297 0.000000 0.000000 0.000000 0.552234 0.833689
86.103527308 3.341263 2.032427 0.000000 0.000000 0.000000 0.552016 0.833834
86.201452255 3.349376 2.051709 0.000000 0.000000 0.000000 0.551950 0.833877
86.242657185 3.350814 2.060430 0.000000 0.000000 0.000000 0.552076 0.833794
86.334985495 3.357485 2.077080 0.000000 0.000000 0.000000 0.551882 0.833922
86.382092714 3.357890 2.080035 0.000000 0.000000 0.000000 0.555521 0.831502
86.472083092 3.359803 2.084985 0.000000 0.000000 0.000000 0.562699 0.826662
86.523828268 3.361128 2.088660 0.000000 0.000000 0.000000 0.566634 0.823970
86.615870237 3.361699 2.094964 0.000000 0.000000 0.000000 0.573830 0.818975
86.670076370 3.362370 2.096521 0.000000 0.000000 0.000000 0.578166 0.815919
86.774803400 3.369388 2.116487 0.000000 0.000000 0.000000 0.577855 0.816139
86.820199966 3.372018 2.128023 0.000000 0.000000 0.000000 0.578030 0.816016
86.919469357 3.377099 2.146577 0.000000 0.000000 0.000000 0.578258 0.815854
86.967871189 3.379984 2.156664 0.000000 0.000000 0.000000 0.578544 0.815651
87.056761026 3.384774 2.172828 0.000000 0.000000 0.000000 0.578090 0.815973
87.109259605 3.389357 2.182646 0.000000 0.000000 0.000000 0.577669 0.816271
87.192007065 3.394488 2.198857 0.000000 0.000000 0.000000 0.577657 0.816279
87.253980637 3.396627 2.210690 0.000000 0.000000 0.000000 0.577540 0.816362
87.349741697 3.397150 2.215817 0.000000 0.000000 0.000000 0.584927 0.811086
87.405018091 3.398752 2.219012 0.000000 0.000000 0.000000 0.589106 0.808056
87.485984564 3.400301 2.224095 0.000000 0.000000 0.000000 0.595109 0.803645
87.543567896 3.402707 2.227369 0.000000 0.000000 0.000000 0.599739 0.800196
87.634330273 3.404746 2.231547 0.000000 0.000000 0.000000 0.606817 0.794841
87.686902761 3.405117 2.233281 0.000000 0.000000 0.000000 0.610910 0.791700
87.787247896 3.406445 2.236575 0.000000 0.000000 0.000000 0.618660 0.785659
87.837472916 3.406806 2.244392 0.000000 0.000000 0.000000 0.618801 0.785548
87.916748285 3.409382 2.260698 0.000000 0.000000 0.000000 0.618598 0.785708
87.986268759 3.414091 2.273098 0.000000 0.000000 0.000000 0.618665 0.785655
88.086726427 3.417670 2.291695 0.000000 0.000000 0.000000 0.618668 0.785653
88.150101423 3.420641 2.304460 0.000000 0.000000 0.000000 0.618645 0.785671
88.240933418 3.418939 2.309714 0.000000 0.000000 0.000000 0.625365 0.780332
88.297403812 3.419412 2.313327 0.000000 0.000000 0.000000 0.629516 0.776988
88.386169910 3.419868 2.317566 0.000000 0.000000 0.000000 0.636108 0.771600
88.450335503 3.419720 2.320813 0.000000 0.000000 0.000000 0.641097 0.767460
88.535275698 3.419687 2.325982 0.000000 0.000000 0.000000 0.647588 0.761991
88.605426788 3.419300 2.330955 0.000000 0.000000 0.000000 0.652687 0.757628
88.683759212 3.418936 2.336453 0.000000 0.000000 0.000000 0.658318 0.752740
88.750116110 3.420364 2.350646 0.000000 0.000000 0.000000 0.658527 0.752557
88.851769447 3.421014 2.371655 0.000000 0.000000 0.000000 0.658543 0.752543
88.916266441 3.424114 2.383996 0.000000 0.000000 0.000000 0.658347 0.752715
89.002526760 3.425813 2.400213 0.000000 0.000000 0.000000 0.658448 0.752627
89.057895184 3.426843 2.409493 0.000000 0.000000 0.000000 0.658581 0.752510
89.140100241 3.429495 2.426864 0.000000 0.000000 0.000000 0.658626 0.752471
89.195465088 3.430311 2.429952 0.000000 0.000000 0.000000 0.662385 0.749163
89.289087772 3.431109 2.435167 0.000000 0.000000 0.000000 0.669092 0.743180
89.344048738 3.431279 2.438663 0.000000 0.000000 0.000000 0.673387 0.739291
89.440391302 3.432273 2.443074 0.000000 0.000000 0.000000 0.680482 0.732765
89.492968559 3.434106 2.445576 0.000000 0.000000 0.000000 0.684338 0.729165
89.607647657 3.435434 2.468584 0.000000 0.000000 0.000000 0.684615 0.728905
89.672281504 3.436316 2.482739 0.000000 0.000000 0.000000 0.684919 0.728619
89.768073082 3.437218 2.501370 0.000000 0.000000 0.000000 0.684970 0.728571
89.829360723 3.438767 2.512883 0.000000 0.000000 0.000000 0.685147 0.728405
89.918611765 3.437853 2.531212 0.000000 0.000000 0.000000 0.685130 0.728421
89.983339548 3.440130 2.542781 0.000000 0.000000 0.000000 0.685467 0.728103
90.075467348 3.441267 2.562580 0.000000 0.000000 0.000000 0.685303 0.728258
90.136802912 3.442374 2.573398 0.000000 0.000000 0.000000 0.685130 0.728421
90.217718840 3.442930 2.589222 0.000000 0.000000 0.000000 0.685072 0.728476
90.282570362 3.443863 2.603076 0.000000 0.000000 0.000000 0.685213 0.728343
90.377734184 3.445326 2.621605 0.000000 0.000000 0.000000 0.685276 0.728283
90.428593874 3.445654 2.632884 0.000000 0.000000 0.000000 0.684814 0.728718
90.510604858 3.443621 2.649810 0.000000 0.000000 0.000000 0.684654 0.728869
90.568803549 3.443966 2.661386 0.000000 0.000000 0.000000 0.684682 0.728842
90.669097900 3.446627 2.680971 0.000000 0.000000 0.000000 0.684343 0.729160
90.734403133 3.448120 2.694107 0.000000 0.000000 0.000000 0.684450 0.729060
90.817264557 3.448478 2.711407 0.000000 0.000000 0.000000 0.684589 0.728930
90.874949217 3.446844 2.720683 0.000000 0.000000 0.000000 0.684848 0.728686
90.977848291 3.447565 2.740731 0.000000 0.000000 0.000000 0.684688 0.728836
91.038990498 3.448594 2.752839 0.000000 0.000000 0.000000 0.684523 0.728991
91.132968187 3.451538 2.772371 0.000000 0.000000 0.000000 0.684459 0.729051
91.184181929 3.453836 2.790849 0.000000 0.000000 0.000000 0.684057 0.729429
91.277483940 3.454864 2.808911 0.000000 0.000000 0.000000 0.684041 0.729443
91.333750963 3.456083 2.820071 0.000000 0.000000 0.000000 0.684314 0.729188
91.435931683 3.460094 2.839290 0.000000 0.000000 0.000000 0.684351 0.729153
91.490885019 3.459836 2.851178 0.000000 0.000000 0.000000 0.683929 0.729549
91.596405983 3.460283 2.871951 0.000000 0.000000 0.000000 0.684068 0.729419
91.657889366 3.461312 2.884622 0.000000 0.000000 0.000000 0.683928 0.729549
91.744920015 3.462608 2.902417 0.000000 0.000000 0.000000 0.683911 0.729565
91.803375244 3.465003 2.914849 0.000000 0.000000 0.000000 0.684131 0.729359
91.889576912 3.465810 2.930391 0.000000 0.000000 0.000000 0.684313 0.729188
91.950321198 3.466986 2.944821 0.000000 0.000000 0.000000 0.684239 0.729258
92.040585995 3.468561 2.962171 0.000000 0.000000 0.000000 0.684305 0.729196
92.095539570 3.468594 2.974341 0.000000 0.000000 0.000000 0.684082 0.729405
92.180634975 3.469126 2.992078 0.000000 0.000000 0.000000 0.684214 0.729282
92.233907700 3.470946 3.005779 0.000000 0.000000 0.000000 0.684460 0.729050
92.324627161 3.471600 3.024657 0.000000 0.000000 0.000000 0.684619 0.728901
92.377721786 3.472443 3.036698 0.000000 0.000000 0.000000 0.684710 0.728815
92.477380037 3.474261 3.057154 0.000000 0.000000 0.000000 0.684767 0.728762
92.527386665 3.473817 3.067145 0.000000 0.000000 0.000000 0.685141 0.728411
92.615924358 3.475239 3.086139 0.000000 0.000000 0.000000 0.685165 0.728388
92.672314167 3.475601 3.099042 0.000000 0.000000 0.000000 0.685079 0.728469
92.773890257 3.477869 3.121064 0.000000 0.000000 0.000000 0.684964 0.728577
92.833395958 3.478022 3.134234 0.000000 0.000000 0.000000 0.685125 0.728426
92.924817085 3.478436 3.153057 0.000000 0.000000 0.000000 0.685279 0.728281
92.988978386 3.479484 3.165849 0.000000 0.000000 0.000000 0.685258 0.728300
93.100240469 3.482080 3.188573 0.000000 0.000000 0.000000 0.685420 0.728148
93.152472734 3.481198 3.198400 0.000000 0.000000 0.000000 0.685602 0.727976
93.248969555 3.484037 3.220374 0.000000 0.000000 0.000000 0.685763 0.727825
93.302347898 3.484019 3.231240 0.000000 0.000000 0.000000 0.685560 0.728017
93.402684212 3.484781 3.250008 0.000000 0.000000 0.000000 0.685495 0.728078
93.454676867 3.485935 3.259979 0.000000 0.000000 0.000000 0.685611 0.727968
93.552758694 3.487349 3.278412 0.000000 0.000000 0.000000 0.685693 0.727891
93.613630056 3.490802 3.290918 0.000000 0.000000 0.000000 0.685571 0.728006
93.707502604 3.488833 3.311624 0.000000 0.000000 0.000000 0.685782 0.727807
93.764230251 3.491259 3.324114 0.000000 0.000000 0.000000 0.685726 0.727860
93.873910427 3.494833 3.346539 0.000000 0.000000 0.000000 0.685749 0.727838
93.914932251 3.491354 3.361671 0.000000 0.000000 0.000000 0.686149 0.727461
94.005584240 3.493635 3.378852 0.000000 0.000000 0.000000 0.686441 0.727185
94.060539484 3.493511 3.389029 0.000000 0.000000 0.000000 0.686121 0.727488
94.156020403 3.495028 3.409165 0.000000 0.000000 0.000000 0.685927 0.727670
94.210253716 3.495946 3.420921 0.000000 0.000000 0.000000 0.685699 0.727885
94.306135893 3.497799 3.439044 0.000000 0.000000 0.000000 0.685765 0.727823
94.372974396 3.498241 3.451256 0.000000 0.000000 0.000000 0.685718 0.727868
94.471097946 3.499455 3.470295 0.000000 0.000000 0.000000 0.685956 0.727643
94.529613972 3.500294 3.483112 0.000000 0.000000 0.000000 0.685999 0.727603
94.627149820 3.501291 3.503127 0.000000 0.000000 0.000000 0.685788 0.727801
94.671769142 3.503063 3.513786 0.000000 0.000000 0.000000 0.685793 0.727797
94.763330460 3.504115 3.531655 0.000000 0.000000 0.000000 0.685597 0.727981
94.822440624 3.506443 3.544683 0.000000 0.000000 0.000000 0.685545 0.728030
94.912670851 3.507921 3.563200 0.000000 0.000000 0.000000 0.685653 0.727929
94.978972197 3.508895 3.577506 0.000000 0.000000 0.000000 0.685624 0.727956
95.068254471 3.508887 3.596718 0.000000 0.000000 0.000000 0.685578 0.727999
95.123470068 3.510457 3.607794 0.000000 0.000000 0.000000 0.685576 0.728001
95.210581541 3.511870 3.623248 0.000000 0.000000 0.000000 0.685340 0.728223
95.261231899 3.511364 3.634890 0.000000 0.000000 0.000000 0.685028 0.728516
95.358219862 3.509921 3.652367 0.000000 0.000000 0.000000 0.685041 0.728505
95.405269146 3.509922 3.661727 0.000000 0.000000 0.000000 0.685068 0.728479
95.495450497 3.508274 3.660468 0.000000 0.000000 0.000000 0.685002 0.728541
95.556711435 3.508697 3.662093 0.000000 0.000000 0.000000 0.685235 0.728322
95.654532194 3.508797 3.660952 0.000000 0.000000 0.000000 0.685274 0.728285
95.718507051 3.507841 3.661426 0.000000 0.000000 0.000000 0.685312 0.728249
95.809733868 3.506655 3.664449 0.000000 0.000000 0.000000 0.685456 0.728114
95.869915009 3.505497 3.665347 0.000000 0.000000 0.000000 0.685666 0.727917
95.968504429 3.507350 3.665099 0.000000 0.000000 0.000000 0.685580 0.727998
96.013655424 3.505685 3.663173 0.000000 0.000000 0.000000 0.685710 0.727875
96.105460644 3.504716 3.663071 0.000000 0.000000 0.000000 0.685996 0.727605
96.151817083 3.504239 3.661330 0.000000 0.000000 0.000000 0.686151 0.727459
96.249305487 3.505029 3.660525 0.000000 0.000000 0.000000 0.686316 0.727303
96.313171148 3.503124 3.659849 0.000000 0.000000 0.000000 0.686413 0.727212
96.411842108 3.501819 3.658830 0.000000 0.000000 0.000000 0.685966 0.727633
96.483254194 3.503835 3.660414 0.000000 0.000000 0.000000 0.685845 0.727748
96.576039553 3.504391 3.661162 0.000000 0.000000 0.000000 0.686018 0.727585
96.634468794 3.502152 3.662060 0.000000 0.000000 0.000000 0.685988 0.727612
96.723625898 3.501693 3.661736 0.000000 0.000000 0.000000 0.685962 0.727637
96.781600475 3.500594 3.661661 0.000000 0.000000 0.000000 0.686182 0.727430
96.866395235 3.499224 3.661781 0.000000 0.000000 0.000000 0.686243 0.727372
96.921135187 3.498341 3.662241 0.000000 0.000000 0.000000 0.686474 0.727154
97.019036293 3.497423 3.662000 0.000000 0.000000 0.000000 0.686639 0.726999
97.060910940 3.498375 3.660347 0.000000 0.000000 0.000000 0.686453 0.727174
97.153807163 3.499522 3.661011 0.000000 0.000000 0.000000 0.686639 0.726998
97.211027622 3.499875 3.660775 0.000000 0.000000 0.000000 0.686441 0.727186
97.305245876 3.500750 3.660702 0.000000 0.000000 0.000000 0.686397 0.727227
97.364989996 3.501345 3.661475 0.000000 0.000000 0.000000 0.686629 0.727008
97.465471268 3.500653 3.660384 0.000000 0.000000 0.000000 0.686275 0.727342
97.531141281 3.499087 3.662042 0.000000 0.000000 0.000000 0.686099 0.727508
97.607466698 3.500666 3.661661 0.000000 0.000000 0.000000 0.686151 0.727459
97.670571327 3.498882 3.660714 0.000000 0.000000 0.000000 0.686231 0.727384
97.761371374 3.499757 3.662203 0.000000 0.000000 0.000000 0.686484 0.727145
97.826786518 3.498749 3.661518 0.000000 0.000000 0.000000 0.686467 0.727161
97.904732704 3.497702 3.660647 0.000000 0.000000 0.000000 0.686267 0.727350
97.972033739 3.498010 3.660636 0.000000 0.000000 0.000000 0.686216 0.727398
98.065672398 3.497556 3.660772 0.000000 0.000000 0.000000 0.686327 0.727293
98.120881319 3.498526 3.661074 0.000000 0.000000 0.000000 0.686299 0.727320
98.209275961 3.496698 3.660466 0.000000 0.000000 0.000000 0.686365 0.727257
98.266049623 3.494954 3.659822 0.000000 0.000000 0.000000 0.685904 0.727692
98.353181839 3.495195 3.660189 0.000000 0.000000 0.000000 0.685985 0.727616
98.403073549 3.494538 3.660829 0.000000 0.000000 0.000000 0.685713 0.727872
98.490382910 3.494577 3.660806 0.000000 0.000000 0.000000 0.685499 0.728074
98.542252064 3.494158 3.659445 0.000000 0.000000 0.000000 0.685486 0.728086
98.624454260 3.493530 3.659948 0.000000 0.000000 0.000000 0.685434 0.728134
98.685510397 3.493697 3.660121 0.000000 0.000000 0.000000 0.685505 0.728068
98.779605627 3.493267 3.657762 0.000000 0.000000 0.000000 0.685482 0.728090
98.838194609 3.493201 3.657277 0.000000 0.000000 0.000000 0.685242 0.728316
98.929908276 3.494805 3.657021 0.000000 0.000000 0.000000 0.684837 0.728697
98.986426353 3.495588 3.656130 0.000000 0.000000 0.000000 0.684990 0.728552
99.090990067 3.496682 3.656777 0.000000 0.000000 0.000000 0.685399 0.728168
99.137984037 3.496111 3.655582 0.000000 0.000000 0.000000 0.685574 0.728003
99.222180128 3.496484 3.653409 0.000000 0.000000 0.000000 0.685455 0.728115
99.274515629 3.500897 3.649464 0.000000 0.000000 0.000000 0.684920 0.728618
99.372492313 3.499419 3.650977 0.000000 0.000000 0.000000 0.685046 0.728500
99.430688858 3.498419 3.649947 0.000000 0.000000 0.000000 0.684890 0.728646
99.544572830 3.498684 3.648914 0.000000 0.000000 0.000000 0.684818 0.728714
99.586899042 3.498640 3.647069 0.000000 0.000000 0.000000 0.684731 0.728796
99.684531927 3.497201 3.646087 0.000000 0.000000 0.000000 0.684921 0.728618
99.732462883 3.495790 3.644980 0.000000 0.000000 0.000000 0.684827 0.728706
99.817482233 3.495616 3.644638 0.000000 0.000000 0.000000 0.685081 0.728467
99.865893364 3.496001 3.645070 0.000000 0.000000 0.000000 0.684863 0.728672
99.974117994 3.495325 3.645012 0.000000 0.000000 0.000000 0.684970 0.728571
100.008396149 3.496137 3.645385 0.000000 0.000000 0.000000 0.684927 0.728612
100.099959850 3.495478 3.646686 0.000000 0.000000 0.000000 0.684940 0.728599
100.157341719 3.494874 3.647289 0.000000 0.000000 0.000000 0.684771 0.728758
100.251402378 3.496935 3.645786 0.000000 0.000000 0.000000 0.684871 0.728665
100.296842813 3.496847 3.643480 0.000000 0.000000 0.000000 0.685199 0.728356
100.386153460 3.496093 3.643666 0.000000 0.000000 0.000000 0.685383 0.728183
100.438560963 3.497391 3.643646 0.000000 0.000000 0.000000 0.685172 0.728381
100.523025513 3.498857 3.642506 0.000000 0.000000 0.000000 0.685003 0.728540
100.578892708 3.498525 3.641814 0.000000 0.000000 0.000000 0.685217 0.728339
100.666844606 3.498262 3.641760 0.000000 0.000000 0.000000 0.685158 0.728394
100.717916250 3.497197 3.639749 0.000000 0.000000 0.000000 0.685253 0.728305
100.814438343 3.498450 3.640066 0.000000 0.000000 0.000000 0.685278 0.728282
100.859156370 3.499271 3.640627 0.000000 0.000000 0.000000 0.685054 0.728492
100.952885628 3.500038 3.641444 0.000000 0.000000 0.000000 0.685345 0.728219
101.000487804 3.500055 3.643373 0.000000 0.000000 0.000000 0.685521 0.728053
101.085479736 3.500635 3.643779 0.000000 0.000000 0.000000 0.685643 0.727938
101.136031866 3.500695 3.644814 0.000000 0.000000 0.000000 0.685896 0.727699
101.229514122 3.499178 3.646292 0.000000 0.000000 0.000000 0.685787 0.727803
101.274351120 3.498740 3.646946 0.000000 0.000000 0.000000 0.686024 0.727579
101.373620749 3.499495 3.646546 0.000000 0.000000 0.000000 0.685963 0.727637
101.426921129 3.500436 3.647556 0.000000 0.000000 0.000000 0.685848 0.727745
101.521782160 3.501801 3.648454 0.000000 0.000000 0.000000 0.685427 0.728141
101.570658922 3.502101 3.648269 0.000000 0.000000 0.000000 0.685474 0.728097
101.657437325 3.503031 3.647507 0.000000 0.000000 0.000000 0.685385 0.728181
101.713495970 3.503582 3.648282 0.000000 0.000000 0.000000 0.685218 0.728338
101.799236774 3.505540 3.650370 0.000000 0.000000 0.000000 0.685257 0.728301
101.849389791 3.506804 3.651385 0.000000 0.000000 0.000000 0.685275 0.728284
101.945839167 3.505294 3.649255 0.000000 0.000000 0.000000 0.684547 0.728969
101.999189854 3.505642 3.649462 0.000000 0.000000 0.000000 0.684768 0.728761
102.086042404 3.504543 3.650188 0.000000 0.000000 0.000000 0.684768 0.728761
102.136522293 3.503566 3.649927 0.000000 0.000000 0.000000 0.684523 0.728991
102.221495152 3.503452 3.650474 0.000000 0.000000 0.000000 0.684725 0.728801
102.276251078 3.503525 3.651125 0.000000 0.000000 0.000000 0.684733 0.728794
102.367645025 3.504298 3.652911 0.000000 0.000000 0.000000 0.684763 0.728766
102.423708200 3.503242 3.654048 0.000000 0.000000 0.000000 0.684688 0.728836
102.525077105 3.505203 3.655280 0.000000 0.000000 0.000000 0.684678 0.728845
102.574762106 3.505351 3.654032 0.000000 0.000000 0.000000 0.684547 0.728969
102.674291134 3.505126 3.655236 0.000000 0.000000 0.000000 0.684802 0.728730
