56.000000000 0.000928 0.999552 0.000000 0.000000 0.000000 -0.000945 1.000000
56.092626333 0.004285 0.997781 0.000000 0.000000 0.000000 -0.003161 0.999995
56.136488199 0.004602 0.997017 0.000000 0.000000 0.000000 -0.003163 0.999995
56.234569073 0.004138 0.996469 0.000000 0.000000 0.000000 -0.002817 0.999996
56.291095257 0.003012 0.996418 0.000000 0.000000 0.000000 -0.002490 0.999997
56.384810448 0.003222 0.996541 0.000000 0.000000 0.000000 -0.002013 0.999998
56.432573795 0.004360 0.996505 0.000000 0.000000 0.000000 -0.001815 0.999998
56.517774343 0.005447 0.995763 0.000000 0.000000 0.000000 -0.001668 0.999999
56.566277504 0.004667 0.995030 0.000000 0.000000 0.000000 -0.001444 0.999999
56.658776283 0.004269 0.995178 0.000000 0.000000 0.000000 -0.001324 0.999999
56.719421625 0.004522 0.995926 0.000000 0.000000 0.000000 -0.001146 0.999999
56.806190968 0.004608 0.996672 0.000000 0.000000 0.000000 -0.000959 1.000000
56.859033823 0.004779 0.997109 0.000000 0.000000 0.000000 -0.000864 1.000000
56.956225157 0.004855 0.997931 0.000000 0.000000 0.000000 -0.000730 1.000000
56.992516994 0.004929 0.998817 0.000000 0.000000 0.000000 -0.000596 1.000000
57.085117579 0.004658 0.999087 0.000000 0.000000 0.000000 -0.000646 1.000000
57.135342836 0.004222 1.000092 0.000000 0.000000 0.000000 -0.000677 1.000000
57.226917267 0.004088 1.000502 0.000000 0.000000 0.000000 -0.000848 1.000000
57.280653477 0.003944 1.001264 0.000000 0.000000 0.000000 -0.000741 1.000000
57.376023293 0.004739 1.001703 0.000000 0.000000 0.000000 -0.000722 1.000000
57.421943903 0.005250 1.002572 0.000000 0.000000 0.000000 -0.000655 1.000000
57.506844759 0.005959 1.002285 0.000000 0.000000 0.000000 -0.000852 1.000000
57.561612844 0.006248 1.002727 0.000000 0.000000 0.000000 -0.000639 1.000000
57.661116600 0.005859 1.003114 0.000000 0.000000 0.000000 -0.000917 1.000000
57.713097334 0.006527 1.004632 0.000000 0.000000 0.000000 -0.000935 1.000000
57.818692207 0.006251 1.004194 0.000000 0.000000 0.000000 -0.000787 1.000000
57.857132435 0.006093 1.004174 0.000000 0.000000 0.000000 -0.001018 0.999999
57.942367077 0.006471 1.004208 0.000000 0.000000 0.000000 -0.001096 0.999999
57.993121147 0.006282 1.004737 0.000000 0.000000 0.000000 -0.001042 0.999999
58.084053516 0.005989 1.004708 0.000000 0.000000 0.000000 -0.001147 0.999999
58.134043932 0.006127 1.005074 0.000000 0.000000 0.000000 -0.001353 0.999999
58.226578236 0.006324 1.005057 0.000000 0.000000 0.000000 -0.001479 0.999999
58.278188705 0.006906 1.005486 0.000000 0.000000 0.000000 -0.001812 0.999998
58.375108480 0.006674 1.005894 0.000000 0.000000 0.000000 -0.001682 0.999999
58.432198524 0.006980 1.005169 0.000000 0.000000 0.000000 -0.001698 0.999999
58.513686180 0.007484 1.005365 0.000000 0.000000 0.000000 -0.001628 0.999999
58.577755451 0.007139 1.005504 0.000000 0.000000 0.000000 -0.001495 0.999999
58.663658381 0.007237 1.005282 0.000000 0.000000 0.000000 -0.001667 0.999999
58.721382856 0.006794 1.004714 0.000000 0.000000 0.000000 -0.001601 0.999999
58.811643362 0.007035 1.005235 0.000000 0.000000 0.000000 -0.001603 0.999999
58.859117508 0.008685 1.004912 0.000000 0.000000 0.000000 -0.001521 0.999999
58.954252720 0.009225 1.005016 0.000000 0.000000 0.000000 -0.001629 0.999999
59.016629219 0.009209 1.004244 0.000000 0.000000 0.000000 -0.001717 0.999999
59.106379747 0.009241 1.004808 0.000000 0.000000 0.000000 -0.001304 0.999999
59.158839226 0.010216 1.003584 0.000000 0.000000 0.000000 -0.001443 0.999999
59.239713192 0.009263 1.003885 0.000000 0.000000 0.000000 -0.001432 0.999999
59.295119047 0.009467 1.004931 0.000000 0.000000 0.000000 -0.001521 0.999999
59.400145054 0.009281 1.005889 0.000000 0.000000 0.000000 -0.001447 0.999999
59.447155952 0.008883 1.006589 0.000000 0.000000 0.000000 -0.001513 0.999999
59.543852329 0.008206 1.006410 0.000000 0.000000 0.000000 -0.001413 0.999999
59.590034962 0.007536 1.006775 0.000000 0.000000 0.000000 -0.001242 0.999999
59.665421247 0.007615 1.007284 0.000000 0.000000 0.000000 -0.001292 0.999999
59.720851421 0.007505 1.007463 0.000000 0.000000 0.000000 -0.001321 0.999999
59.805132151 0.007389 1.007251 0.000000 0.000000 0.000000 -0.001258 0.999999
59.860359430 0.007033 1.008017 0.000000 0.000000 0.000000 -0.001491 0.999999
59.957119226 0.007324 1.008505 0.000000 0.000000 0.000000 -0.001732 0.999999
60.005816936 0.007099 1.008798 0.000000 0.000000 0.000000 -0.001807 0.999998
60.089397669 0.006884 1.009977 0.000000 0.000000 0.000000 -0.001955 0.999998
60.138172865 0.006517 1.010881 0.000000 0.000000 0.000000 -0.001901 0.999998
60.220950127 0.006896 1.010316 0.000000 0.000000 0.000000 -0.001824 0.999998
60.272440672 0.007667 1.010338 0.000000 0.000000 0.000000 -0.001768 0.999998
60.365985632 0.008200 1.010204 0.000000 0.000000 0.000000 -0.001708 0.999999
60.419920921 0.007859 1.009405 0.000000 0.000000 0.000000 -0.001790 0.999998
60.517887354 0.008142 1.009027 0.000000 0.000000 0.000000 -0.001821 0.999998
60.576246977 0.007143 1.007735 0.000000 0.000000 0.000000 -0.001859 0.999998
60.661265135 0.008181 1.007556 0.000000 0.000000 0.000000 -0.002005 0.999998
60.720116138 0.008852 1.007450 0.000000 0.000000 0.000000 -0.001840 0.999998
60.806773424 0.008933 1.008089 0.000000 0.000000 0.000000 -0.001852 0.999998
60.856551170 0.009338 1.008017 0.000000 0.000000 0.000000 -0.001987 0.999998
60.954911470 0.009916 1.007888 0.000000 0.000000 0.000000 -0.002009 0.999998
61.012297630 0.009667 1.007680 0.000000 0.000000 0.000000 -0.002098 0.999998
61.109639168 0.008438 1.007333 0.000000 0.000000 0.000000 -0.002003 0.999998
61.157109976 0.009065 1.008067 0.000000 0.000000 0.000000 -0.002136 0.999998
61.239634752 0.009887 1.008174 0.000000 0.000000 0.000000 -0.002313 0.999997
61.291578770 0.009942 1.008034 0.000000 0.000000 0.000000 -0.002336 0.999997
61.377224922 0.009740 1.007964 0.000000 0.000000 0.000000 -0.002315 0.999997
61.424571276 0.010294 1.007419 0.000000 0.000000 0.000000 -0.002262 0.999997
61.517945051 0.010896 1.007163 0.000000 0.000000 0.000000 -0.002361 0.999997
61.571182013 0.011367 1.007750 0.000000 0.000000 0.000000 -0.002430 0.999997
61.674693108 0.011030 1.007258 0.000000 0.000000 0.000000 -0.002468 0.999997
61.731230259 0.011689 1.007749 0.000000 0.000000 0.000000 -0.002389 0.999997
61.823836803 0.011659 1.007651 0.000000 0.000000 0.000000 -0.002269 0.999997
61.867137194 0.011213 1.007684 0.000000 0.000000 0.000000 -0.002380 0.999997
61.957184315 0.011758 1.007345 0.000000 0.000000 0.000000 -0.002383 0.999997
62.007257462 0.011914 1.007555 0.000000 0.000000 0.000000 -0.002445 0.999997
62.096065044 0.012138 1.007765 0.000000 0.000000 0.000000 -0.002460 0.999997
62.149833441 0.012193 1.007842 0.000000 0.000000 0.000000 -0.002469 0.999997
62.231528997 0.028418 1.008013 0.000000 0.000000 0.000000 -0.002414 0.999997
62.288254261 0.039454 1.007178 0.000000 0.000000 0.000000 -0.002318 0.999997
62.372793436 0.055608 1.006136 0.000000 0.000000 0.000000 -0.002297 0.999997
62.437046528 0.067112 1.006498 0.000000 0.000000 0.000000 -0.002170 0.999998
62.518205643 0.083174 1.005996 0.000000 0.000000 0.000000 -0.002308 0.999997
62.573649645 0.094484 1.006102 0.000000 0.000000 0.000000 -0.002190 0.999998
62.658019066 0.112022 1.006303 0.000000 0.000000 0.000000 -0.001878 0.999998
62.708748341 0.122480 1.006046 0.000000 0.000000 0.000000 -0.001956 0.999998
62.802901506 0.140143 1.005373 0.000000 0.000000 0.000000 -0.001869 0.999998
62.862125397 0.151634 1.005301 0.000000 0.000000 0.000000 -0.001941 0.999998
62.944721937 0.168043 1.004320 0.000000 0.000000 0.000000 -0.001871 0.999998
63.001682520 0.179213 1.003314 0.000000 0.000000 0.000000 -0.001798 0.999998
63.096352816 0.198616 1.003026 0.000000 0.000000 0.000000 -0.001771 0.999998
63.140980959 0.207560 1.002975 0.000000 0.000000 0.000000 -0.001931 0.999998
63.224403381 0.223404 1.003200 0.000000 0.000000 0.000000 -0.002040 0.999998
63.278097630 0.232913 1.002860 0.000000 0.000000 0.000000 -0.001994 0.999998
63.378735542 0.251506 1.003039 0.000000 0.000000 0.000000 -0.001850 0.999998
63.429337263 0.260810 1.002926 0.000000 0.000000 0.000000 -0.001770 0.999998
63.507558107 0.276199 1.003721 0.000000 0.000000 0.000000 -0.001684 0.999999
63.561244726 0.286875 1.003652 0.000000 0.000000 0.000000 -0.001686 0.999999
63.651183605 0.304198 1.003005 0.000000 0.000000 0.000000 -0.001772 0.999998
63.722069025 0.317908 1.002682 0.000000 0.000000 0.000000 -0.001634 0.999999
63.818211794 0.337259 1.002695 0.000000 0.000000 0.000000 -0.001548 0.999999
63.867984533 0.346494 1.003217 0.000000 0.000000 0.000000 -0.001553 0.999999
63.954170942 0.363448 1.002941 0.000000 0.000000 0.000000 -0.001587 0.999999
64.007827759 0.373732 1.003141 0.000000 0.000000 0.000000 -0.001546 0.999999
64.098969221 0.391524 1.003205 0.000000 0.000000 0.000000 -0.001502 0.999999
64.150251389 0.400562 1.002313 0.000000 0.000000 0.000000 -0.001497 0.999999
64.240028858 0.418439 1.001996 0.000000 0.000000 0.000000 -0.001772 0.999998
64.291742325 0.427205 1.002705 0.000000 0.000000 0.000000 -0.001857 0.999998
64.384911537 0.444956 1.003434 0.000000 0.000000 0.000000 -0.001821 0.999998
64.438662767 0.454576 1.004043 0.000000 0.000000 0.000000 -0.001938 0.999998
64.529100657 0.472011 1.004090 0.000000 0.000000 0.000000 -0.001862 0.999998
64.581606388 0.481831 1.003623 0.000000 0.000000 0.000000 -0.001947 0.999998
64.666499376 0.498857 1.005363 0.000000 0.000000 0.000000 -0.001656 0.999999
64.719514608 0.508585 1.005521 0.000000 0.000000 0.000000 -0.001526 0.999999
64.801486015 0.523730 1.005237 0.000000 0.000000 0.000000 -0.001675 0.999999
64.853920698 0.534894 1.005341 0.000000 0.000000 0.000000 -0.001640 0.999999
64.943417788 0.552986 1.003326 0.000000 0.000000 0.000000 -0.001906 0.999998
64.995023489 0.562059 1.002938 0.000000 0.000000 0.000000 -0.001844 0.999998
65.076430798 0.577565 1.002629 0.000000 0.000000 0.000000 -0.001682 0.999999
65.137303352 0.589569 1.003281 0.000000 0.000000 0.000000 -0.001579 0.999999
65.235720634 0.607990 1.002860 0.000000 0.000000 0.000000 -0.001415 0.999999
65.286878586 0.617996 1.003240 0.000000 0.000000 0.000000 -0.001457 0.999999
65.388996363 0.637139 1.002984 0.000000 0.000000 0.000000 -0.001224 0.999999
65.443364143 0.647570 1.003708 0.000000 0.000000 0.000000 -0.001092 0.999999
65.533442974 0.664698 1.004248 0.000000 0.000000 0.000000 -0.000893 1.000000
65.583643198 0.674129 1.004163 0.000000 0.000000 0.000000 -0.000995 1.000000
65.666572094 0.689491 1.004533 0.000000 0.000000 0.000000 -0.000944 1.000000
65.718314648 0.699096 1.003838 0.000000 0.000000 0.000000 -0.000887 1.000000
65.813969851 0.717381 1.003390 0.000000 0.000000 0.000000 -0.000868 1.000000
65.860479355 0.726459 1.002295 0.000000 0.000000 0.000000 -0.000612 1.000000
65.949100494 0.742250 1.001532 0.000000 0.000000 0.000000 -0.000607 1.000000
66.006313324 0.752480 1.002556 0.000000 0.000000 0.000000 -0.000702 1.000000
66.091695070 0.769391 1.002414 0.000000 0.000000 0.000000 -0.000524 1.000000
66.150105000 0.780065 1.002719 0.000000 0.000000 0.000000 -0.000574 1.000000
66.245607138 0.797010 1.001598 0.000000 0.000000 0.000000 -0.000344 1.000000
66.289936066 0.805093 1.001802 0.000000 0.000000 0.000000 -0.000283 1.000000
66.374847174 0.823415 1.002769 0.000000 0.000000 0.000000 -0.000314 1.000000
66.427448988 0.832643 1.002591 0.000000 0.000000 0.000000 -0.000299 1.000000
66.515174389 0.849592 1.002102 0.000000 0.000000 0.000000 -0.000416 1.000000
66.565155268 0.859198 1.001674 0.000000 0.000000 0.000000 -0.000521 1.000000
66.668905973 0.878928 1.001768 0.000000 0.000000 0.000000 -0.000393 1.000000
66.720251560 0.888214 1.001420 0.000000 0.000000 0.000000 -0.000400 1.000000
66.818524122 0.906605 1.000978 0.000000 0.000000 0.000000 -0.000138 1.000000
66.862034321 0.914966 1.000686 0.000000 0.000000 0.000000 -0.000103 1.000000
66.948162079 0.930812 1.000568 0.000000 0.000000 0.000000 -0.000402 1.000000
66.998103142 0.941029 1.000622 0.000000 0.000000 0.000000 -0.000138 1.000000
67.100195885 0.960736 1.000833 0.000000 0.000000 0.000000 -0.000066 1.000000
67.157076359 0.972003 1.001137 0.000000 0.000000 0.000000 0.000003 1.000000
67.269846916 0.993113 1.000931 0.000000 0.000000 0.000000 0.000063 1.000000
67.325706720 1.004124 1.001322 0.000000 0.000000 0.000000 -0.000030 1.000000
67.417520761 1.022264 1.001565 0.000000 0.000000 0.000000 -0.000162 1.000000
67.475314379 1.032952 1.001693 0.000000 0.000000 0.000000 -0.000033 1.000000
67.587245464 1.055470 1.002083 0.000000 0.000000 0.000000 0.000094 1.000000
67.657504320 1.070124 1.003110 0.000000 0.000000 0.000000 -0.000014 1.000000
67.744100571 1.087634 1.003321 0.000000 0.000000 0.000000 -0.000009 1.000000
67.809964418 1.100365 1.004222 0.000000 0.000000 0.000000 -0.000346 1.000000
67.907867193 1.118161 1.003419 0.000000 0.000000 0.000000 -0.000144 1.000000
67.955658197 1.127824 1.003148 0.000000 0.000000 0.000000 -0.000168 1.000000
68.043772697 1.144623 1.004158 0.000000 0.000000 0.000000 -0.000082 1.000000
68.092056751 1.153321 1.004192 0.000000 0.000000 0.000000 -0.000000 1.000000
68.198954105 1.174123 1.003906 0.000000 0.000000 0.000000 -0.000310 1.000000
68.239401817 1.181642 1.002736 0.000000 0.000000 0.000000 -0.000302 1.000000
68.334116697 1.199869 1.003518 0.000000 0.000000 0.000000 0.000045 1.000000
68.393169165 1.211755 1.003725 0.000000 0.000000 0.000000 0.000091 1.000000
68.488315105 1.230420 1.003744 0.000000 0.000000 0.000000 0.000021 1.000000
68.548655272 1.242843 1.003444 0.000000 0.000000 0.000000 -0.000319 1.000000
68.628951550 1.257975 1.003752 0.000000 0.000000 0.000000 -0.000428 1.000000
68.688163757 1.269432 1.003409 0.000000 0.000000 0.000000 -0.000562 1.000000
68.771270037 1.285766 1.002895 0.000000 0.000000 0.000000 -0.000633 1.000000
68.824939728 1.296128 1.003468 0.000000 0.000000 0.000000 -0.000719 1.000000
68.927378178 1.316580 1.002861 0.000000 0.000000 0.000000 -0.000661 1.000000
68.988554239 1.329533 1.002080 0.000000 0.000000 0.000000 -0.000766 1.000000
69.091393948 1.349724 1.002073 0.000000 0.000000 0.000000 -0.001136 0.999999
69.142657280 1.359701 1.001619 0.000000 0.000000 0.000000 -0.001147 0.999999
69.226943970 1.375854 1.001476 0.000000 0.000000 0.000000 -0.001119 0.999999
69.291504383 1.388366 1.001702 0.000000 0.000000 0.000000 -0.001207 0.999999
69.395749092 1.408465 1.001306 0.000000 0.000000 0.000000 -0.001195 0.999999
69.444655418 1.418127 1.000979 0.000000 0.000000 0.000000 -0.001728 0.999999
69.543005466 1.437410 1.000558 0.000000 0.000000 0.000000 -0.001672 0.999999
69.595045090 1.448056 1.000520 0.000000 0.000000 0.000000 -0.001695 0.999999
69.695927858 1.467796 1.001248 0.000000 0.000000 0.000000 -0.001669 0.999999
69.753221989 1.479776 1.001868 0.000000 0.000000 0.000000 -0.001350 0.999999
69.852281094 1.498702 1.002038 0.000000 0.000000 0.000000 -0.001199 0.999999
69.909631014 1.509831 1.001814 0.000000 0.000000 0.000000 -0.001279 0.999999
70.003495455 1.527993 1.002085 0.000000 0.000000 0.000000 -0.001290 0.999999
70.055417776 1.538904 1.002044 0.000000 0.000000 0.000000 -0.001490 0.999999
70.137858391 1.555292 1.002956 0.000000 0.000000 0.000000 -0.001227 0.999999
70.199167728 1.566882 1.003926 0.000000 0.000000 0.000000 -0.001098 0.999999
70.302878618 1.587331 1.004751 0.000000 0.000000 0.000000 -0.001159 0.999999
70.369396687 1.600124 1.005291 0.000000 0.000000 0.000000 -0.001239 0.999999
70.461210728 1.617901 1.006222 0.000000 0.000000 0.000000 -0.000983 1.000000
70.509778738 1.627769 1.006781 0.000000 0.000000 0.000000 -0.000934 1.000000
70.599387646 1.644427 1.007290 0.000000 0.000000 0.000000 -0.000879 1.000000
70.656033039 1.655604 1.008358 0.000000 0.000000 0.000000 -0.000941 1.000000
70.768153429 1.677978 1.008894 0.000000 0.000000 0.000000 -0.001095 0.999999
70.815999985 1.687545 1.008449 0.000000 0.000000 0.000000 -0.001322 0.999999
70.900581121 1.704069 1.008520 0.000000 0.000000 0.000000 -0.001354 0.999999
70.955633402 1.715607 1.008334 0.000000 0.000000 0.000000 -0.001437 0.999999
71.042252779 1.734103 1.007449 0.000000 0.000000 0.000000 -0.001381 0.999999
71.103641987 1.747209 1.007451 0.000000 0.000000 0.000000 -0.001215 0.999999
71.186776161 1.763605 1.007883 0.000000 0.000000 0.000000 -0.001265 0.999999
71.250498533 1.776637 1.008036 0.000000 0.000000 0.000000 -0.001524 0.999999
71.341936827 1.782498 1.007799 0.000000 0.000000 0.000000 0.006585 0.999978
71.393325806 1.785871 1.007521 0.000000 0.000000 0.000000 0.011549 0.999933
71.487019539 1.791120 1.007349 0.000000 0.000000 0.000000 0.020524 0.999789
71.537977695 1.793159 1.007653 0.000000 0.000000 0.000000 0.025527 0.999674
71.626116753 1.797549 1.008436 0.000000 0.000000 0.000000 0.034367 0.999409
71.682151079 1.801095 1.008504 0.000000 0.000000 0.000000 0.039945 0.999202
71.763496399 1.804827 1.008352 0.000000 0.000000 0.000000 0.048040 0.998845
71.820455313 1.807054 1.007688 0.000000 0.000000 0.000000 0.053809 0.998551
71.918866396 1.811149 1.007762 0.000000 0.000000 0.000000 0.063277 0.997996
71.975845575 1.813637 1.008810 0.000000 0.000000 0.000000 0.069082 0.997611
72.068582535 1.818225 1.010403 0.000000 0.000000 0.000000 0.078271 0.996932
72.122643709 1.820312 1.011084 0.000000 0.000000 0.000000 0.083450 0.996512
72.217851877 1.837938 1.015033 0.000000 0.000000 0.000000 0.083580 0.996501
72.265589714 1.846431 1.016966 0.000000 0.000000 0.000000 0.083509 0.996507
72.354194641 1.862812 1.019014 0.000000 0.000000 0.000000 0.083253 0.996528
72.403216600 1.873564 1.019782 0.000000 0.000000 0.000000 0.083437 0.996513
72.504085302 1.891982 1.023311 0.000000 0.000000 0.000000 0.083249 0.996529
72.559812546 1.903065 1.025139 0.000000 0.000000 0.000000 0.082765 0.996569
72.641114473 1.918065 1.028038 0.000000 0.000000 0.000000 0.082627 0.996581
72.695553064 1.928564 1.030402 0.000000 0.000000 0.000000 0.082309 0.996607
72.784453154 1.946497 1.033172 0.000000 0.000000 0.000000 0.082535 0.996588
72.839464188 1.948517 1.033818 0.000000 0.000000 0.000000 0.087775 0.996140
72.931765556 1.953281 1.035859 0.000000 0.000000 0.000000 0.096592 0.995324
72.986810684 1.955769 1.036135 0.000000 0.000000 0.000000 0.101765 0.994808
73.071648121 1.960675 1.037713 0.000000 0.000000 0.000000 0.110072 0.993924
73.129702330 1.963808 1.038391 0.000000 0.000000 0.000000 0.115957 0.993254
73.227200508 1.967814 1.038704 0.000000 0.000000 0.000000 0.125347 0.992113
73.271549940 1.968668 1.039857 0.000000 0.000000 0.000000 0.129869 0.991531
73.365193605 1.985255 1.044046 0.000000 0.000000 0.000000 0.130548 0.991442
73.410813332 1.994471 1.046574 0.000000 0.000000 0.000000 0.131012 0.991381
73.495560646 2.010164 1.051491 0.000000 0.000000 0.000000 0.131120 0.991366
73.549853325 2.021493 1.054425 0.000000 0.000000 0.000000 0.131281 0.991345
73.635336399 2.038241 1.059192 0.000000 0.000000 0.000000 0.131363 0.991334
73.700213671 2.051005 1.062288 0.000000 0.000000 0.000000 0.131409 0.991328
73.794411182 2.069083 1.067210 0.000000 0.000000 0.000000 0.131473 0.991320
73.851395130 2.079314 1.069726 0.000000 0.000000 0.000000 0.131312 0.991341
73.934927464 2.095844 1.074827 0.000000 0.000000 0.000000 0.131172 0.991360
73.994324923 2.099527 1.075768 0.000000 0.000000 0.000000 0.136608 0.990625
74.076428652 2.103758 1.077374 0.000000 0.000000 0.000000 0.144281 0.989537
74.138641834 2.106428 1.078669 0.000000 0.000000 0.000000 0.150454 0.988617
74.232690811 2.110397 1.079580 0.000000 0.000000 0.000000 0.159726 0.987161
74.284757137 2.112808 1.079913 0.000000 0.000000 0.000000 0.164845 0.986320
74.368963718 2.117160 1.082187 0.000000 0.000000 0.000000 0.173153 0.984895
74.424954653 2.118830 1.082808 0.000000 0.000000 0.000000 0.178255 0.983984
74.512892008 2.122788 1.083897 0.000000 0.000000 0.000000 0.186735 0.982410
74.568120718 2.131864 1.087940 0.000000 0.000000 0.000000 0.187137 0.982334
74.659038782 2.148082 1.093841 0.000000 0.000000 0.000000 0.187267 0.982309
74.720528126 2.158726 1.099127 0.000000 0.000000 0.000000 0.187017 0.982357
74.807915449 2.175024 1.106072 0.000000 0.000000 0.000000 0.186835 0.982391
74.867791891 2.186068 1.111974 0.000000 0.000000 0.000000 0.186357 0.982482
74.956265450 2.201768 1.118931 0.000000 0.000000 0.000000 0.186209 0.982510
75.006022692 2.210762 1.121980 0.000000 0.000000 0.000000 0.186197 0.982512
75.093890429 2.227589 1.128620 0.000000 0.000000 0.000000 0.186126 0.982526
75.151803017 2.238479 1.132817 0.000000 0.000000 0.000000 0.186138 0.982524
75.237923384 2.255581 1.139503 0.000000 0.000000 0.000000 0.186053 0.982540
75.289012432 2.265566 1.143438 0.000000 0.000000 0.000000 0.186023 0.982545
75.377345324 2.282236 1.149928 0.000000 0.000000 0.000000 0.185747 0.982598
75.433693886 2.293044 1.154579 0.000000 0.000000 0.000000 0.185816 0.982585
75.537194490 2.312364 1.161768 0.000000 0.000000 0.000000 0.185788 0.982590
75.586070776 2.321497 1.165453 0.000000 0.000000 0.000000 0.185713 0.982604
75.689361572 2.340724 1.173117 0.000000 0.000000 0.000000 0.185650 0.982616
75.744805098 2.351613 1.177393 0.000000 0.000000 0.000000 0.185447 0.982654
75.826009274 2.366454 1.182986 0.000000 0.000000 0.000000 0.185469 0.982650
75.899021864 2.371082 1.184770 0.000000 0.000000 0.000000 0.192157 0.981364
75.992537260 2.375943 1.186391 0.000000 0.000000 0.000000 0.200763 0.979640
76.056124210 2.378763 1.187454 0.000000 0.000000 0.000000 0.206974 0.978347
76.141805172 2.382617 1.189303 0.000000 0.000000 0.000000 0.215264 0.976556
76.196712971 2.384759 1.189509 0.000000 0.000000 0.000000 0.220564 0.975373
76.279946327 2.388740 1.190174 0.000000 0.000000 0.000000 0.228435 0.973559
76.336917877 2.391916 1.190841 0.000000 0.000000 0.000000 0.234244 0.972178
76.431858301 2.396767 1.192753 0.000000 0.000000 0.000000 0.243034 0.970018
76.487337351 2.406203 1.196553 0.000000 0.000000 0.000000 0.243364 0.969935
76.576975346 2.421176 1.204163 0.000000 0.000000 0.000000 0.243528 0.969894
76.635664701 2.432519 1.210089 0.000000 0.000000 0.000000 0.243483 0.969905
76.736702204 2.450326 1.219040 0.000000 0.000000 0.000000 0.243325 0.969945
76.784813404 2.459382 1.223695 0.000000 0.000000 0.000000 0.243256 0.969962
76.872728825 2.475178 1.231436 0.000000 0.000000 0.000000 0.243301 0.969951
76.940669060 2.487012 1.237034 0.000000 0.000000 0.000000 0.243168 0.969984
77.039191484 2.504114 1.245559 0.000000 0.000000 0.000000 0.243043 0.970015
77.091496944 2.514785 1.249511 0.000000 0.000000 0.000000 0.242736 0.970092
77.178045034 2.519016 1.252531 0.000000 0.000000 0.000000 0.250349 0.968156
77.233334064 2.522429 1.253752 0.000000 0.000000 0.000000 0.255329 0.966854
77.321522951 2.526393 1.257054 0.000000 0.000000 0.000000 0.263690 0.964608
77.385615587 2.529385 1.257152 0.000000 0.000000 0.000000 0.269932 0.962879
77.482558012 2.545262 1.267771 0.000000 0.000000 0.000000 0.270587 0.962695
77.535058022 2.553568 1.274184 0.000000 0.000000 0.000000 0.270719 0.962658
77.635596514 2.570109 1.284657 0.000000 0.000000 0.000000 0.270876 0.962614
77.687636852 2.579171 1.290127 0.000000 0.000000 0.000000 0.271199 0.962523
77.783472538 2.595997 1.300096 0.000000 0.000000 0.000000 0.271583 0.962415
77.833787918 2.604357 1.304567 0.000000 0.000000 0.000000 0.271382 0.962472
77.940711260 2.621554 1.315235 0.000000 0.000000 0.000000 0.271472 0.962446
77.985099792 2.629331 1.320079 0.000000 0.000000 0.000000 0.271263 0.962505
78.074628830 2.644771 1.328773 0.000000 0.000000 0.000000 0.271307 0.962493
78.126539230 2.653922 1.334730 0.000000 0.000000 0.000000 0.271231 0.962514
78.225707769 2.659113 1.337249 0.000000 0.000000 0.000000 0.280281 0.959918
78.287621975 2.662273 1.339504 0.000000 0.000000 0.000000 0.286449 0.958095
78.371752024 2.676641 1.348618 0.000000 0.000000 0.000000 0.286739 0.958009
78.425225496 2.685405 1.353787 0.000000 0.000000 0.000000 0.287129 0.957892
78.525620699 2.702270 1.364226 0.000000 0.000000 0.000000 0.287093 0.957903
78.588539600 2.712915 1.371111 0.000000 0.000000 0.000000 0.287035 0.957920
78.670593977 2.726538 1.379448 0.000000 0.000000 0.000000 0.287016 0.957926
78.735427380 2.737335 1.386851 0.000000 0.000000 0.000000 0.286965 0.957941
78.827690363 2.753334 1.396903 0.000000 0.000000 0.000000 0.286857 0.957973
78.889282465 2.762988 1.403547 0.000000 0.000000 0.000000 0.286835 0.957980
78.986895561 2.778179 1.413215 0.000000 0.000000 0.000000 0.286629 0.958042
79.038242817 2.787075 1.419785 0.000000 0.000000 0.000000 0.286398 0.958111
79.133278370 2.791156 1.422902 0.000000 0.000000 0.000000 0.294968 0.955507
79.188038111 2.793242 1.426834 0.000000 0.000000 0.000000 0.299878 0.953978
79.274859905 2.796543 1.429364 0.000000 0.000000 0.000000 0.308040 0.951374
79.325020790 2.803937 1.434019 0.000000 0.000000 0.000000 0.308428 0.951248
79.419587612 2.819703 1.445002 0.000000 0.000000 0.000000 0.308606 0.951190
79.476016521 2.828020 1.450619 0.000000 0.000000 0.000000 0.308764 0.951139
79.572896481 2.843305 1.461186 0.000000 0.000000 0.000000 0.308924 0.951087
79.625355482 2.852023 1.467647 0.000000 0.000000 0.000000 0.308934 0.951083
79.715934038 2.865992 1.478072 0.000000 0.000000 0.000000 0.309083 0.951035
79.766192913 2.874886 1.484790 0.000000 0.000000 0.000000 0.309149 0.951014
79.851100206 2.888479 1.494588 0.000000 0.000000 0.000000 0.308970 0.951072
79.911969662 2.898122 1.501921 0.000000 0.000000 0.000000 0.309063 0.951042
80.005322218 2.913485 1.512801 0.000000 0.000000 0.000000 0.309030 0.951052
80.049822092 2.920588 1.518562 0.000000 0.000000 0.000000 0.309083 0.951035
80.144307137 2.935800 1.529566 0.000000 0.000000 0.000000 0.308942 0.951081
80.194717646 2.943481 1.536944 0.000000 0.000000 0.000000 0.308815 0.951122
80.283586025 2.947769 1.541116 0.000000 0.000000 0.000000 0.316803 0.948491
80.339012861 2.950339 1.543324 0.000000 0.000000 0.000000 0.321775 0.946816
80.432806969 2.954434 1.546637 0.000000 0.000000 0.000000 0.330400 0.943841
80.481657505 2.956077 1.548419 0.000000 0.000000 0.000000 0.335320 0.942104
80.570667744 2.958699 1.550480 0.000000 0.000000 0.000000 0.343562 0.939130
80.629180193 2.960124 1.552715 0.000000 0.000000 0.000000 0.348894 0.937162
80.725515127 2.962990 1.555916 0.000000 0.000000 0.000000 0.357490 0.933917
80.785824299 2.965333 1.557256 0.000000 0.000000 0.000000 0.363110 0.931746
80.885531425 2.969002 1.560814 0.000000 0.000000 0.000000 0.371960 0.928249
80.931448936 2.970836 1.562969 0.000000 0.000000 0.000000 0.376417 0.926450
81.023196459 2.982562 1.575172 0.000000 0.000000 0.000000 0.376950 0.926234
81.074112654 2.989498 1.581870 0.000000 0.000000 0.000000 0.377404 0.926049
81.169610262 3.001760 1.594455 0.000000 0.000000 0.000000 0.377390 0.926054
81.221564293 3.008707 1.603775 0.000000 0.000000 0.000000 0.377326 0.926081
81.317089081 3.021651 1.617628 0.000000 0.000000 0.000000 0.377265 0.926106
81.373459816 3.029423 1.625178 0.000000 0.000000 0.000000 0.377017 0.926206
81.468533754 3.042374 1.638172 0.000000 0.000000 0.000000 0.377021 0.926205
81.523016691 3.050615 1.645891 0.000000 0.000000 0.000000 0.377070 0.926185
81.598726511 3.062275 1.656545 0.000000 0.000000 0.000000 0.376873 0.926265
81.657386780 3.064604 1.658558 0.000000 0.000000 0.000000 0.381984 0.924169
81.743980408 3.068572 1.662143 0.000000 0.000000 0.000000 0.389756 0.920918
81.802433014 3.071048 1.665715 0.000000 0.000000 0.000000 0.395156 0.918614
81.892469883 3.073791 1.670096 0.000000 0.000000 0.000000 0.403367 0.915038
81.951400280 3.076173 1.672374 0.000000 0.000000 0.000000 0.408794 0.912627
82.051398516 3.078686 1.675600 0.000000 0.000000 0.000000 0.417480 0.908686
82.098116398 3.078859 1.678762 0.000000 0.000000 0.000000 0.421951 0.906619
82.188131332 3.089226 1.691201 0.000000 0.000000 0.000000 0.422268 0.906471
82.248149872 3.095415 1.699921 0.000000 0.000000 0.000000 0.422196 0.906505
82.336132288 3.106004 1.712472 0.000000 0.000000 0.000000 0.422340 0.906437
82.396090031 3.112806 1.721504 0.000000 0.000000 0.000000 0.422418 0.906401
82.493404388 3.124027 1.736052 0.000000 0.000000 0.000000 0.422285 0.906463
82.545469284 3.129815 1.744207 0.000000 0.000000 0.000000 0.422186 0.906509
82.645762682 3.141875 1.758803 0.000000 0.000000 0.000000 0.422157 0.906523
82.703368902 3.148772 1.767580 0.000000 0.000000 0.000000 0.422221 0.906493
82.786747932 3.159879 1.779879 0.000000 0.000000 0.000000 0.422279 0.906466
82.854153395 3.168697 1.789848 0.000000 0.000000 0.000000 0.422343 0.906436
82.943068027 3.180207 1.802436 0.000000 0.000000 0.000000 0.422119 0.906541
83.009804964 3.188990 1.813533 0.000000 0.000000 0.000000 0.421984 0.906603
83.085191727 3.198365 1.824476 0.000000 0.000000 0.000000 0.422250 0.906479
83.153803349 3.206495 1.835258 0.000000 0.000000 0.000000 0.422181 0.906512
83.241653681 3.217873 1.848212 0.000000 0.000000 0.000000 0.422140 0.906531
83.297069788 3.219895 1.850458 0.000000 0.000000 0.000000 0.426696 0.904395
83.389735460 3.223163 1.853587 0.000000 0.000000 0.000000 0.434603 0.900622
83.453119040 3.226515 1.855532 0.000000 0.000000 0.000000 0.439933 0.898030
83.537900448 3.229200 1.858490 0.000000 0.000000 0.000000 0.447231 0.894418
83.597048283 3.231396 1.861033 0.000000 0.000000 0.000000 0.452481 0.891774
83.717325926 3.234891 1.865433 0.000000 0.000000 0.000000 0.463128 0.886292
83.749479055 3.234759 1.865926 0.000000 0.000000 0.000000 0.466094 0.884735
83.838826418 3.237578 1.870238 0.000000 0.000000 0.000000 0.473934 0.880560
83.901724577 3.239481 1.872561 0.000000 0.000000 0.000000 0.479212 0.877699
83.992516994 3.240598 1.875871 0.000000 0.000000 0.000000 0.487057 0.873370
84.051721573 3.242181 1.877279 0.000000 0.000000 0.000000 0.492177 0.870495
84.156426907 3.244113 1.880304 0.000000 0.000000 0.000000 0.500986 0.865456
84.200500965 3.245081 1.882446 0.000000 0.000000 0.000000 0.504809 0.863231
84.283172131 3.253036 1.895765 0.000000 0.000000 0.000000 0.505090 0.863067
84.341853619 3.258462 1.905672 0.000000 0.000000 0.000000 0.504792 0.863241
84.440338135 3.268512 1.921637 0.000000 0.000000 0.000000 0.504864 0.863199
84.490278244 3.272909 1.929563 0.000000 0.000000 0.000000 0.504767 0.863256
84.590413809 3.282071 1.946364 0.000000 0.000000 0.000000 0.504857 0.863203
84.637861252 3.282643 1.949275 0.000000 0.000000 0.000000 0.508437 0.861099
84.731191397 3.285361 1.953695 0.000000 0.000000 0.000000 0.516132 0.856509
84.795961142 3.287675 1.956841 0.000000 0.000000 0.000000 0.521597 0.853192
84.885035038 3.289408 1.961888 0.000000 0.000000 0.000000 0.529021 0.848609
84.942189693 3.293898 1.971265 0.000000 0.000000 0.000000 0.529121 0.848546
85.035698891 3.302025 1.988288 0.000000 0.000000 0.000000 0.529382 0.848383
85.087255955 3.305929 1.999227 0.000000 0.000000 0.000000 0.529341 0.848409
85.177431345 3.313587 2.015474 0.000000 0.000000 0.000000 0.529283 0.848445
85.234461546 3.317431 2.025817 0.000000 0.000000 0.000000 0.529216 0.848487
85.317269802 3.324882 2.040263 0.000000 0.000000 0.000000 0.529206 0.848493
85.371974707 3.329161 2.049369 0.000000 0.000000 0.000000 0.529020 0.848609
85.478625298 3.331978 2.055418 0.000000 0.000000 0.000000 0.537599 0.843201
85.528799295 3.334353 2.058136 0.000000 0.000000 0.000000 0.542005 0.840375
85.623463392 3.336447 2.062708 0.000000 0.000000 0.000000 0.549570 0.835448
85.673765659 3.337186 2.066252 0.000000 0.000000 0.000000 0.553829 0.832630
85.763669968 3.344121 2.081470 0.000000 0.000000 0.000000 0.554326 0.832300
85.820935726 3.349215 2.091308 0.000000 0.000000 0.000000 0.554562 0.832142
85.910727024 3.356101 2.106456 0.000000 0.000000 0.000000 0.554641 0.832090
85.964876890 3.359438 2.116120 0.000000 0.000000 0.000000 0.554742 0.832023
86.051109076 3.365046 2.131998 0.000000 0.000000 0.000000 0.554724 0.832034
86.103527308 3.369921 2.141403 0.000000 0.000000 0.000000 0.554645 0.832087
86.201452255 3.378111 2.159551 0.000000 0.000000 0.000000 0.554781 0.831997
86.242657185 3.380602 2.167622 0.000000 0.000000 0.000000 0.554709 0.832044
86.334985495 3.386848 2.184604 0.000000 0.000000 0.000000 0.554771 0.832003
86.382092714 3.387197 2.187418 0.000000 0.000000 0.000000 0.558351 0.829605
86.472083092 3.389576 2.190431 0.000000 0.000000 0.000000 0.565721 0.824597
86.523828268 3.390865 2.193262 0.000000 0.000000 0.000000 0.569741 0.821824
86.615870237 3.392096 2.197695 0.000000 0.000000 0.000000 0.577039 0.816716
86.670076370 3.393369 2.199878 0.000000 0.000000 0.000000 0.581636 0.813449
86.774803400 3.399867 2.218193 0.000000 0.000000 0.000000 0.582013 0.813180
86.820199966 3.403103 2.226906 0.000000 0.000000 0.000000 0.582081 0.813131
86.919469357 3.408372 2.245290 0.000000 0.000000 0.000000 0.582299 0.812975
86.967871189 3.411291 2.254846 0.000000 0.000000 0.000000 0.582149 0.813082
87.056761026 3.416466 2.271348 0.000000 0.000000 0.000000 0.582021 0.813174
87.109259605 3.420137 2.280805 0.000000 0.000000 0.000000 0.582004 0.813186
87.192007065 3.426055 2.297130 0.000000 0.000000 0.000000 0.581943 0.813229
87.253980637 3.429819 2.308481 0.000000 0.000000 0.000000 0.581872 0.813280
87.349741697 3.431945 2.313179 0.000000 0.000000 0.000000 0.589462 0.807796
87.405018091 3.432663 2.317514 0.000000 0.000000 0.000000 0.593729 0.804665
87.485984564 3.435066 2.320892 0.000000 0.000000 0.000000 0.600026 0.799980
87.543567896 3.436683 2.322953 0.000000 0.000000 0.000000 0.604624 0.796511
87.634330273 3.439095 2.328102 0.000000 0.000000 0.000000 0.611884 0.790948
87.686902761 3.440063 2.330111 0.000000 0.000000 0.000000 0.616034 0.787719
87.787247896 3.440082 2.335588 0.000000 0.000000 0.000000 0.623755 0.781620
87.837472916 3.442598 2.344795 0.000000 0.000000 0.000000 0.624074 0.781365
87.916748285 3.445393 2.359752 0.000000 0.000000 0.000000 0.624138 0.781314
87.986268759 3.449104 2.373127 0.000000 0.000000 0.000000 0.624131 0.781320
88.086726427 3.453767 2.391805 0.000000 0.000000 0.000000 0.624110 0.781336
88.150101423 3.456909 2.403842 0.000000 0.000000 0.000000 0.624085 0.781356
88.240933418 3.457936 2.409116 0.000000 0.000000 0.000000 0.630729 0.776003
88.297403812 3.459041 2.412719 0.000000 0.000000 0.000000 0.634752 0.772716
88.386169910 3.459758 2.417052 0.000000 0.000000 0.000000 0.641372 0.767230
88.450335503 3.460716 2.421002 0.000000 0.000000 0.000000 0.646395 0.763003
88.535275698 3.462036 2.425272 0.000000 0.000000 0.000000 0.652657 0.757653
88.605426788 3.462106 2.429091 0.000000 0.000000 0.000000 0.658154 0.752883
88.683759212 3.463589 2.433596 0.000000 0.000000 0.000000 0.664040 0.747697
88.750116110 3.465019 2.446358 0.000000 0.000000 0.000000 0.664351 0.747420
88.851769447 3.467827 2.466931 0.000000 0.000000 0.000000 0.664266 0.747497
88.916266441 3.469986 2.479029 0.000000 0.000000 0.000000 0.664264 0.747498
89.002526760 3.471303 2.496000 0.000000 0.000000 0.000000 0.664271 0.747491
89.057895184 3.472029 2.506073 0.000000 0.000000 0.000000 0.664015 0.747719
89.140100241 3.472960 2.520809 0.000000 0.000000 0.000000 0.663944 0.747783
89.195465088 3.472295 2.523850 0.000000 0.000000 0.000000 0.667659 0.744467
89.289087772 3.472157 2.528946 0.000000 0.000000 0.000000 0.674366 0.738397
89.344048738 3.471278 2.531065 0.000000 0.000000 0.000000 0.678439 0.734657
89.440391302 3.470659 2.536068 0.000000 0.000000 0.000000 0.685415 0.728152
89.492968559 3.469889 2.538463 0.000000 0.000000 0.000000 0.689515 0.724271
89.607647657 3.470822 2.560273 0.000000 0.000000 0.000000 0.689891 0.723913
89.672281504 3.471876 2.573114 0.000000 0.000000 0.000000 0.689948 0.723859
89.768073082 3.472754 2.592418 0.000000 0.000000 0.000000 0.690075 0.723738
89.829360723 3.473340 2.604607 0.000000 0.000000 0.000000 0.690155 0.723662
89.918611765 3.473854 2.622068 0.000000 0.000000 0.000000 0.690233 0.723587
89.983339548 3.474732 2.634754 0.000000 0.000000 0.000000 0.690204 0.723614
90.075467348 3.476211 2.653404 0.000000 0.000000 0.000000 0.690234 0.723587
90.136802912 3.477136 2.666091 0.000000 0.000000 0.000000 0.690111 0.723704
90.217718840 3.477331 2.682034 0.000000 0.000000 0.000000 0.690146 0.723670
90.282570362 3.478631 2.694987 0.000000 0.000000 0.000000 0.690257 0.723564
90.377734184 3.478938 2.713952 0.000000 0.000000 0.000000 0.690339 0.723486
90.428593874 3.479224 2.724523 0.000000 0.000000 0.000000 0.690203 0.723616
90.510604858 3.479989 2.740075 0.000000 0.000000 0.000000 0.690038 0.723773
90.568803549 3.480113 2.754524 0.000000 0.000000 0.000000 0.689921 0.723885
90.669097900 3.480635 2.774183 0.000000 0.000000 0.000000 0.689842 0.723960
90.734403133 3.482044 2.787261 0.000000 0.000000 0.000000 0.689890 0.723914
90.817264557 3.482305 2.802925 0.000000 0.000000 0.000000 0.689990 0.723819
90.874949217 3.482645 2.814166 0.000000 0.000000 0.000000 0.689922 0.723884
90.977848291 3.483170 2.834496 0.000000 0.000000 0.000000 0.690021 0.723789
91.038990498 3.484387 2.846915 0.000000 0.000000 0.000000 0.689875 0.723929
91.132968187 3.485544 2.864845 0.000000 0.000000 0.000000 0.689727 0.724069
91.184181929 3.486059 2.876396 0.000000 0.000000 0.000000 0.689638 0.724154
91.277483940 3.487591 2.894608 0.000000 0.000000 0.000000 0.689551 0.724237
91.333750963 3.487481 2.905959 0.000000 0.000000 0.000000 0.689721 0.724075
91.435931683 3.488137 2.926353 0.000000 0.000000 0.000000 0.689713 0.724083
91.490885019 3.488575 2.938057 0.000000 0.000000 0.000000 0.689524 0.724262
91.596405983 3.489713 2.959074 0.000000 0.000000 0.000000 0.689542 0.724246
91.657889366 3.489846 2.970879 0.000000 0.000000 0.000000 0.689519 0.724267
91.744920015 3.490760 2.987750 0.000000 0.000000 0.000000 0.689588 0.724202
91.803375244 3.491775 2.999051 0.000000 0.000000 0.000000 0.689720 0.724076
91.889576912 3.492388 3.017608 0.000000 0.000000 0.000000 0.689539 0.724249
91.950321198 3.493631 3.030666 0.000000 0.000000 0.000000 0.689487 0.724298
92.040585995 3.493719 3.048208 0.000000 0.000000 0.000000 0.689423 0.724359
92.095539570 3.494149 3.058912 0.000000 0.000000 0.000000 0.689438 0.724345
92.180634975 3.494718 3.075222 0.000000 0.000000 0.000000 0.689586 0.724204
92.233907700 3.496913 3.086138 0.000000 0.000000 0.000000 0.689565 0.724223
92.324627161 3.497671 3.104438 0.000000 0.000000 0.000000 0.689690 0.724105
92.377721786 3.498195 3.115924 0.000000 0.000000 0.000000 0.689725 0.724071
92.477380037 3.499439 3.134830 0.000000 0.000000 0.000000 0.689551 0.724237
92.527386665 3.499568 3.144994 0.000000 0.000000 0.000000 0.689376 0.724404
92.615924358 3.502025 3.162751 0.000000 0.000000 0.000000 0.689375 0.724404
92.672314167 3.502476 3.173258 0.000000 0.000000 0.000000 0.689316 0.724461
92.773890257 3.503076 3.193589 0.000000 0.000000 0.000000 0.689269 0.724505
92.833395958 3.503820 3.206410 0.000000 0.000000 0.000000 0.689090 0.724676
92.924817085 3.505065 3.225241 0.000000 0.000000 0.000000 0.689208 0.724563
92.988978386 3.504287 3.237674 0.000000 0.000000 0.000000 0.689082 0.724684
93.100240469 3.504198 3.258701 0.000000 0.000000 0.000000 0.689264 0.724511
93.152472734 3.504594 3.268233 0.000000 0.000000 0.000000 0.689215 0.724557
93.248969555 3.505817 3.286433 0.000000 0.000000 0.000000 0.689389 0.724391
93.302347898 3.505459 3.297050 0.000000 0.000000 0.000000 0.689290 0.724485
93.402684212 3.506417 3.316729 0.000000 0.000000 0.000000 0.689167 0.724602
93.454676867 3.506689 3.326780 0.000000 0.000000 0.000000 0.689154 0.724615
93.552758694 3.507364 3.344953 0.000000 0.000000 0.000000 0.689193 0.724578
93.613630056 3.507518 3.357254 0.000000 0.000000 0.000000 0.689433 0.724350
93.707502604 3.508792 3.377172 0.000000 0.000000 0.000000 0.689220 0.724552
93.764230251 3.508130 3.388853 0.000000 0.000000 0.000000 0.689268 0.724506
93.873910427 3.508613 3.410406 0.000000 0.000000 0.000000 0.689233 0.724539
93.914932251 3.509344 3.420304 0.000000 0.000000 0.000000 0.689209 0.724562
94.005584240 3.510251 3.437602 0.000000 0.000000 0.000000 0.689237 0.724536
94.060539484 3.510289 3.448434 0.000000 0.000000 0.000000 0.689271 0.724504
94.156020403 3.511389 3.467293 0.000000 0.000000 0.000000 0.689146 0.724623
94.210253716 3.511078 3.478683 0.000000 0.000000 0.000000 0.689015 0.724747
94.306135893 3.511741 3.498027 0.000000 0.000000 0.000000 0.689087 0.724679
94.372974396 3.512540 3.511659 0.000000 0.000000 0.000000 0.689272 0.724503
94.471097946 3.513129 3.529279 0.000000 0.000000 0.000000 0.689324 0.724453
94.529613972 3.513606 3.540769 0.000000 0.000000 0.000000 0.689368 0.724412
94.627149820 3.514834 3.560006 0.000000 0.000000 0.000000 0.689254 0.724520
94.671769142 3.515720 3.569639 0.000000 0.000000 0.000000 0.689125 0.724643
94.763330460 3.516285 3.587255 0.000000 0.000000 0.000000 0.689087 0.724678
94.822440624 3.517211 3.599471 0.000000 0.000000 0.000000 0.689154 0.724615
94.912670851 3.518782 3.616771 0.000000 0.000000 0.000000 0.689356 0.724423
94.978972197 3.519847 3.629629 0.000000 0.000000 0.000000 0.689526 0.724260
95.068254471 3.521728 3.648195 0.000000 0.000000 0.000000 0.689507 0.724279
95.123470068 3.522491 3.660576 0.000000 0.000000 0.000000 0.689401 0.724379
95.210581541 3.523278 3.677960 0.000000 0.000000 0.000000 0.689509 0.724277
95.261231899 3.523341 3.687408 0.000000 0.000000 0.000000 0.689466 0.724318
95.358219862 3.524447 3.705419 0.000000 0.000000 0.000000 0.689514 0.724272
95.405269146 3.524769 3.714817 0.000000 0.000000 0.000000 0.689526 0.724261
95.495450497 3.525437 3.715255 0.000000 0.000000 0.000000 0.689346 0.724433
95.556711435 3.525048 3.715174 0.000000 0.000000 0.000000 0.689126 0.724641
95.654532194 3.525020 3.715450 0.000000 0.000000 0.000000 0.688978 0.724783
95.718507051 3.524930 3.716958 0.000000 0.000000 0.000000 0.688889 0.724867
95.809733868 3.524280 3.716652 0.000000 0.000000 0.000000 0.688798 0.724953
95.869915009 3.525582 3.715535 0.000000 0.000000 0.000000 0.688563 0.725177
95.968504429 3.524987 3.715211 0.000000 0.000000 0.000000 0.688560 0.725180
96.013655424 3.524525 3.715516 0.000000 0.000000 0.000000 0.688382 0.725348
96.105460644 3.524778 3.715664 0.000000 0.000000 0.000000 0.688417 0.725316
96.151817083 3.525058 3.716575 0.000000 0.000000 0.000000 0.688516 0.725221
96.249305487 3.526273 3.716116 0.000000 0.000000 0.000000 0.688589 0.725152
96.313171148 3.526373 3.716138 0.000000 0.000000 0.000000 0.688477 0.725258
96.411842108 3.525818 3.716285 0.000000 0.000000 0.000000 0.688492 0.725244
96.483254194 3.525976 3.715612 0.000000 0.000000 0.000000 0.688486 0.725250
96.576039553 3.526092 3.716209 0.000000 0.000000 0.000000 0.688455 0.725279
96.634468794 3.526107 3.715416 0.000000 0.000000 0.000000 0.688436 0.725298
96.723625898 3.526248 3.715005 0.000000 0.000000 0.000000 0.688411 0.725320
96.781600475 3.525967 3.715676 0.000000 0.000000 0.000000 0.688256 0.725468
96.866395235 3.525973 3.715305 0.000000 0.000000 0.000000 0.688359 0.725370
96.921135187 3.525720 3.716931 0.000000 0.000000 0.000000 0.688122 0.725595
97.019036293 3.526391 3.717247 0.000000 0.000000 0.000000 0.687921 0.725786
97.060910940 3.526209 3.718432 0.000000 0.000000 0.000000 0.687906 0.725799
97.153807163 3.525784 3.718148 0.000000 0.000000 0.000000 0.687972 0.725738
97.211027622 3.526581 3.717122 0.000000 0.000000 0.000000 0.688008 0.725703
97.305245876 3.525957 3.717589 0.000000 0.000000 0.000000 0.687980 0.725730
97.364989996 3.526568 3.717412 0.000000 0.000000 0.000000 0.688077 0.725638
97.465471268 3.525787 3.717100 0.000000 0.000000 0.000000 0.687994 0.725717
97.531141281 3.525381 3.717249 0.000000 0.000000 0.000000 0.688040 0.725673
97.607466698 3.525161 3.716957 0.000000 0.000000 0.000000 0.688100 0.725616
97.670571327 3.525503 3.717579 0.000000 0.000000 0.000000 0.688041 0.725672
97.761371374 3.525066 3.718278 0.000000 0.000000 0.000000 0.688137 0.725581
97.826786518 3.525209 3.719617 0.000000 0.000000 0.000000 0.688239 0.725484
97.904732704 3.524516 3.720244 0.000000 0.000000 0.000000 0.688183 0.725537
97.972033739 3.524653 3.720422 0.000000 0.000000 0.000000 0.688298 0.725428
98.065672398 3.523683 3.719787 0.000000 0.000000 0.000000 0.688480 0.725255
98.120881319 3.523941 3.719497 0.000000 0.000000 0.000000 0.688678 0.725067
98.209275961 3.523694 3.719495 0.000000 0.000000 0.000000 0.688739 0.725009
98.266049623 3.523295 3.718580 0.000000 0.000000 0.000000 0.688710 0.725037
98.353181839 3.523487 3.718801 0.000000 0.000000 0.000000 0.688510 0.725226
98.403073549 3.521809 3.718899 0.000000 0.000000 0.000000 0.688443 0.725290
98.490382910 3.520689 3.719094 0.000000 0.000000 0.000000 0.688333 0.725395
98.542252064 3.519828 3.718880 0.000000 0.000000 0.000000 0.688309 0.725418
98.624454260 3.518464 3.717973 0.000000 0.000000 0.000000 0.688312 0.725415
98.685510397 3.518855 3.717970 0.000000 0.000000 0.000000 0.688227 0.725495
98.779605627 3.518637 3.718440 0.000000 0.000000 0.000000 0.688211 0.725511
98.838194609 3.518173 3.719368 0.000000 0.000000 0.000000 0.688276 0.725448
98.929908276 3.517744 3.719066 0.000000 0.000000 0.000000 0.688257 0.725466
98.986426353 3.517158 3.720265 0.000000 0.000000 0.000000 0.688243 0.725480
99.090990067 3.517893 3.720953 0.000000 0.000000 0.000000 0.688179 0.725540
99.137984037 3.518352 3.720277 0.000000 0.000000 0.000000 0.688174 0.725546
99.222180128 3.517788 3.719915 0.000000 0.000000 0.000000 0.688215 0.725506
99.274515629 3.518410 3.718826 0.000000 0.000000 0.000000 0.688275 0.725450
99.372492313 3.518667 3.719281 0.000000 0.000000 0.000000 0.688363 0.725366
99.430688858 3.518693 3.719321 0.000000 0.000000 0.000000 0.688401 0.725330
99.544572830 3.518801 3.720056 0.000000 0.000000 0.000000 0.688424 0.725308
99.586899042 3.517186 3.719481 0.000000 0.000000 0.000000 0.688394 0.725337
99.684531927 3.517399 3.719320 0.000000 0.000000 0.000000 0.688269 0.725455
99.732462883 3.516682 3.719245 0.000000 0.000000 0.000000 0.688196 0.725525
99.817482233 3.516218 3.719413 0.000000 0.000000 0.000000 0.688304 0.725422
99.865893364 3.516036 3.719785 0.000000 0.000000 0.000000 0.688551 0.725188
99.974117994 3.515995 3.719704 0.000000 0.000000 0.000000 0.688413 0.725319
100.008396149 3.514794 3.719566 0.000000 0.000000 0.000000 0.688402 0.725329
100.099959850 3.513770 3.720199 0.000000 0.000000 0.000000 0.688419 0.725313
100.157341719 3.514315 3.720776 0.000000 0.000000 0.000000 0.688396 0.725335
100.251402378 3.513634 3.721016 0.000000 0.000000 0.000000 0.688530 0.725208
100.296842813 3.513771 3.721487 0.000000 0.000000 0.000000 0.688612 0.725130
100.386153460 3.513561 3.720994 0.000000 0.000000 0.000000 0.688607 0.725135
100.438560963 3.513415 3.720086 0.000000 0.000000 0.000000 0.688566 0.725173
100.523025513 3.513361 3.719742 0.000000 0.000000 0.000000 0.688636 0.725107
100.578892708 3.512557 3.719389 0.000000 0.000000 0.000000 0.688665 0.725080
100.666844606 3.512795 3.719119 0.000000 0.000000 0.000000 0.688704 0.725043
100.717916250 3.512057 3.718813 0.000000 0.000000 0.000000 0.688624 0.725118
100.814438343 3.512069 3.719228 0.000000 0.000000 0.000000 0.688496 0.725240
100.859156370 3.511782 3.719370 0.000000 0.000000 0.000000 0.688536 0.725202
100.952885628 3.511222 3.719861 0.000000 0.000000 0.000000 0.688600 0.725141
101.000487804 3.510785 3.719053 0.000000 0.000000 0.000000 0.688760 0.724990
101.085479736 3.510264 3.720385 0.000000 0.000000 0.000000 0.688817 0.724936
101.136031866 3.510853 3.718743 0.000000 0.000000 0.000000 0.688783 0.724967
101.229514122 3.511242 3.718639 0.000000 0.000000 0.000000 0.688871 0.724884
101.274351120 3.511312 3.719659 0.000000 0.000000 0.000000 0.689041 0.724722
101.373620749 3.511728 3.720252 0.000000 0.000000 0.000000 0.689199 0.724572
101.426921129 3.510951 3.720893 0.000000 0.000000 0.000000 0.689132 0.724636
101.521782160 3.511151 3.720883 0.000000 0.000000 0.000000 0.689119 0.724648
101.570658922 3.511754 3.721438 0.000000 0.000000 0.000000 0.688988 0.724773
101.657437325 3.511958 3.721796 0.000000 0.000000 0.000000 0.688845 0.724908
101.713495970 3.512599 3.722017 0.000000 0.000000 0.000000 0.688814 0.724938
101.799236774 3.512489 3.722168 0.000000 0.000000 0.000000 0.688794 0.724957
101.849389791 3.513266 3.722493 0.000000 0.000000 0.000000 0.688734 0.725014
101.945839167 3.513563 3.722422 0.000000 0.000000 0.000000 0.688675 0.725070
101.999189854 3.513859 3.721847 0.000000 0.000000 0.000000 0.688725 0.725022
102.086042404 3.514593 3.722547 0.000000 0.000000 0.000000 0.688586 0.725155
102.136522293 3.514546 3.722580 0.000000 0.000000 0.000000 0.688496 0.725240
102.221495152 3.515041 3.723489 0.000000 0.000000 0.000000 0.688427 0.725306
102.276251078 3.514710 3.723077 0.000000 0.000000 0.000000 0.688454 0.725280
102.367645025 3.514789 3.722968 0.000000 0.000000 0.000000 0.688444 0.725289
102.423708200 3.515390 3.723100 0.000000 0.000000 0.000000 0.688359 0.725370
102.525077105 3.518092 3.723906 0.000000 0.000000 0.000000 0.688294 0.725432
102.574762106 3.518268 3.724020 0.000000 0.000000 0.000000 0.688295 0.725431
102.674291134 3.517495 3.724255 0.000000 0.000000 0.000000 0.688173 0.725547
