56.000000000 0.002058 0.995612 0.000000 0.000000 0.000000 -0.004437 0.999990
56.092626333 0.005462 0.994127 0.000000 0.000000 0.000000 -0.007286 0.999973
56.136488199 0.006044 0.991697 0.000000 0.000000 0.000000 -0.009297 0.999957
56.234569073 0.005575 0.991255 0.000000 0.000000 0.000000 -0.007576 0.999971
56.291095257 0.005542 0.990038 0.000000 0.000000 0.000000 -0.008478 0.999964
56.384810448 0.005707 0.989784 0.000000 0.000000 0.000000 -0.008833 0.999961
56.432573795 0.004538 0.989411 0.000000 0.000000 0.000000 -0.009519 0.999955
56.517774343 0.004862 0.989853 0.000000 0.000000 0.000000 -0.009858 0.999951
56.566277504 0.005626 0.991216 0.000000 0.000000 0.000000 -0.010314 0.999947
56.658776283 0.006026 0.990921 0.000000 0.000000 0.000000 -0.010577 0.999944
56.719421625 0.005510 0.990910 0.000000 0.000000 0.000000 -0.010915 0.999940
56.806190968 0.006030 0.991346 0.000000 0.000000 0.000000 -0.010962 0.999940
56.859033823 0.006811 0.989785 0.000000 0.000000 0.000000 -0.011243 0.999937
56.956225157 0.007328 0.990275 0.000000 0.000000 0.000000 -0.011526 0.999934
56.992516994 0.007815 0.989863 0.000000 0.000000 0.000000 -0.011321 0.999936
57.085117579 0.007971 0.990310 0.000000 0.000000 0.000000 -0.011103 0.999938
57.135342836 0.008893 0.989047 0.000000 0.000000 0.000000 -0.011151 0.999938
57.226917267 0.008681 0.990358 0.000000 0.000000 0.000000 -0.011018 0.999939
57.280653477 0.008811 0.990560 0.000000 0.000000 0.000000 -0.010575 0.999944
57.376023293 0.008607 0.990740 0.000000 0.000000 0.000000 -0.010238 0.999948
57.421943903 0.007805 0.990692 0.000000 0.000000 0.000000 -0.010382 0.999946
57.506844759 0.006661 0.991406 0.000000 0.000000 0.000000 -0.010611 0.999944
57.561612844 0.005022 0.989224 0.000000 0.000000 0.000000 -0.010453 0.999945
57.661116600 0.005197 0.990346 0.000000 0.000000 0.000000 -0.010480 0.999945
57.713097334 0.005291 0.989385 0.000000 0.000000 0.000000 -0.010233 0.999948
57.818692207 0.004375 0.990341 0.000000 0.000000 0.000000 -0.010177 0.999948
57.857132435 0.005227 0.991123 0.000000 0.000000 0.000000 -0.010301 0.999947
57.942367077 0.005506 0.991702 0.000000 0.000000 0.000000 -0.010317 0.999947
57.993121147 0.005413 0.992106 0.000000 0.000000 0.000000 -0.010411 0.999946
58.084053516 0.005633 0.992116 0.000000 0.000000 0.000000 -0.010631 0.999943
58.134043932 0.004679 0.990949 0.000000 0.000000 0.000000 -0.010410 0.999946
58.226578236 0.005361 0.991647 0.000000 0.000000 0.000000 -0.010458 0.999945
58.278188705 0.004904 0.992310 0.000000 0.000000 0.000000 -0.010594 0.999944
58.375108480 0.005564 0.991516 0.000000 0.000000 0.000000 -0.010537 0.999944
58.432198524 0.005211 0.991687 0.000000 0.000000 0.000000 -0.010724 0.999942
58.513686180 0.006048 0.991526 0.000000 0.000000 0.000000 -0.010500 0.999945
58.577755451 0.005849 0.991450 0.000000 0.000000 0.000000 -0.010556 0.999944
58.663658381 0.006700 0.991434 0.000000 0.000000 0.000000 -0.010569 0.999944
58.721382856 0.005500 0.990934 0.000000 0.000000 0.000000 -0.010359 0.999946
58.811643362 0.005612 0.991159 0.000000 0.000000 0.000000 -0.010590 0.999944
58.859117508 0.005497 0.991406 0.000000 0.000000 0.000000 -0.010512 0.999945
58.954252720 0.005128 0.992223 0.000000 0.000000 0.000000 -0.010567 0.999944
59.016629219 0.003836 0.992421 0.000000 0.000000 0.000000 -0.010476 0.999945
59.106379747 0.003535 0.991799 0.000000 0.000000 0.000000 -0.010266 0.999947
59.158839226 0.002242 0.991468 0.000000 0.000000 0.000000 -0.010343 0.999947
59.239713192 0.002587 0.991758 0.000000 0.000000 0.000000 -0.010678 0.999943
59.295119047 0.002707 0.990184 0.000000 0.000000 0.000000 -0.010686 0.999943
59.400145054 0.003063 0.989680 0.000000 0.000000 0.000000 -0.010922 0.999940
59.447155952 0.003103 0.991411 0.000000 0.000000 0.000000 -0.010973 0.999940
59.543852329 0.003728 0.991993 0.000000 0.000000 0.000000 -0.011313 0.999936
59.590034962 0.004964 0.993649 0.000000 0.000000 0.000000 -0.011414 0.999935
59.665421247 0.005144 0.994608 0.000000 0.000000 0.000000 -0.011893 0.999929
59.720851421 0.004955 0.994966 0.000000 0.000000 0.000000 -0.012043 0.999927
59.805132151 0.005015 0.996004 0.000000 0.000000 0.000000 -0.012428 0.999923
59.860359430 0.006346 0.996954 0.000000 0.000000 0.000000 -0.012599 0.999921
59.957119226 0.005403 0.996917 0.000000 0.000000 0.000000 -0.012752 0.999919
60.005816936 0.005030 0.996522 0.000000 0.000000 0.000000 -0.012603 0.999921
60.089397669 0.004915 0.998508 0.000000 0.000000 0.000000 -0.012603 0.999921
60.138172865 0.006246 0.998570 0.000000 0.000000 0.000000 -0.012619 0.999920
60.220950127 0.007479 0.998951 0.000000 0.000000 0.000000 -0.012416 0.999923
60.272440672 0.007106 1.001416 0.000000 0.000000 0.000000 -0.012987 0.999916
60.365985632 0.006704 1.002364 0.000000 0.000000 0.000000 -0.012794 0.999918
60.419920921 0.006468 1.003315 0.000000 0.000000 0.000000 -0.012857 0.999917
60.517887354 0.007457 1.004684 0.000000 0.000000 0.000000 -0.012735 0.999919
60.576246977 0.007739 1.004329 0.000000 0.000000 0.000000 -0.012989 0.999916
60.661265135 0.008022 1.004345 0.000000 0.000000 0.000000 -0.013088 0.999914
60.720116138 0.007635 1.004453 0.000000 0.000000 0.000000 -0.012922 0.999917
60.806773424 0.007105 1.004420 0.000000 0.000000 0.000000 -0.012774 0.999918
60.856551170 0.006918 1.005531 0.000000 0.000000 0.000000 -0.012633 0.999920
60.954911470 0.007624 1.005671 0.000000 0.000000 0.000000 -0.012772 0.999918
61.012297630 0.007217 1.005930 0.000000 0.000000 0.000000 -0.012738 0.999919
61.109639168 0.007408 1.006444 0.000000 0.000000 0.000000 -0.013138 0.999914
61.157109976 0.006166 1.007794 0.000000 0.000000 0.000000 -0.012983 0.999916
61.239634752 0.006669 1.008585 0.000000 0.000000 0.000000 -0.012982 0.999916
61.291578770 0.006158 1.008901 0.000000 0.000000 0.000000 -0.013136 0.999914
61.377224922 0.004417 1.008549 0.000000 0.000000 0.000000 -0.013340 0.999911
61.424571276 0.003500 1.008061 0.000000 0.000000 0.000000 -0.013194 0.999913
61.517945051 0.003736 1.007571 0.000000 0.000000 0.000000 -0.012965 0.999916
61.571182013 0.003673 1.008475 0.000000 0.000000 0.000000 -0.013254 0.999912
61.674693108 0.003664 1.008965 0.000000 0.000000 0.000000 -0.013377 0.999911
61.731230259 0.003570 1.009858 0.000000 0.000000 0.000000 -0.013682 0.999906
61.823836803 0.002715 1.009345 0.000000 0.000000 0.000000 -0.013473 0.999909
61.867137194 0.001996 1.010833 0.000000 0.000000 0.000000 -0.013687 0.999906
61.957184315 0.002580 1.011109 0.000000 0.000000 0.000000 -0.013961 0.999903
62.007257462 0.002217 1.011584 0.000000 0.000000 0.000000 -0.014181 0.999899
62.096065044 0.002605 1.011475 0.000000 0.000000 0.000000 -0.014153 0.999900
62.149833441 0.001729 1.012285 0.000000 0.000000 0.000000 -0.014152 0.999900
62.231528997 0.017024 1.012567 0.000000 0.000000 0.000000 -0.014259 0.999898
62.288254261 0.026689 1.012315 0.000000 0.000000 0.000000 -0.013963 0.999903
62.372793436 0.042408 1.012837 0.000000 0.000000 0.000000 -0.014204 0.999899
62.437046528 0.054750 1.012581 0.000000 0.000000 0.000000 -0.014026 0.999902
62.518205643 0.068933 1.011374 0.000000 0.000000 0.000000 -0.013812 0.999905
62.573649645 0.079557 1.010082 0.000000 0.000000 0.000000 -0.013993 0.999902
62.658019066 0.094556 1.009184 0.000000 0.000000 0.000000 -0.014014 0.999902
62.708748341 0.104816 1.008317 0.000000 0.000000 0.000000 -0.014097 0.999901
62.802901506 0.124344 1.009119 0.000000 0.000000 0.000000 -0.013823 0.999904
62.862125397 0.135361 1.008439 0.000000 0.000000 0.000000 -0.013895 0.999903
62.944721937 0.151733 1.006301 0.000000 0.000000 0.000000 -0.013968 0.999902
63.001682520 0.164256 1.007061 0.000000 0.000000 0.000000 -0.014092 0.999901
63.096352816 0.181482 1.005305 0.000000 0.000000 0.000000 -0.014248 0.999898
63.140980959 0.190916 1.004170 0.000000 0.000000 0.000000 -0.014086 0.999901
63.224403381 0.210673 1.002941 0.000000 0.000000 0.000000 -0.013906 0.999903
63.278097630 0.220943 1.002224 0.000000 0.000000 0.000000 -0.013952 0.999903
63.378735542 0.241251 1.001519 0.000000 0.000000 0.000000 -0.014066 0.999901
63.429337263 0.250881 1.001061 0.000000 0.000000 0.000000 -0.014361 0.999897
63.507558107 0.265765 1.000352 0.000000 0.000000 0.000000 -0.013903 0.999903
63.561244726 0.276436 0.999869 0.000000 0.000000 0.000000 -0.013578 0.999908
63.651183605 0.293390 0.999842 0.000000 0.000000 0.000000 -0.013604 0.999907
63.722069025 0.306581 0.998065 0.000000 0.000000 0.000000 -0.013275 0.999912
63.818211794 0.325197 0.996728 0.000000 0.000000 0.000000 -0.013277 0.999912
63.867984533 0.334538 0.996602 0.000000 0.000000 0.000000 -0.013041 0.999915
63.954170942 0.350970 0.995731 0.000000 0.000000 0.000000 -0.013386 0.999910
64.007827759 0.361353 0.995507 0.000000 0.000000 0.000000 -0.013512 0.999909
64.098969221 0.377493 0.995017 0.000000 0.000000 0.000000 -0.013511 0.999909
64.150251389 0.386656 0.995140 0.000000 0.000000 0.000000 -0.013429 0.999910
64.240028858 0.403374 0.995176 0.000000 0.000000 0.000000 -0.013205 0.999913
64.291742325 0.413091 0.995259 0.000000 0.000000 0.000000 -0.013268 0.999912
64.384911537 0.431033 0.995930 0.000000 0.000000 0.000000 -0.013333 0.999911
64.438662767 0.441641 0.995746 0.000000 0.000000 0.000000 -0.013206 0.999913
64.529100657 0.459175 0.994546 0.000000 0.000000 0.000000 -0.013073 0.999915
64.581606388 0.468322 0.993864 0.000000 0.000000 0.000000 -0.012938 0.999916
64.666499376 0.483480 0.993661 0.000000 0.000000 0.000000 -0.012575 0.999921
64.719514608 0.494390 0.992208 0.000000 0.000000 0.000000 -0.012391 0.999923
64.801486015 0.510904 0.992321 0.000000 0.000000 0.000000 -0.012331 0.999924
64.853920698 0.520997 0.992470 0.000000 0.000000 0.000000 -0.012442 0.999923
64.943417788 0.537558 0.992800 0.000000 0.000000 0.000000 -0.012513 0.999922
64.995023489 0.546974 0.993149 0.000000 0.000000 0.000000 -0.012166 0.999926
65.076430798 0.562357 0.993004 0.000000 0.000000 0.000000 -0.012231 0.999925
65.137303352 0.574762 0.993629 0.000000 0.000000 0.000000 -0.012310 0.999924
65.235720634 0.592879 0.993772 0.000000 0.000000 0.000000 -0.012030 0.999928
65.286878586 0.602485 0.994157 0.000000 0.000000 0.000000 -0.012180 0.999926
65.388996363 0.621526 0.992958 0.000000 0.000000 0.000000 -0.012524 0.999922
65.443364143 0.631168 0.993187 0.000000 0.000000 0.000000 -0.012715 0.999919
65.533442974 0.646510 0.992673 0.000000 0.000000 0.000000 -0.012749 0.999919
65.583643198 0.655950 0.994704 0.000000 0.000000 0.000000 -0.012908 0.999917
65.666572094 0.670840 0.993608 0.000000 0.000000 0.000000 -0.012903 0.999917
65.718314648 0.680516 0.993643 0.000000 0.000000 0.000000 -0.012588 0.999921
65.813969851 0.698221 0.993341 0.000000 0.000000 0.000000 -0.012782 0.999918
65.860479355 0.705886 0.993868 0.000000 0.000000 0.000000 -0.012929 0.999916
65.949100494 0.723972 0.992473 0.000000 0.000000 0.000000 -0.012940 0.999916
66.006313324 0.736285 0.990159 0.000000 0.000000 0.000000 -0.012461 0.999922
66.091695070 0.752753 0.990528 0.000000 0.000000 0.000000 -0.012647 0.999920
66.150105000 0.764049 0.990675 0.000000 0.000000 0.000000 -0.012613 0.999920
66.245607138 0.782061 0.989978 0.000000 0.000000 0.000000 -0.012520 0.999922
66.289936066 0.791005 0.990222 0.000000 0.000000 0.000000 -0.012464 0.999922
66.374847174 0.808011 0.990066 0.000000 0.000000 0.000000 -0.012122 0.999927
66.427448988 0.818878 0.991169 0.000000 0.000000 0.000000 -0.012075 0.999927
66.515174389 0.835754 0.991501 0.000000 0.000000 0.000000 -0.012213 0.999925
66.565155268 0.845461 0.991517 0.000000 0.000000 0.000000 -0.012191 0.999926
66.668905973 0.865341 0.990852 0.000000 0.000000 0.000000 -0.012296 0.999924
66.720251560 0.875696 0.990570 0.000000 0.000000 0.000000 -0.012615 0.999920
66.818524122 0.893207 0.989997 0.000000 0.000000 0.000000 -0.012866 0.999917
66.862034321 0.901463 0.990396 0.000000 0.000000 0.000000 -0.012698 0.999919
66.948162079 0.917620 0.989859 0.000000 0.000000 0.000000 -0.012508 0.999922
66.998103142 0.927012 0.989181 0.000000 0.000000 0.000000 -0.012749 0.999919
67.100195885 0.945637 0.987678 0.000000 0.000000 0.000000 -0.012747 0.999919
67.157076359 0.956723 0.988885 0.000000 0.000000 0.000000 -0.012874 0.999917
67.269846916 0.979621 0.987650 0.000000 0.000000 0.000000 -0.012807 0.999918
67.325706720 0.990119 0.987848 0.000000 0.000000 0.000000 -0.013178 0.999913
67.417520761 1.007910 0.986466 0.000000 0.000000 0.000000 -0.013017 0.999915
67.475314379 1.019138 0.987220 0.000000 0.000000 0.000000 -0.012810 0.999918
67.587245464 1.041121 0.985977 0.000000 0.000000 0.000000 -0.013126 0.999914
67.657504320 1.055433 0.986192 0.000000 0.000000 0.000000 -0.013220 0.999913
67.744100571 1.072515 0.986579 0.000000 0.000000 0.000000 -0.012923 0.999916
67.809964418 1.084652 0.987377 0.000000 0.000000 0.000000 -0.012853 0.999917
67.907867193 1.103164 0.988239 0.000000 0.000000 0.000000 -0.012599 0.999921
67.955658197 1.112830 0.987979 0.000000 0.000000 0.000000 -0.012877 0.999917
68.043772697 1.130041 0.987915 0.000000 0.000000 0.000000 -0.012670 0.999920
68.092056751 1.140380 0.987794 0.000000 0.000000 0.000000 -0.012838 0.999918
68.198954105 1.161737 0.987587 0.000000 0.000000 0.000000 -0.012672 0.999920
68.239401817 1.170280 0.986711 0.000000 0.000000 0.000000 -0.012532 0.999921
68.334116697 1.190600 0.986625 0.000000 0.000000 0.000000 -0.012470 0.999922
68.393169165 1.202680 0.986276 0.000000 0.000000 0.000000 -0.012364 0.999924
68.488315105 1.222540 0.986195 0.000000 0.000000 0.000000 -0.012558 0.999921
68.548655272 1.235164 0.985366 0.000000 0.000000 0.000000 -0.012466 0.999922
68.628951550 1.251498 0.984435 0.000000 0.000000 0.000000 -0.011975 0.999928
68.688163757 1.263352 0.984203 0.000000 0.000000 0.000000 -0.012094 0.999927
68.771270037 1.281046 0.983440 0.000000 0.000000 0.000000 -0.012215 0.999925
68.824939728 1.292451 0.983224 0.000000 0.000000 0.000000 -0.012470 0.999922
68.927378178 1.311687 0.982938 0.000000 0.000000 0.000000 -0.012277 0.999925
68.988554239 1.323275 0.982377 0.000000 0.000000 0.000000 -0.012164 0.999926
69.091393948 1.344764 0.980803 0.000000 0.000000 0.000000 -0.012129 0.999926
69.142657280 1.354105 0.980386 0.000000 0.000000 0.000000 -0.012284 0.999925
69.226943970 1.375240 0.978060 0.000000 0.000000 0.000000 -0.012279 0.999925
69.291504383 1.387691 0.978641 0.000000 0.000000 0.000000 -0.012091 0.999927
69.395749092 1.408393 0.978861 0.000000 0.000000 0.000000 -0.011884 0.999929
69.444655418 1.418355 0.978813 0.000000 0.000000 0.000000 -0.012178 0.999926
69.543005466 1.436408 0.978241 0.000000 0.000000 0.000000 -0.012226 0.999925
69.595045090 1.446454 0.979665 0.000000 0.000000 0.000000 -0.012493 0.999922
69.695927858 1.466052 0.980489 0.000000 0.000000 0.000000 -0.012499 0.999922
69.753221989 1.476919 0.981196 0.000000 0.000000 0.000000 -0.012450 0.999922
69.852281094 1.497440 0.981026 0.000000 0.000000 0.000000 -0.012375 0.999923
69.909631014 1.508034 0.980969 0.000000 0.000000 0.000000 -0.012487 0.999922
70.003495455 1.527117 0.980139 0.000000 0.000000 0.000000 -0.012512 0.999922
70.055417776 1.537141 0.980250 0.000000 0.000000 0.000000 -0.012589 0.999921
70.137858391 1.554352 0.979902 0.000000 0.000000 0.000000 -0.012738 0.999919
70.199167728 1.565980 0.979591 0.000000 0.000000 0.000000 -0.012507 0.999922
70.302878618 1.586378 0.979578 0.000000 0.000000 0.000000 -0.012751 0.999919
70.369396687 1.600149 0.978921 0.000000 0.000000 0.000000 -0.012672 0.999920
70.461210728 1.618716 0.978755 0.000000 0.000000 0.000000 -0.012761 0.999919
70.509778738 1.627572 0.979179 0.000000 0.000000 0.000000 -0.012751 0.999919
70.599387646 1.645014 0.979504 0.000000 0.000000 0.000000 -0.012673 0.999920
70.656033039 1.656667 0.979423 0.000000 0.000000 0.000000 -0.012635 0.999920
70.768153429 1.678913 0.978717 0.000000 0.000000 0.000000 -0.012391 0.999923
70.815999985 1.688514 0.978907 0.000000 0.000000 0.000000 -0.012557 0.999921
70.900581121 1.705650 0.978385 0.000000 0.000000 0.000000 -0.012887 0.999917
70.955633402 1.716325 0.978207 0.000000 0.000000 0.000000 -0.012482 0.999922
71.042252779 1.733603 0.977416 0.000000 0.000000 0.000000 -0.012575 0.999921
71.103641987 1.746220 0.977317 0.000000 0.000000 0.000000 -0.012491 0.999922
71.186776161 1.763168 0.977019 0.000000 0.000000 0.000000 -0.012482 0.999922
71.250498533 1.775689 0.976343 0.000000 0.000000 0.000000 -0.012436 0.999923
71.341936827 1.781779 0.975482 0.000000 0.000000 0.000000 -0.003447 0.999994
71.393325806 1.782856 0.974897 0.000000 0.000000 0.000000 0.001537 0.999999
71.487019539 1.787761 0.973527 0.000000 0.000000 0.000000 0.011297 0.999936
71.537977695 1.788602 0.972910 0.000000 0.000000 0.000000 0.016250 0.999868
71.626116753 1.793868 0.973703 0.000000 0.000000 0.000000 0.024853 0.999691
71.682151079 1.796271 0.972089 0.000000 0.000000 0.000000 0.030130 0.999546
71.763496399 1.800446 0.973524 0.000000 0.000000 0.000000 0.038301 0.999266
71.820455313 1.802652 0.973175 0.000000 0.000000 0.000000 0.044107 0.999027
71.918866396 1.806237 0.973656 0.000000 0.000000 0.000000 0.053931 0.998545
71.975845575 1.808242 0.973992 0.000000 0.000000 0.000000 0.059782 0.998211
72.068582535 1.812509 0.973298 0.000000 0.000000 0.000000 0.068966 0.997619
72.122643709 1.815427 0.973360 0.000000 0.000000 0.000000 0.074305 0.997236
72.217851877 1.836211 0.973857 0.000000 0.000000 0.000000 0.074372 0.997231
72.265589714 1.845428 0.976006 0.000000 0.000000 0.000000 0.074414 0.997227
72.354194641 1.863002 0.977586 0.000000 0.000000 0.000000 0.074283 0.997237
72.403216600 1.873835 0.979759 0.000000 0.000000 0.000000 0.074388 0.997229
72.504085302 1.894254 0.981935 0.000000 0.000000 0.000000 0.074521 0.997219
72.559812546 1.905942 0.984983 0.000000 0.000000 0.000000 0.074296 0.997236
72.641114473 1.921382 0.988462 0.000000 0.000000 0.000000 0.074268 0.997238
72.695553064 1.932678 0.990505 0.000000 0.000000 0.000000 0.074228 0.997241
72.784453154 1.950439 0.992929 0.000000 0.000000 0.000000 0.074275 0.997238
72.839464188 1.953622 0.994022 0.000000 0.000000 0.000000 0.079816 0.996810
72.931765556 1.958511 0.994546 0.000000 0.000000 0.000000 0.088809 0.996049
72.986810684 1.961657 0.993963 0.000000 0.000000 0.000000 0.094289 0.995545
73.071648121 1.967152 0.994316 0.000000 0.000000 0.000000 0.102600 0.994723
73.129702330 1.970008 0.994493 0.000000 0.000000 0.000000 0.108325 0.994116
73.227200508 1.975631 0.995641 0.000000 0.000000 0.000000 0.117837 0.993033
73.271549940 1.978434 0.996304 0.000000 0.000000 0.000000 0.122338 0.992489
73.365193605 1.995976 1.001721 0.000000 0.000000 0.000000 0.122748 0.992438
73.410813332 2.003760 1.003780 0.000000 0.000000 0.000000 0.122935 0.992415
73.495560646 2.020341 1.007214 0.000000 0.000000 0.000000 0.122826 0.992428
73.549853325 2.030126 1.010853 0.000000 0.000000 0.000000 0.122602 0.992456
73.635336399 2.045516 1.015767 0.000000 0.000000 0.000000 0.122452 0.992474
73.700213671 2.058588 1.018725 0.000000 0.000000 0.000000 0.122187 0.992507
73.794411182 2.076100 1.023647 0.000000 0.000000 0.000000 0.122090 0.992519
73.851395130 2.087328 1.024647 0.000000 0.000000 0.000000 0.121915 0.992541
73.934927464 2.103366 1.028896 0.000000 0.000000 0.000000 0.121492 0.992592
73.994324923 2.105940 1.029814 0.000000 0.000000 0.000000 0.126602 0.991954
74.076428652 2.110577 1.031158 0.000000 0.000000 0.000000 0.134565 0.990905
74.138641834 2.113425 1.031439 0.000000 0.000000 0.000000 0.140744 0.990046
74.232690811 2.117453 1.032362 0.000000 0.000000 0.000000 0.149598 0.988747
74.284757137 2.120772 1.032642 0.000000 0.000000 0.000000 0.154788 0.987948
74.368963718 2.125949 1.034571 0.000000 0.000000 0.000000 0.163359 0.986567
74.424954653 2.128202 1.036743 0.000000 0.000000 0.000000 0.168829 0.985645
74.512892008 2.133377 1.038374 0.000000 0.000000 0.000000 0.177288 0.984159
74.568120718 2.143339 1.043680 0.000000 0.000000 0.000000 0.177410 0.984137
74.659038782 2.161450 1.049820 0.000000 0.000000 0.000000 0.177409 0.984137
74.720528126 2.172642 1.054292 0.000000 0.000000 0.000000 0.177409 0.984137
74.807915449 2.188371 1.060786 0.000000 0.000000 0.000000 0.177038 0.984204
74.867791891 2.199472 1.064018 0.000000 0.000000 0.000000 0.176590 0.984285
74.956265450 2.215780 1.070025 0.000000 0.000000 0.000000 0.176348 0.984328
75.006022692 2.223260 1.076359 0.000000 0.000000 0.000000 0.176135 0.984366
75.093890429 2.240138 1.081818 0.000000 0.000000 0.000000 0.176042 0.984383
75.151803017 2.251175 1.085262 0.000000 0.000000 0.000000 0.175979 0.984394
75.237923384 2.268137 1.090429 0.000000 0.000000 0.000000 0.176136 0.984366
75.289012432 2.277399 1.093518 0.000000 0.000000 0.000000 0.175891 0.984410
75.377345324 2.292743 1.099356 0.000000 0.000000 0.000000 0.175593 0.984463
75.433693886 2.302546 1.103939 0.000000 0.000000 0.000000 0.175305 0.984514
75.537194490 2.321581 1.110336 0.000000 0.000000 0.000000 0.175179 0.984537
75.586070776 2.330661 1.113483 0.000000 0.000000 0.000000 0.175129 0.984546
75.689361572 2.349038 1.119987 0.000000 0.000000 0.000000 0.175006 0.984567
75.744805098 2.359326 1.123229 0.000000 0.000000 0.000000 0.174718 0.984619
75.826009274 2.374857 1.128935 0.000000 0.000000 0.000000 0.174581 0.984643
75.899021864 2.378490 1.130463 0.000000 0.000000 0.000000 0.181453 0.983400
75.992537260 2.382727 1.132077 0.000000 0.000000 0.000000 0.190423 0.981702
76.056124210 2.385264 1.133403 0.000000 0.000000 0.000000 0.196575 0.980489
76.141805172 2.389987 1.133439 0.000000 0.000000 0.000000 0.205098 0.978741
76.196712971 2.392740 1.133455 0.000000 0.000000 0.000000 0.210336 0.977629
76.279946327 2.397392 1.135049 0.000000 0.000000 0.000000 0.218356 0.975869
76.336917877 2.400029 1.136512 0.000000 0.000000 0.000000 0.223975 0.974595
76.431858301 2.403657 1.137881 0.000000 0.000000 0.000000 0.233097 0.972453
76.487337351 2.413376 1.142341 0.000000 0.000000 0.000000 0.233054 0.972464
76.576975346 2.428436 1.149809 0.000000 0.000000 0.000000 0.233272 0.972412
76.635664701 2.439122 1.154459 0.000000 0.000000 0.000000 0.233375 0.972387
76.736702204 2.456310 1.162654 0.000000 0.000000 0.000000 0.233398 0.972381
76.784813404 2.464729 1.167063 0.000000 0.000000 0.000000 0.233439 0.972372
76.872728825 2.480089 1.174767 0.000000 0.000000 0.000000 0.233603 0.972332
76.940669060 2.490461 1.180583 0.000000 0.000000 0.000000 0.233889 0.972263
77.039191484 2.508335 1.189213 0.000000 0.000000 0.000000 0.234080 0.972217
77.091496944 2.517656 1.194646 0.000000 0.000000 0.000000 0.234420 0.972135
77.178045034 2.520634 1.194572 0.000000 0.000000 0.000000 0.242233 0.970218
77.233334064 2.523102 1.195365 0.000000 0.000000 0.000000 0.247649 0.968850
77.321522951 2.526458 1.197494 0.000000 0.000000 0.000000 0.256258 0.966608
77.385615587 2.528716 1.199557 0.000000 0.000000 0.000000 0.262107 0.965039
77.482558012 2.544983 1.207965 0.000000 0.000000 0.000000 0.262600 0.964905
77.535058022 2.553627 1.213718 0.000000 0.000000 0.000000 0.262450 0.964946
77.635596514 2.569880 1.223533 0.000000 0.000000 0.000000 0.262380 0.964965
77.687636852 2.578533 1.229331 0.000000 0.000000 0.000000 0.262322 0.964980
77.783472538 2.594220 1.239449 0.000000 0.000000 0.000000 0.262584 0.964909
77.833787918 2.603258 1.244422 0.000000 0.000000 0.000000 0.263023 0.964790
77.940711260 2.621123 1.256073 0.000000 0.000000 0.000000 0.263281 0.964719
77.985099792 2.629745 1.260803 0.000000 0.000000 0.000000 0.263402 0.964686
78.074628830 2.646016 1.270557 0.000000 0.000000 0.000000 0.263377 0.964693
78.126539230 2.655758 1.276171 0.000000 0.000000 0.000000 0.263335 0.964704
78.225707769 2.660768 1.279401 0.000000 0.000000 0.000000 0.272809 0.962068
78.287621975 2.663132 1.281703 0.000000 0.000000 0.000000 0.278722 0.960372
78.371752024 2.677968 1.291059 0.000000 0.000000 0.000000 0.278826 0.960342
78.425225496 2.686981 1.296820 0.000000 0.000000 0.000000 0.279375 0.960182
78.525620699 2.704297 1.305919 0.000000 0.000000 0.000000 0.279328 0.960196
78.588539600 2.713844 1.312069 0.000000 0.000000 0.000000 0.279491 0.960148
78.670593977 2.727218 1.320860 0.000000 0.000000 0.000000 0.279499 0.960146
78.735427380 2.736984 1.327841 0.000000 0.000000 0.000000 0.279609 0.960114
78.827690363 2.752679 1.338113 0.000000 0.000000 0.000000 0.279532 0.960136
78.889282465 2.762724 1.344816 0.000000 0.000000 0.000000 0.279675 0.960095
78.986895561 2.779226 1.355245 0.000000 0.000000 0.000000 0.279458 0.960158
79.038242817 2.788623 1.359964 0.000000 0.000000 0.000000 0.279540 0.960134
79.133278370 2.793524 1.361366 0.000000 0.000000 0.000000 0.288583 0.957455
79.188038111 2.796861 1.363438 0.000000 0.000000 0.000000 0.293913 0.955832
79.274859905 2.800096 1.367085 0.000000 0.000000 0.000000 0.302159 0.953258
79.325020790 2.808307 1.373714 0.000000 0.000000 0.000000 0.302221 0.953238
79.419587612 2.824015 1.384305 0.000000 0.000000 0.000000 0.302183 0.953250
79.476016521 2.831477 1.391376 0.000000 0.000000 0.000000 0.302333 0.953202
79.572896481 2.846556 1.402261 0.000000 0.000000 0.000000 0.302553 0.953132
79.625355482 2.853827 1.408064 0.000000 0.000000 0.000000 0.302712 0.953082
79.715934038 2.868333 1.417622 0.000000 0.000000 0.000000 0.302842 0.953041
79.766192913 2.876882 1.423642 0.000000 0.000000 0.000000 0.302974 0.952999
79.851100206 2.891746 1.433285 0.000000 0.000000 0.000000 0.302768 0.953064
79.911969662 2.900856 1.439447 0.000000 0.000000 0.000000 0.302688 0.953090
80.005322218 2.915229 1.449816 0.000000 0.000000 0.000000 0.302648 0.953102
80.049822092 2.921690 1.454635 0.000000 0.000000 0.000000 0.302743 0.953072
80.144307137 2.935330 1.466110 0.000000 0.000000 0.000000 0.302607 0.953115
80.194717646 2.943084 1.472451 0.000000 0.000000 0.000000 0.302561 0.953130
80.283586025 2.948581 1.475290 0.000000 0.000000 0.000000 0.310555 0.950555
80.339012861 2.951607 1.478197 0.000000 0.000000 0.000000 0.315575 0.948900
80.432806969 2.955868 1.481861 0.000000 0.000000 0.000000 0.324378 0.945928
80.481657505 2.959346 1.484465 0.000000 0.000000 0.000000 0.329027 0.944320
80.570667744 2.964319 1.485966 0.000000 0.000000 0.000000 0.337336 0.941384
80.629180193 2.968678 1.491568 0.000000 0.000000 0.000000 0.342875 0.939381
80.725515127 2.971764 1.495921 0.000000 0.000000 0.000000 0.351777 0.936084
80.785824299 2.973679 1.497491 0.000000 0.000000 0.000000 0.357282 0.933997
80.885531425 2.976339 1.500387 0.000000 0.000000 0.000000 0.366848 0.930281
80.931448936 2.976917 1.502307 0.000000 0.000000 0.000000 0.371191 0.928556
81.023196459 2.991544 1.513462 0.000000 0.000000 0.000000 0.371361 0.928488
81.074112654 2.998303 1.519153 0.000000 0.000000 0.000000 0.371544 0.928415
81.169610262 3.011288 1.531918 0.000000 0.000000 0.000000 0.371401 0.928472
81.221564293 3.018541 1.538921 0.000000 0.000000 0.000000 0.371313 0.928508
81.317089081 3.031076 1.551633 0.000000 0.000000 0.000000 0.371354 0.928491
81.373459816 3.038673 1.559811 0.000000 0.000000 0.000000 0.371380 0.928481
81.468533754 3.051487 1.572988 0.000000 0.000000 0.000000 0.371361 0.928488
81.523016691 3.059583 1.582434 0.000000 0.000000 0.000000 0.371315 0.928507
81.598726511 3.069754 1.592342 0.000000 0.000000 0.000000 0.371442 0.928456
81.657386780 3.072039 1.594980 0.000000 0.000000 0.000000 0.376770 0.926307
81.743980408 3.075975 1.597781 0.000000 0.000000 0.000000 0.384800 0.923000
81.802433014 3.078852 1.600231 0.000000 0.000000 0.000000 0.390644 0.920542
81.892469883 3.081135 1.603735 0.000000 0.000000 0.000000 0.398728 0.917069
81.951400280 3.082073 1.605454 0.000000 0.000000 0.000000 0.404139 0.914698
82.051398516 3.085289 1.608411 0.000000 0.000000 0.000000 0.413129 0.910672
82.098116398 3.087219 1.611057 0.000000 0.000000 0.000000 0.417462 0.908694
82.188131332 3.099743 1.625475 0.000000 0.000000 0.000000 0.417619 0.908622
82.248149872 3.107221 1.633708 0.000000 0.000000 0.000000 0.418049 0.908425
82.336132288 3.118388 1.645876 0.000000 0.000000 0.000000 0.418035 0.908431
82.396090031 3.126578 1.656269 0.000000 0.000000 0.000000 0.417853 0.908515
82.493404388 3.139061 1.671006 0.000000 0.000000 0.000000 0.417714 0.908579
82.545469284 3.146781 1.680248 0.000000 0.000000 0.000000 0.417383 0.908731
82.645762682 3.160374 1.695366 0.000000 0.000000 0.000000 0.417175 0.908826
82.703368902 3.168194 1.705460 0.000000 0.000000 0.000000 0.417281 0.908777
82.786747932 3.178497 1.718527 0.000000 0.000000 0.000000 0.417649 0.908608
82.854153395 3.188225 1.728737 0.000000 0.000000 0.000000 0.417628 0.908618
82.943068027 3.200737 1.742115 0.000000 0.000000 0.000000 0.417660 0.908603
83.009804964 3.209000 1.753449 0.000000 0.000000 0.000000 0.417839 0.908521
83.085191727 3.218493 1.766018 0.000000 0.000000 0.000000 0.418076 0.908412
83.153803349 3.227597 1.777013 0.000000 0.000000 0.000000 0.417972 0.908460
83.241653681 3.239237 1.790389 0.000000 0.000000 0.000000 0.417690 0.908590
83.297069788 3.240635 1.794121 0.000000 0.000000 0.000000 0.422290 0.906461
83.389735460 3.243943 1.798592 0.000000 0.000000 0.000000 0.430662 0.902513
83.453119040 3.246372 1.800962 0.000000 0.000000 0.000000 0.436162 0.899868
83.537900448 3.249297 1.804703 0.000000 0.000000 0.000000 0.443899 0.896077
83.597048283 3.250704 1.807894 0.000000 0.000000 0.000000 0.449344 0.893359
83.717325926 3.254187 1.813246 0.000000 0.000000 0.000000 0.459868 0.887987
83.749479055 3.255530 1.814850 0.000000 0.000000 0.000000 0.463024 0.886345
83.838826418 3.258366 1.818203 0.000000 0.000000 0.000000 0.470781 0.882250
83.901724577 3.260487 1.821271 0.000000 0.000000 0.000000 0.476418 0.879219
83.992516994 3.263709 1.825016 0.000000 0.000000 0.000000 0.484303 0.874900
84.051721573 3.265100 1.827111 0.000000 0.000000 0.000000 0.489620 0.871936
84.156426907 3.267679 1.831610 0.000000 0.000000 0.000000 0.498781 0.866728
84.200500965 3.268472 1.833132 0.000000 0.000000 0.000000 0.502482 0.864588
84.283172131 3.275153 1.846642 0.000000 0.000000 0.000000 0.502674 0.864476
84.341853619 3.281701 1.857469 0.000000 0.000000 0.000000 0.502510 0.864572
84.440338135 3.291050 1.875249 0.000000 0.000000 0.000000 0.502800 0.864403
84.490278244 3.295323 1.884220 0.000000 0.000000 0.000000 0.502685 0.864470
84.590413809 3.305252 1.902289 0.000000 0.000000 0.000000 0.502693 0.864465
84.637861252 3.305771 1.905061 0.000000 0.000000 0.000000 0.506819 0.862052
84.731191397 3.307465 1.909006 0.000000 0.000000 0.000000 0.514605 0.857427
84.795961142 3.308542 1.912445 0.000000 0.000000 0.000000 0.520225 0.854029
84.885035038 3.310267 1.918507 0.000000 0.000000 0.000000 0.527861 0.849331
84.942189693 3.314286 1.929249 0.000000 0.000000 0.000000 0.528064 0.849204
85.035698891 3.321595 1.945563 0.000000 0.000000 0.000000 0.528163 0.849143
85.087255955 3.324883 1.954050 0.000000 0.000000 0.000000 0.528255 0.849086
85.177431345 3.331692 1.969676 0.000000 0.000000 0.000000 0.528089 0.849189
85.234461546 3.337366 1.980458 0.000000 0.000000 0.000000 0.528266 0.849079
85.317269802 3.343383 1.994841 0.000000 0.000000 0.000000 0.528217 0.849109
85.371974707 3.348101 2.004199 0.000000 0.000000 0.000000 0.528137 0.849159
85.478625298 3.350172 2.009822 0.000000 0.000000 0.000000 0.537093 0.843523
85.528799295 3.351994 2.012141 0.000000 0.000000 0.000000 0.541511 0.840694
85.623463392 3.353677 2.017110 0.000000 0.000000 0.000000 0.549284 0.835636
85.673765659 3.354945 2.021873 0.000000 0.000000 0.000000 0.553465 0.832872
85.763669968 3.361974 2.039654 0.000000 0.000000 0.000000 0.553666 0.832739
85.820935726 3.365792 2.049171 0.000000 0.000000 0.000000 0.554153 0.832415
85.910727024 3.373342 2.066515 0.000000 0.000000 0.000000 0.554593 0.832122
85.964876890 3.377574 2.077122 0.000000 0.000000 0.000000 0.554392 0.832256
86.051109076 3.380041 2.089241 0.000000 0.000000 0.000000 0.553805 0.832646
86.103527308 3.385416 2.099619 0.000000 0.000000 0.000000 0.553538 0.832824
86.201452255 3.393890 2.117808 0.000000 0.000000 0.000000 0.553510 0.832843
86.242657185 3.398443 2.125137 0.000000 0.000000 0.000000 0.553513 0.832840
86.334985495 3.405663 2.142561 0.000000 0.000000 0.000000 0.553926 0.832566
86.382092714 3.406843 2.145679 0.000000 0.000000 0.000000 0.557824 0.829959
86.472083092 3.409390 2.150153 0.000000 0.000000 0.000000 0.565250 0.824920
86.523828268 3.411302 2.154477 0.000000 0.000000 0.000000 0.569498 0.821992
86.615870237 3.413657 2.159613 0.000000 0.000000 0.000000 0.576934 0.816791
86.670076370 3.413502 2.162910 0.000000 0.000000 0.000000 0.581402 0.813616
86.774803400 3.420922 2.181618 0.000000 0.000000 0.000000 0.581770 0.813353
86.820199966 3.423434 2.191164 0.000000 0.000000 0.000000 0.581766 0.813357
86.919469357 3.430238 2.210426 0.000000 0.000000 0.000000 0.581756 0.813364
86.967871189 3.433833 2.220424 0.000000 0.000000 0.000000 0.581687 0.813413
87.056761026 3.440083 2.238448 0.000000 0.000000 0.000000 0.581715 0.813393
87.109259605 3.442779 2.248132 0.000000 0.000000 0.000000 0.581741 0.813374
87.192007065 3.449777 2.262987 0.000000 0.000000 0.000000 0.581661 0.813432
87.253980637 3.454348 2.274660 0.000000 0.000000 0.000000 0.581715 0.813392
87.349741697 3.455114 2.279051 0.000000 0.000000 0.000000 0.589279 0.807930
87.405018091 3.456243 2.283008 0.000000 0.000000 0.000000 0.593738 0.804659
87.485984564 3.457960 2.285938 0.000000 0.000000 0.000000 0.600270 0.799797
87.543567896 3.458187 2.288550 0.000000 0.000000 0.000000 0.604958 0.796257
87.634330273 3.457524 2.293303 0.000000 0.000000 0.000000 0.612273 0.790647
87.686902761 3.456586 2.295945 0.000000 0.000000 0.000000 0.616341 0.787479
87.787247896 3.457722 2.300405 0.000000 0.000000 0.000000 0.624118 0.781330
87.837472916 3.459930 2.311358 0.000000 0.000000 0.000000 0.624030 0.781400
87.916748285 3.463158 2.326482 0.000000 0.000000 0.000000 0.624144 0.781310
87.986268759 3.467408 2.339779 0.000000 0.000000 0.000000 0.624168 0.781290
88.086726427 3.472466 2.359746 0.000000 0.000000 0.000000 0.624002 0.781423
88.150101423 3.474162 2.372544 0.000000 0.000000 0.000000 0.624011 0.781416
88.240933418 3.475052 2.376746 0.000000 0.000000 0.000000 0.630755 0.775982
88.297403812 3.475303 2.381254 0.000000 0.000000 0.000000 0.635067 0.772457
88.386169910 3.476126 2.385863 0.000000 0.000000 0.000000 0.641863 0.766819
88.450335503 3.477164 2.392048 0.000000 0.000000 0.000000 0.646948 0.762534
88.535275698 3.477941 2.396616 0.000000 0.000000 0.000000 0.653191 0.757193
88.605426788 3.478645 2.401898 0.000000 0.000000 0.000000 0.658228 0.752818
88.683759212 3.479424 2.406316 0.000000 0.000000 0.000000 0.663809 0.747903
88.750116110 3.479757 2.418868 0.000000 0.000000 0.000000 0.664067 0.747673
88.851769447 3.483894 2.436973 0.000000 0.000000 0.000000 0.663516 0.748162
88.916266441 3.484551 2.451086 0.000000 0.000000 0.000000 0.663343 0.748315
89.002526760 3.487004 2.468061 0.000000 0.000000 0.000000 0.663452 0.748219
89.057895184 3.488190 2.479026 0.000000 0.000000 0.000000 0.663383 0.748280
89.140100241 3.490668 2.495070 0.000000 0.000000 0.000000 0.663237 0.748409
89.195465088 3.491457 2.498850 0.000000 0.000000 0.000000 0.667439 0.744664
89.289087772 3.491921 2.504989 0.000000 0.000000 0.000000 0.674280 0.738476
89.344048738 3.492410 2.507493 0.000000 0.000000 0.000000 0.678321 0.734766
89.440391302 3.493728 2.512179 0.000000 0.000000 0.000000 0.685304 0.728257
89.492968559 3.493395 2.514407 0.000000 0.000000 0.000000 0.689261 0.724513
89.607647657 3.494098 2.537149 0.000000 0.000000 0.000000 0.689494 0.724291
89.672281504 3.494324 2.549107 0.000000 0.000000 0.000000 0.689421 0.724361
89.768073082 3.495546 2.568272 0.000000 0.000000 0.000000 0.689474 0.724311
89.829360723 3.496081 2.579872 0.000000 0.000000 0.000000 0.689257 0.724517
89.918611765 3.496234 2.598235 0.000000 0.000000 0.000000 0.689268 0.724506
89.983339548 3.497696 2.611050 0.000000 0.000000 0.000000 0.689236 0.724537
90.075467348 3.499208 2.628679 0.000000 0.000000 0.000000 0.689251 0.724522
90.136802912 3.499726 2.641744 0.000000 0.000000 0.000000 0.689415 0.724367
90.217718840 3.500561 2.658219 0.000000 0.000000 0.000000 0.689321 0.724456
90.282570362 3.500683 2.671441 0.000000 0.000000 0.000000 0.689192 0.724579
90.377734184 3.501703 2.690782 0.000000 0.000000 0.000000 0.689324 0.724453
90.428593874 3.501708 2.701787 0.000000 0.000000 0.000000 0.689265 0.724509
90.510604858 3.502193 2.718012 0.000000 0.000000 0.000000 0.689201 0.724570
90.568803549 3.501914 2.730716 0.000000 0.000000 0.000000 0.689231 0.724542
90.669097900 3.503269 2.749812 0.000000 0.000000 0.000000 0.689326 0.724452
90.734403133 3.504046 2.762049 0.000000 0.000000 0.000000 0.689513 0.724273
90.817264557 3.504182 2.778181 0.000000 0.000000 0.000000 0.689411 0.724371
90.874949217 3.504054 2.790425 0.000000 0.000000 0.000000 0.689549 0.724239
90.977848291 3.505458 2.810850 0.000000 0.000000 0.000000 0.689657 0.724137
91.038990498 3.506121 2.821631 0.000000 0.000000 0.000000 0.689626 0.724166
91.132968187 3.507706 2.840305 0.000000 0.000000 0.000000 0.689460 0.724323
91.184181929 3.508641 2.850814 0.000000 0.000000 0.000000 0.689451 0.724332
91.277483940 3.510243 2.868979 0.000000 0.000000 0.000000 0.689676 0.724118
91.333750963 3.511437 2.880113 0.000000 0.000000 0.000000 0.689845 0.723957
91.435931683 3.512543 2.899784 0.000000 0.000000 0.000000 0.689830 0.723971
91.490885019 3.513289 2.911817 0.000000 0.000000 0.000000 0.689760 0.724038
91.596405983 3.513646 2.933111 0.000000 0.000000 0.000000 0.689746 0.724051
91.657889366 3.514996 2.944600 0.000000 0.000000 0.000000 0.689826 0.723975
91.744920015 3.519297 2.959683 0.000000 0.000000 0.000000 0.689880 0.723924
91.803375244 3.521061 2.972154 0.000000 0.000000 0.000000 0.689884 0.723920
91.889576912 3.521704 2.989224 0.000000 0.000000 0.000000 0.690114 0.723701
91.950321198 3.522277 3.001284 0.000000 0.000000 0.000000 0.689893 0.723912
92.040585995 3.522715 3.019098 0.000000 0.000000 0.000000 0.689900 0.723905
92.095539570 3.522438 3.030603 0.000000 0.000000 0.000000 0.689900 0.723904
92.180634975 3.523483 3.048064 0.000000 0.000000 0.000000 0.690220 0.723600
92.233907700 3.524141 3.058300 0.000000 0.000000 0.000000 0.690529 0.723304
92.324627161 3.525308 3.076579 0.000000 0.000000 0.000000 0.690525 0.723308
92.377721786 3.525624 3.088135 0.000000 0.000000 0.000000 0.690524 0.723309
92.477380037 3.525253 3.107762 0.000000 0.000000 0.000000 0.690737 0.723106
92.527386665 3.525263 3.118700 0.000000 0.000000 0.000000 0.690876 0.722974
92.615924358 3.526017 3.137394 0.000000 0.000000 0.000000 0.690971 0.722882
92.672314167 3.525677 3.149224 0.000000 0.000000 0.000000 0.691109 0.722751
92.773890257 3.527117 3.169860 0.000000 0.000000 0.000000 0.691088 0.722770
92.833395958 3.527141 3.182081 0.000000 0.000000 0.000000 0.691154 0.722708
92.924817085 3.528524 3.201340 0.000000 0.000000 0.000000 0.691263 0.722603
92.988978386 3.529145 3.214084 0.000000 0.000000 0.000000 0.691435 0.722439
93.100240469 3.529491 3.237007 0.000000 0.000000 0.000000 0.691693 0.722192
93.152472734 3.528509 3.247002 0.000000 0.000000 0.000000 0.691767 0.722121
93.248969555 3.528017 3.266473 0.000000 0.000000 0.000000 0.691852 0.722039
93.302347898 3.527587 3.277684 0.000000 0.000000 0.000000 0.691685 0.722199
93.402684212 3.527451 3.297582 0.000000 0.000000 0.000000 0.691534 0.722344
93.454676867 3.527365 3.309317 0.000000 0.000000 0.000000 0.691621 0.722261
93.552758694 3.529252 3.329660 0.000000 0.000000 0.000000 0.691708 0.722177
93.613630056 3.528647 3.340899 0.000000 0.000000 0.000000 0.691823 0.722067
93.707502604 3.529291 3.359070 0.000000 0.000000 0.000000 0.691660 0.722224
93.764230251 3.528493 3.370157 0.000000 0.000000 0.000000 0.691623 0.722258
93.873910427 3.530168 3.392088 0.000000 0.000000 0.000000 0.691700 0.722185
93.914932251 3.530023 3.401433 0.000000 0.000000 0.000000 0.691474 0.722401
94.005584240 3.530755 3.419271 0.000000 0.000000 0.000000 0.691555 0.722323
94.060539484 3.530052 3.430761 0.000000 0.000000 0.000000 0.691768 0.722120
94.156020403 3.530652 3.450271 0.000000 0.000000 0.000000 0.691897 0.721997
94.210253716 3.531138 3.461348 0.000000 0.000000 0.000000 0.692019 0.721879
94.306135893 3.531230 3.480647 0.000000 0.000000 0.000000 0.692048 0.721851
94.372974396 3.531097 3.494448 0.000000 0.000000 0.000000 0.691931 0.721964
94.471097946 3.532874 3.513456 0.000000 0.000000 0.000000 0.691886 0.722007
94.529613972 3.533677 3.524986 0.000000 0.000000 0.000000 0.691797 0.722092
94.627149820 3.534436 3.544914 0.000000 0.000000 0.000000 0.691876 0.722016
94.671769142 3.534208 3.554430 0.000000 0.000000 0.000000 0.691696 0.722189
94.763330460 3.534493 3.573087 0.000000 0.000000 0.000000 0.691578 0.722302
94.822440624 3.534433 3.584647 0.000000 0.000000 0.000000 0.691493 0.722383
94.912670851 3.535925 3.603114 0.000000 0.000000 0.000000 0.691435 0.722439
94.978972197 3.537412 3.616105 0.000000 0.000000 0.000000 0.691595 0.722285
95.068254471 3.538865 3.634367 0.000000 0.000000 0.000000 0.691511 0.722365
95.123470068 3.540398 3.644533 0.000000 0.000000 0.000000 0.691320 0.722549
95.210581541 3.542121 3.662326 0.000000 0.000000 0.000000 0.691326 0.722543
95.261231899 3.543385 3.672631 0.000000 0.000000 0.000000 0.691429 0.722445
95.358219862 3.544964 3.692645 0.000000 0.000000 0.000000 0.691392 0.722480
95.405269146 3.546184 3.702363 0.000000 0.000000 0.000000 0.691502 0.722374
95.495450497 3.547268 3.703592 0.000000 0.000000 0.000000 0.691547 0.722332
95.556711435 3.547164 3.704781 0.000000 0.000000 0.000000 0.691433 0.722440
95.654532194 3.547909 3.704905 0.000000 0.000000 0.000000 0.691632 0.722250
95.718507051 3.548418 3.704550 0.000000 0.000000 0.000000 0.691326 0.722543
95.809733868 3.548383 3.705211 0.000000 0.000000 0.000000 0.691246 0.722620
95.869915009 3.548299 3.703844 0.000000 0.000000 0.000000 0.691195 0.722669
95.968504429 3.549502 3.703920 0.000000 0.000000 0.000000 0.691369 0.722502
96.013655424 3.549577 3.704435 0.000000 0.000000 0.000000 0.691407 0.722465
96.105460644 3.549376 3.703544 0.000000 0.000000 0.000000 0.691568 0.722311
96.151817083 3.548820 3.702948 0.000000 0.000000 0.000000 0.691516 0.722362
96.249305487 3.549124 3.703432 0.000000 0.000000 0.000000 0.691747 0.722140
96.313171148 3.547700 3.703353 0.000000 0.000000 0.000000 0.691852 0.722040
96.411842108 3.546723 3.703095 0.000000 0.000000 0.000000 0.691646 0.722237
96.483254194 3.547863 3.705513 0.000000 0.000000 0.000000 0.691586 0.722294
96.576039553 3.548836 3.704702 0.000000 0.000000 0.000000 0.691584 0.722296
96.634468794 3.549466 3.704973 0.000000 0.000000 0.000000 0.691969 0.721927
96.723625898 3.549012 3.705889 0.000000 0.000000 0.000000 0.692223 0.721684
96.781600475 3.549647 3.706702 0.000000 0.000000 0.000000 0.692088 0.721813
96.866395235 3.550437 3.706783 0.000000 0.000000 0.000000 0.692317 0.721593
96.921135187 3.552216 3.707568 0.000000 0.000000 0.000000 0.692485 0.721433
97.019036293 3.552453 3.706788 0.000000 0.000000 0.000000 0.692426 0.721489
97.060910940 3.552639 3.707471 0.000000 0.000000 0.000000 0.692632 0.721291
97.153807163 3.552391 3.707671 0.000000 0.000000 0.000000 0.692713 0.721213
97.211027622 3.553619 3.708233 0.000000 0.000000 0.000000 0.692886 0.721047
97.305245876 3.555107 3.707858 0.000000 0.000000 0.000000 0.692825 0.721106
97.364989996 3.556147 3.706439 0.000000 0.000000 0.000000 0.692697 0.721229
97.465471268 3.557809 3.706237 0.000000 0.000000 0.000000 0.692871 0.721062
97.531141281 3.559069 3.705835 0.000000 0.000000 0.000000 0.692778 0.721150
97.607466698 3.559238 3.704450 0.000000 0.000000 0.000000 0.692651 0.721273
97.670571327 3.559030 3.703930 0.000000 0.000000 0.000000 0.692731 0.721196
97.761371374 3.558953 3.703468 0.000000 0.000000 0.000000 0.692808 0.721122
97.826786518 3.559577 3.703996 0.000000 0.000000 0.000000 0.692739 0.721188
97.904732704 3.560969 3.703284 0.000000 0.000000 0.000000 0.692799 0.721131
97.972033739 3.560360 3.703024 0.000000 0.000000 0.000000 0.692763 0.721166
98.065672398 3.561128 3.703366 0.000000 0.000000 0.000000 0.692917 0.721017
98.120881319 3.560547 3.703047 0.000000 0.000000 0.000000 0.692952 0.720984
98.209275961 3.561553 3.703611 0.000000 0.000000 0.000000 0.692851 0.721081
98.266049623 3.560260 3.703913 0.000000 0.000000 0.000000 0.692643 0.721281
98.353181839 3.559549 3.704053 0.000000 0.000000 0.000000 0.692509 0.721409
98.403073549 3.559194 3.703969 0.000000 0.000000 0.000000 0.692691 0.721234
98.490382910 3.559423 3.703094 0.000000 0.000000 0.000000 0.692370 0.721543
98.542252064 3.561006 3.703028 0.000000 0.000000 0.000000 0.692347 0.721565
98.624454260 3.561187 3.703122 0.000000 0.000000 0.000000 0.692478 0.721439
98.685510397 3.563072 3.703049 0.000000 0.000000 0.000000 0.692489 0.721429
98.779605627 3.561477 3.702786 0.000000 0.000000 0.000000 0.692570 0.721351
98.838194609 3.561428 3.702674 0.000000 0.000000 0.000000 0.692673 0.721252
98.929908276 3.560570 3.702107 0.000000 0.000000 0.000000 0.692592 0.721330
98.986426353 3.560907 3.702873 0.000000 0.000000 0.000000 0.692555 0.721365
99.090990067 3.558975 3.703123 0.000000 0.000000 0.000000 0.692542 0.721377
99.137984037 3.559424 3.704462 0.000000 0.000000 0.000000 0.692572 0.721349
99.222180128 3.560105 3.704115 0.000000 0.000000 0.000000 0.692498 0.721420
99.274515629 3.562099 3.704570 0.000000 0.000000 0.000000 0.692499 0.721419
99.372492313 3.561130 3.706301 0.000000 0.000000 0.000000 0.692787 0.721143
99.430688858 3.561421 3.704839 0.000000 0.000000 0.000000 0.692956 0.720980
99.544572830 3.562043 3.704366 0.000000 0.000000 0.000000 0.693059 0.720881
99.586899042 3.561376 3.703527 0.000000 0.000000 0.000000 0.692809 0.721121
99.684531927 3.561442 3.703656 0.000000 0.000000 0.000000 0.693000 0.720937
99.732462883 3.561804 3.705865 0.000000 0.000000 0.000000 0.693035 0.720904
99.817482233 3.561729 3.700767 0.000000 0.000000 0.000000 0.692591 0.721331
99.865893364 3.561768 3.700682 0.000000 0.000000 0.000000 0.692586 0.721335
99.974117994 3.562209 3.700061 0.000000 0.000000 0.000000 0.692486 0.721431
100.008396149 3.561390 3.699649 0.000000 0.000000 0.000000 0.692388 0.721525
100.099959850 3.561260 3.699751 0.000000 0.000000 0.000000 0.692292 0.721617
100.157341719 3.560894 3.700571 0.000000 0.000000 0.000000 0.692184 0.721721
100.251402378 3.560416 3.701212 0.000000 0.000000 0.000000 0.692182 0.721723
100.296842813 3.559827 3.701873 0.000000 0.000000 0.000000 0.691996 0.721901
100.386153460 3.560103 3.701264 0.000000 0.000000 0.000000 0.691985 0.721912
100.438560963 3.560619 3.700412 0.000000 0.000000 0.000000 0.691839 0.722051
100.523025513 3.560335 3.700342 0.000000 0.000000 0.000000 0.691756 0.722131
100.578892708 3.560814 3.700838 0.000000 0.000000 0.000000 0.691614 0.722267
100.666844606 3.562548 3.701138 0.000000 0.000000 0.000000 0.691617 0.722264
100.717916250 3.561996 3.701057 0.000000 0.000000 0.000000 0.691570 0.722309
100.814438343 3.563063 3.701897 0.000000 0.000000 0.000000 0.691478 0.722397
100.859156370 3.563578 3.702132 0.000000 0.000000 0.000000 0.691638 0.722244
100.952885628 3.563973 3.702610 0.000000 0.000000 0.000000 0.691288 0.722579
101.000487804 3.565578 3.702840 0.000000 0.000000 0.000000 0.691371 0.722500
101.085479736 3.567209 3.702009 0.000000 0.000000 0.000000 0.691163 0.722699
101.136031866 3.567599 3.702060 0.000000 0.000000 0.000000 0.690985 0.722869
101.229514122 3.567619 3.701641 0.000000 0.000000 0.000000 0.690925 0.722926
101.274351120 3.568931 3.701334 0.000000 0.000000 0.000000 0.691056 0.722801
101.373620749 3.568532 3.701520 0.000000 0.000000 0.000000 0.691073 0.722785
101.426921129 3.568888 3.702263 0.000000 0.000000 0.000000 0.691003 0.722852
101.521782160 3.569388 3.702236 0.000000 0.000000 0.000000 0.691276 0.722591
101.570658922 3.569366 3.701919 0.000000 0.000000 0.000000 0.691165 0.722697
101.657437325 3.569716 3.700357 0.000000 0.000000 0.000000 0.691144 0.722717
101.713495970 3.570082 3.699386 0.000000 0.000000 0.000000 0.691067 0.722791
101.799236774 3.570421 3.700065 0.000000 0.000000 0.000000 0.690878 0.722972
101.849389791 3.572439 3.698942 0.000000 0.000000 0.000000 0.690829 0.723019
101.945839167 3.573351 3.696619 0.000000 0.000000 0.000000 0.690985 0.722869
101.999189854 3.574915 3.696422 0.000000 0.000000 0.000000 0.691004 0.722851
102.086042404 3.575535 3.697156 0.000000 0.000000 0.000000 0.690790 0.723056
102.136522293 3.576026 3.696819 0.000000 0.000000 0.000000 0.690685 0.723155
102.221495152 3.576071 3.695449 0.000000 0.000000 0.000000 0.690699 0.723143
102.276251078 3.577559 3.695936 0.000000 0.000000 0.000000 0.690819 0.723028
102.367645025 3.577403 3.696292 0.000000 0.000000 0.000000 0.690749 0.723095
102.423708200 3.577914 3.695940 0.000000 0.000000 0.000000 0.690583 0.723253
102.525077105 3.578127 3.695330 0.000000 0.000000 0.000000 0.690405 0.723423
102.574762106 3.577321 3.695063 0.000000 0.000000 0.000000 0.690367 0.723459
102.674291134 3.577985 3.694480 0.000000 0.000000 0.000000 0.690204 0.723615
