56.000000000 -0.000554 0.996195 0.000000 0.000000 0.000000 -0.002496 0.999997
56.092626333 -0.002300 1.001894 0.000000 0.000000 0.000000 -0.003969 0.999992
56.136488199 -0.002578 1.002403 0.000000 0.000000 0.000000 -0.005047 0.999987
56.234569073 -0.002842 1.003443 0.000000 0.000000 0.000000 -0.005307 0.999986
56.291095257 -0.003115 1.006161 0.000000 0.000000 0.000000 -0.005155 0.999987
56.384810448 -0.002847 1.007548 0.000000 0.000000 0.000000 -0.005389 0.999985
56.432573795 -0.002583 1.008430 0.000000 0.000000 0.000000 -0.005505 0.999985
56.517774343 -0.002344 1.009258 0.000000 0.000000 0.000000 -0.005782 0.999983
56.566277504 -0.002621 1.010306 0.000000 0.000000 0.000000 -0.005930 0.999982
56.658776283 -0.001252 1.010646 0.000000 0.000000 0.000000 -0.006156 0.999981
56.719421625 -0.000473 1.011615 0.000000 0.000000 0.000000 -0.006071 0.999982
56.806190968 -0.000879 1.010665 0.000000 0.000000 0.000000 -0.006258 0.999980
56.859033823 -0.000128 1.010102 0.000000 0.000000 0.000000 -0.006540 0.999979
56.956225157 -0.000367 1.010677 0.000000 0.000000 0.000000 -0.006758 0.999977
56.992516994 -0.000121 1.009850 0.000000 0.000000 0.000000 -0.006805 0.999977
57.085117579 0.000177 1.009607 0.000000 0.000000 0.000000 -0.006799 0.999977
57.135342836 -0.000281 1.009647 0.000000 0.000000 0.000000 -0.006804 0.999977
57.226917267 -0.000753 1.009545 0.000000 0.000000 0.000000 -0.007033 0.999975
57.280653477 -0.000914 1.008962 0.000000 0.000000 0.000000 -0.007301 0.999973
57.376023293 -0.001041 1.008569 0.000000 0.000000 0.000000 -0.007473 0.999972
57.421943903 -0.000852 1.008096 0.000000 0.000000 0.000000 -0.007614 0.999971
57.506844759 -0.000665 1.009033 0.000000 0.000000 0.000000 -0.007811 0.999969
57.561612844 -0.000688 1.008380 0.000000 0.000000 0.000000 -0.007759 0.999970
57.661116600 -0.001932 1.007685 0.000000 0.000000 0.000000 -0.007341 0.999973
57.713097334 -0.001273 1.007657 0.000000 0.000000 0.000000 -0.007069 0.999975
57.818692207 -0.001383 1.007809 0.000000 0.000000 0.000000 -0.007108 0.999975
57.857132435 -0.001809 1.007698 0.000000 0.000000 0.000000 -0.007094 0.999975
57.942367077 -0.001505 1.007927 0.000000 0.000000 0.000000 -0.007082 0.999975
57.993121147 -0.001491 1.007586 0.000000 0.000000 0.000000 -0.007033 0.999975
58.084053516 -0.002716 1.007253 0.000000 0.000000 0.000000 -0.007014 0.999975
58.134043932 -0.003009 1.007896 0.000000 0.000000 0.000000 -0.007012 0.999975
58.226578236 -0.003041 1.007747 0.000000 0.000000 0.000000 -0.007131 0.999975
58.278188705 -0.002276 1.007198 0.000000 0.000000 0.000000 -0.007097 0.999975
58.375108480 -0.002594 1.007201 0.000000 0.000000 0.000000 -0.007312 0.999973
58.432198524 -0.003019 1.008115 0.000000 0.000000 0.000000 -0.007400 0.999973
58.513686180 -0.003237 1.007896 0.000000 0.000000 0.000000 -0.007357 0.999973
58.577755451 -0.003251 1.007504 0.000000 0.000000 0.000000 -0.007396 0.999973
58.663658381 -0.002447 1.007761 0.000000 0.000000 0.000000 -0.007344 0.999973
58.721382856 -0.002258 1.007779 0.000000 0.000000 0.000000 -0.007077 0.999975
58.811643362 -0.000744 1.008228 0.000000 0.000000 0.000000 -0.006934 0.999976
58.859117508 -0.000143 1.007923 0.000000 0.000000 0.000000 -0.006979 0.999976
58.954252720 0.000363 1.007803 0.000000 0.000000 0.000000 -0.007063 0.999975
59.016629219 0.000501 1.008412 0.000000 0.000000 0.000000 -0.006924 0.999976
59.106379747 0.000529 1.008672 0.000000 0.000000 0.000000 -0.006777 0.999977
59.158839226 0.000362 1.009610 0.000000 0.000000 0.000000 -0.006675 0.999978
59.239713192 -0.000153 1.009382 0.000000 0.000000 0.000000 -0.006859 0.999976
59.295119047 0.000990 1.009830 0.000000 0.000000 0.000000 -0.006469 0.999979
59.400145054 0.000136 1.010340 0.000000 0.000000 0.000000 -0.006579 0.999978
59.447155952 0.000113 1.010287 0.000000 0.000000 0.000000 -0.006714 0.999977
59.543852329 -0.000493 1.009980 0.000000 0.000000 0.000000 -0.006777 0.999977
59.590034962 -0.000960 1.009170 0.000000 0.000000 0.000000 -0.006661 0.999978
59.665421247 -0.000231 1.009535 0.000000 0.000000 0.000000 -0.006657 0.999978
59.720851421 -0.000557 1.009406 0.000000 0.000000 0.000000 -0.006421 0.999979
59.805132151 -0.000606 1.009460 0.000000 0.000000 0.000000 -0.006245 0.999981
59.860359430 -0.000867 1.009022 0.000000 0.000000 0.000000 -0.006184 0.999981
59.957119226 -0.000891 1.009065 0.000000 0.000000 0.000000 -0.006085 0.999981
60.005816936 0.000309 1.008601 0.000000 0.000000 0.000000 -0.006065 0.999982
60.089397669 0.000130 1.008281 0.000000 0.000000 0.000000 -0.006162 0.999981
60.138172865 0.001009 1.007973 0.000000 0.000000 0.000000 -0.006014 0.999982
60.220950127 0.001199 1.008185 0.000000 0.000000 0.000000 -0.006015 0.999982
60.272440672 0.000942 1.008160 0.000000 0.000000 0.000000 -0.006076 0.999982
60.365985632 0.001109 1.008024 0.000000 0.000000 0.000000 -0.005779 0.999983
60.419920921 0.001543 1.008701 0.000000 0.000000 0.000000 -0.005540 0.999985
60.517887354 0.001970 1.007617 0.000000 0.000000 0.000000 -0.005514 0.999985
60.576246977 0.002078 1.007877 0.000000 0.000000 0.000000 -0.005601 0.999984
60.661265135 0.001621 1.006478 0.000000 0.000000 0.000000 -0.005972 0.999982
60.720116138 0.000311 1.006720 0.000000 0.000000 0.000000 -0.005973 0.999982
60.806773424 0.000123 1.007229 0.000000 0.000000 0.000000 -0.006016 0.999982
60.856551170 -0.000572 1.006657 0.000000 0.000000 0.000000 -0.006134 0.999981
60.954911470 -0.000631 1.007152 0.000000 0.000000 0.000000 -0.006234 0.999981
61.012297630 -0.001338 1.006596 0.000000 0.000000 0.000000 -0.006400 0.999980
61.109639168 -0.001616 1.006715 0.000000 0.000000 0.000000 -0.006342 0.999980
61.157109976 -0.002128 1.006460 0.000000 0.000000 0.000000 -0.006483 0.999979
61.239634752 -0.001916 1.006887 0.000000 0.000000 0.000000 -0.006618 0.999978
61.291578770 -0.002622 1.007057 0.000000 0.000000 0.000000 -0.006621 0.999978
61.377224922 -0.002867 1.007949 0.000000 0.000000 0.000000 -0.006505 0.999979
61.424571276 -0.002618 1.008165 0.000000 0.000000 0.000000 -0.006620 0.999978
61.517945051 -0.002228 1.008113 0.000000 0.000000 0.000000 -0.006738 0.999977
61.571182013 -0.001943 1.008766 0.000000 0.000000 0.000000 -0.006680 0.999978
61.674693108 -0.002246 1.009996 0.000000 0.000000 0.000000 -0.006730 0.999977
61.731230259 -0.003024 1.010178 0.000000 0.000000 0.000000 -0.006831 0.999977
61.823836803 -0.003462 1.010684 0.000000 0.000000 0.000000 -0.006933 0.999976
61.867137194 -0.003434 1.012042 0.000000 0.000000 0.000000 -0.006836 0.999977
61.957184315 -0.004034 1.012636 0.000000 0.000000 0.000000 -0.006744 0.999977
62.007257462 -0.004253 1.012890 0.000000 0.000000 0.000000 -0.006764 0.999977
62.096065044 -0.004598 1.012892 0.000000 0.000000 0.000000 -0.006957 0.999976
62.149833441 -0.003764 1.012926 0.000000 0.000000 0.000000 -0.006834 0.999977
62.231528997 0.011386 1.012463 0.000000 0.000000 0.000000 -0.006686 0.999978
62.288254261 0.022237 1.012141 0.000000 0.000000 0.000000 -0.006723 0.999977
62.372793436 0.038078 1.011581 0.000000 0.000000 0.000000 -0.006724 0.999977
62.437046528 0.049454 1.011640 0.000000 0.000000 0.000000 -0.006789 0.999977
62.518205643 0.064475 1.011634 0.000000 0.000000 0.000000 -0.006692 0.999978
62.573649645 0.075173 1.011867 0.000000 0.000000 0.000000 -0.006832 0.999977
62.658019066 0.090456 1.010830 0.000000 0.000000 0.000000 -0.006523 0.999979
62.708748341 0.100910 1.009940 0.000000 0.000000 0.000000 -0.006628 0.999978
62.802901506 0.117645 1.009874 0.000000 0.000000 0.000000 -0.006489 0.999979
62.862125397 0.128096 1.010024 0.000000 0.000000 0.000000 -0.006549 0.999979
62.944721937 0.143589 1.010258 0.000000 0.000000 0.000000 -0.006447 0.999979
63.001682520 0.154779 1.010425 0.000000 0.000000 0.000000 -0.006582 0.999978
63.096352816 0.172043 1.010119 0.000000 0.000000 0.000000 -0.006186 0.999981
63.140980959 0.179991 1.010018 0.000000 0.000000 0.000000 -0.005873 0.999983
63.224403381 0.196025 1.009444 0.000000 0.000000 0.000000 -0.005740 0.999984
63.278097630 0.205427 1.009232 0.000000 0.000000 0.000000 -0.005748 0.999983
63.378735542 0.224532 1.009087 0.000000 0.000000 0.000000 -0.005654 0.999984
63.429337263 0.233941 1.009806 0.000000 0.000000 0.000000 -0.005492 0.999985
63.507558107 0.248449 1.010113 0.000000 0.000000 0.000000 -0.005433 0.999985
63.561244726 0.258169 1.010446 0.000000 0.000000 0.000000 -0.005411 0.999985
63.651183605 0.274619 1.009680 0.000000 0.000000 0.000000 -0.005271 0.999986
63.722069025 0.287020 1.009578 0.000000 0.000000 0.000000 -0.005131 0.999987
63.818211794 0.304759 1.009791 0.000000 0.000000 0.000000 -0.004967 0.999988
63.867984533 0.312489 1.009719 0.000000 0.000000 0.000000 -0.004991 0.999988
63.954170942 0.328506 1.009530 0.000000 0.000000 0.000000 -0.004999 0.999988
64.007827759 0.337021 1.009827 0.000000 0.000000 0.000000 -0.004922 0.999988
64.098969221 0.354675 1.010178 0.000000 0.000000 0.000000 -0.004788 0.999989
64.150251389 0.363554 1.010657 0.000000 0.000000 0.000000 -0.004739 0.999989
64.240028858 0.381644 1.010055 0.000000 0.000000 0.000000 -0.004777 0.999989
64.291742325 0.391171 1.010363 0.000000 0.000000 0.000000 -0.004770 0.999989
64.384911537 0.408129 1.010548 0.000000 0.000000 0.000000 -0.004767 0.999989
64.438662767 0.416763 1.010059 0.000000 0.000000 0.000000 -0.004942 0.999988
64.529100657 0.432382 1.010544 0.000000 0.000000 0.000000 -0.005118 0.999987
64.581606388 0.441734 1.010901 0.000000 0.000000 0.000000 -0.005116 0.999987
64.666499376 0.457168 1.010619 0.000000 0.000000 0.000000 -0.005076 0.999987
64.719514608 0.467434 1.011679 0.000000 0.000000 0.000000 -0.005149 0.999987
64.801486015 0.481907 1.012866 0.000000 0.000000 0.000000 -0.005180 0.999987
64.853920698 0.491892 1.012615 0.000000 0.000000 0.000000 -0.005064 0.999987
64.943417788 0.508502 1.012909 0.000000 0.000000 0.000000 -0.004914 0.999988
64.995023489 0.518809 1.013306 0.000000 0.000000 0.000000 -0.004688 0.999989
65.076430798 0.534604 1.013592 0.000000 0.000000 0.000000 -0.004577 0.999990
65.137303352 0.545909 1.013496 0.000000 0.000000 0.000000 -0.004435 0.999990
65.235720634 0.565256 1.013653 0.000000 0.000000 0.000000 -0.004336 0.999991
65.286878586 0.576018 1.013712 0.000000 0.000000 0.000000 -0.004054 0.999992
65.388996363 0.594604 1.012809 0.000000 0.000000 0.000000 -0.004151 0.999991
65.443364143 0.605068 1.012417 0.000000 0.000000 0.000000 -0.004108 0.999992
65.533442974 0.620799 1.012221 0.000000 0.000000 0.000000 -0.004192 0.999991
65.583643198 0.629274 1.011994 0.000000 0.000000 0.000000 -0.004088 0.999992
65.666572094 0.644663 1.011520 0.000000 0.000000 0.000000 -0.003861 0.999993
65.718314648 0.652871 1.011252 0.000000 0.000000 0.000000 -0.004072 0.999992
65.813969851 0.670625 1.011018 0.000000 0.000000 0.000000 -0.004014 0.999992
65.860479355 0.679243 1.011063 0.000000 0.000000 0.000000 -0.004140 0.999991
65.949100494 0.695257 1.010538 0.000000 0.000000 0.000000 -0.004149 0.999991
66.006313324 0.704175 1.010131 0.000000 0.000000 0.000000 -0.003949 0.999992
66.091695070 0.720485 1.008917 0.000000 0.000000 0.000000 -0.003845 0.999993
66.150105000 0.731597 1.009347 0.000000 0.000000 0.000000 -0.003801 0.999993
66.245607138 0.749882 1.009759 0.000000 0.000000 0.000000 -0.003815 0.999993
66.289936066 0.758108 1.009279 0.000000 0.000000 0.000000 -0.003638 0.999993
66.374847174 0.773296 1.009167 0.000000 0.000000 0.000000 -0.003736 0.999993
66.427448988 0.783076 1.009591 0.000000 0.000000 0.000000 -0.003680 0.999993
66.515174389 0.799708 1.010607 0.000000 0.000000 0.000000 -0.003847 0.999993
66.565155268 0.809312 1.010943 0.000000 0.000000 0.000000 -0.003797 0.999993
66.668905973 0.830002 1.010316 0.000000 0.000000 0.000000 -0.003791 0.999993
66.720251560 0.840106 1.010893 0.000000 0.000000 0.000000 -0.003739 0.999993
66.818524122 0.858448 1.011566 0.000000 0.000000 0.000000 -0.003750 0.999993
66.862034321 0.866526 1.012159 0.000000 0.000000 0.000000 -0.003575 0.999994
66.948162079 0.883413 1.012422 0.000000 0.000000 0.000000 -0.003544 0.999994
66.998103142 0.893272 1.012429 0.000000 0.000000 0.000000 -0.003410 0.999994
67.100195885 0.911835 1.013164 0.000000 0.000000 0.000000 -0.003280 0.999995
67.157076359 0.922454 1.013901 0.000000 0.000000 0.000000 -0.003041 0.999995
67.269846916 0.944000 1.014651 0.000000 0.000000 0.000000 -0.003033 0.999995
67.325706720 0.954822 1.014379 0.000000 0.000000 0.000000 -0.003104 0.999995
67.417520761 0.971858 1.013611 0.000000 0.000000 0.000000 -0.003149 0.999995
67.475314379 0.983700 1.013933 0.000000 0.000000 0.000000 -0.003050 0.999995
67.587245464 1.004700 1.015180 0.000000 0.000000 0.000000 -0.002998 0.999996
67.657504320 1.017697 1.017015 0.000000 0.000000 0.000000 -0.003031 0.999995
67.744100571 1.035023 1.017553 0.000000 0.000000 0.000000 -0.002861 0.999996
67.809964418 1.048314 1.020167 0.000000 0.000000 0.000000 -0.002868 0.999996
67.907867193 1.066457 1.020267 0.000000 0.000000 0.000000 -0.002845 0.999996
67.955658197 1.075509 1.020188 0.000000 0.000000 0.000000 -0.002686 0.999996
68.043772697 1.092867 1.019515 0.000000 0.000000 0.000000 -0.002692 0.999996
68.092056751 1.102917 1.019629 0.000000 0.000000 0.000000 -0.002677 0.999996
68.198954105 1.124085 1.019899 0.000000 0.000000 0.000000 -0.002489 0.999997
68.239401817 1.132241 1.018831 0.000000 0.000000 0.000000 -0.002408 0.999997
68.334116697 1.150672 1.019371 0.000000 0.000000 0.000000 -0.002515 0.999997
68.393169165 1.161819 1.019115 0.000000 0.000000 0.000000 -0.002348 0.999997
68.488315105 1.180080 1.020123 0.000000 0.000000 0.000000 -0.002273 0.999997
68.548655272 1.191702 1.020621 0.000000 0.000000 0.000000 -0.002176 0.999998
68.628951550 1.207460 1.020526 0.000000 0.000000 0.000000 -0.002066 0.999998
68.688163757 1.218777 1.019465 0.000000 0.000000 0.000000 -0.002121 0.999998
68.771270037 1.234874 1.019589 0.000000 0.000000 0.000000 -0.002011 0.999998
68.824939728 1.245570 1.019013 0.000000 0.000000 0.000000 -0.001978 0.999998
68.927378178 1.265261 1.018021 0.000000 0.000000 0.000000 -0.002029 0.999998
68.988554239 1.278430 1.017049 0.000000 0.000000 0.000000 -0.002009 0.999998
69.091393948 1.298297 1.017129 0.000000 0.000000 0.000000 -0.001970 0.999998
69.142657280 1.308028 1.017914 0.000000 0.000000 0.000000 -0.001837 0.999998
69.226943970 1.323417 1.017803 0.000000 0.000000 0.000000 -0.001597 0.999999
69.291504383 1.335831 1.017483 0.000000 0.000000 0.000000 -0.001447 0.999999
69.395749092 1.356449 1.017627 0.000000 0.000000 0.000000 -0.001212 0.999999
69.444655418 1.366612 1.018362 0.000000 0.000000 0.000000 -0.001135 0.999999
69.543005466 1.386589 1.018425 0.000000 0.000000 0.000000 -0.000867 1.000000
69.595045090 1.397398 1.017322 0.000000 0.000000 0.000000 -0.000763 1.000000
69.695927858 1.416850 1.016764 0.000000 0.000000 0.000000 -0.000638 1.000000
69.753221989 1.427337 1.017322 0.000000 0.000000 0.000000 -0.000690 1.000000
69.852281094 1.447120 1.016368 0.000000 0.000000 0.000000 -0.000637 1.000000
69.909631014 1.458542 1.016431 0.000000 0.000000 0.000000 -0.000571 1.000000
70.003495455 1.476346 1.015433 0.000000 0.000000 0.000000 -0.000394 1.000000
70.055417776 1.485599 1.014580 0.000000 0.000000 0.000000 -0.000265 1.000000
70.137858391 1.501196 1.014013 0.000000 0.000000 0.000000 0.000026 1.000000
70.199167728 1.513474 1.014836 0.000000 0.000000 0.000000 0.000045 1.000000
70.302878618 1.532240 1.015115 0.000000 0.000000 0.000000 -0.000046 1.000000
70.369396687 1.546152 1.016271 0.000000 0.000000 0.000000 -0.000334 1.000000
70.461210728 1.563379 1.015746 0.000000 0.000000 0.000000 -0.000292 1.000000
70.509778738 1.573153 1.015693 0.000000 0.000000 0.000000 -0.000319 1.000000
70.599387646 1.589930 1.015217 0.000000 0.000000 0.000000 -0.000203 1.000000
70.656033039 1.600877 1.015240 0.000000 0.000000 0.000000 -0.000318 1.000000
70.768153429 1.622523 1.016064 0.000000 0.000000 0.000000 -0.000440 1.000000
70.815999985 1.631759 1.015954 0.000000 0.000000 0.000000 -0.000445 1.000000
70.900581121 1.647702 1.015710 0.000000 0.000000 0.000000 -0.000273 1.000000
70.955633402 1.658265 1.016568 0.000000 0.000000 0.000000 -0.000176 1.000000
71.042252779 1.674061 1.017328 0.000000 0.000000 0.000000 -0.000069 1.000000
71.103641987 1.685166 1.018853 0.000000 0.000000 0.000000 -0.000038 1.000000
71.186776161 1.700269 1.019954 0.000000 0.000000 0.000000 -0.000048 1.000000
71.250498533 1.712612 1.020411 0.000000 0.000000 0.000000 0.000137 1.000000
71.341936827 1.718043 1.020930 0.000000 0.000000 0.000000 0.008286 0.999966
71.393325806 1.721483 1.020831 0.000000 0.000000 0.000000 0.012788 0.999918
71.487019539 1.726245 1.020920 0.000000 0.000000 0.000000 0.021053 0.999778
71.537977695 1.728472 1.020664 0.000000 0.000000 0.000000 0.025397 0.999677
71.626116753 1.733327 1.021021 0.000000 0.000000 0.000000 0.032862 0.999460
71.682151079 1.735671 1.019922 0.000000 0.000000 0.000000 0.037433 0.999299
71.763496399 1.739926 1.019392 0.000000 0.000000 0.000000 0.044624 0.999004
71.820455313 1.740889 1.019939 0.000000 0.000000 0.000000 0.049503 0.998774
71.918866396 1.744458 1.020155 0.000000 0.000000 0.000000 0.057988 0.998317
71.975845575 1.746265 1.019497 0.000000 0.000000 0.000000 0.062886 0.998021
72.068582535 1.748193 1.020563 0.000000 0.000000 0.000000 0.070083 0.997541
72.122643709 1.749858 1.020068 0.000000 0.000000 0.000000 0.074735 0.997203
72.217851877 1.766897 1.023061 0.000000 0.000000 0.000000 0.074688 0.997207
72.265589714 1.775216 1.024960 0.000000 0.000000 0.000000 0.074468 0.997223
72.354194641 1.791643 1.026042 0.000000 0.000000 0.000000 0.074314 0.997235
72.403216600 1.801297 1.027132 0.000000 0.000000 0.000000 0.074613 0.997213
72.504085302 1.821131 1.031103 0.000000 0.000000 0.000000 0.074738 0.997203
72.559812546 1.832218 1.032793 0.000000 0.000000 0.000000 0.074790 0.997199
72.641114473 1.848028 1.035166 0.000000 0.000000 0.000000 0.074825 0.997197
72.695553064 1.858288 1.037068 0.000000 0.000000 0.000000 0.075061 0.997179
72.784453154 1.875313 1.040219 0.000000 0.000000 0.000000 0.075214 0.997167
72.839464188 1.878893 1.040706 0.000000 0.000000 0.000000 0.079813 0.996810
72.931765556 1.883751 1.041344 0.000000 0.000000 0.000000 0.087501 0.996164
72.986810684 1.886286 1.041806 0.000000 0.000000 0.000000 0.092228 0.995738
73.071648121 1.891061 1.042242 0.000000 0.000000 0.000000 0.099233 0.995064
73.129702330 1.892891 1.042330 0.000000 0.000000 0.000000 0.104141 0.994563
73.227200508 1.895980 1.043587 0.000000 0.000000 0.000000 0.112317 0.993672
73.271549940 1.897124 1.043974 0.000000 0.000000 0.000000 0.115838 0.993268
73.365193605 1.914462 1.048318 0.000000 0.000000 0.000000 0.115830 0.993269
73.410813332 1.923098 1.050370 0.000000 0.000000 0.000000 0.115840 0.993268
73.495560646 1.939343 1.054881 0.000000 0.000000 0.000000 0.115836 0.993268
73.549853325 1.950711 1.057152 0.000000 0.000000 0.000000 0.115705 0.993284
73.635336399 1.966097 1.060875 0.000000 0.000000 0.000000 0.115636 0.993292
73.700213671 1.978137 1.063812 0.000000 0.000000 0.000000 0.115506 0.993307
73.794411182 1.995743 1.066688 0.000000 0.000000 0.000000 0.115437 0.993315
73.851395130 2.006870 1.069037 0.000000 0.000000 0.000000 0.115397 0.993319
73.934927464 2.022625 1.072845 0.000000 0.000000 0.000000 0.115372 0.993322
73.994324923 2.025987 1.072938 0.000000 0.000000 0.000000 0.120445 0.992720
74.076428652 2.030475 1.073801 0.000000 0.000000 0.000000 0.127631 0.991822
74.138641834 2.033609 1.075720 0.000000 0.000000 0.000000 0.133123 0.991099
74.232690811 2.036648 1.076771 0.000000 0.000000 0.000000 0.141018 0.990007
74.284757137 2.038626 1.077068 0.000000 0.000000 0.000000 0.145408 0.989372
74.368963718 2.042446 1.077459 0.000000 0.000000 0.000000 0.152425 0.988315
74.424954653 2.045143 1.077037 0.000000 0.000000 0.000000 0.157230 0.987562
74.512892008 2.049230 1.077839 0.000000 0.000000 0.000000 0.164763 0.986333
74.568120718 2.058394 1.080820 0.000000 0.000000 0.000000 0.164877 0.986314
74.659038782 2.074952 1.086602 0.000000 0.000000 0.000000 0.164811 0.986325
74.720528126 2.087696 1.090444 0.000000 0.000000 0.000000 0.164792 0.986328
74.807915449 2.104296 1.096335 0.000000 0.000000 0.000000 0.164825 0.986323
74.867791891 2.116096 1.100441 0.000000 0.000000 0.000000 0.164873 0.986315
74.956265450 2.133187 1.106355 0.000000 0.000000 0.000000 0.164920 0.986307
75.006022692 2.142356 1.109654 0.000000 0.000000 0.000000 0.165032 0.986288
75.093890429 2.158752 1.114351 0.000000 0.000000 0.000000 0.164935 0.986304
75.151803017 2.169081 1.117718 0.000000 0.000000 0.000000 0.164781 0.986330
75.237923384 2.185341 1.123630 0.000000 0.000000 0.000000 0.164658 0.986351
75.289012432 2.194600 1.125678 0.000000 0.000000 0.000000 0.164700 0.986344
75.377345324 2.210686 1.130927 0.000000 0.000000 0.000000 0.164574 0.986365
75.433693886 2.221189 1.134463 0.000000 0.000000 0.000000 0.164555 0.986368
75.537194490 2.239940 1.140559 0.000000 0.000000 0.000000 0.164358 0.986401
75.586070776 2.249686 1.142624 0.000000 0.000000 0.000000 0.164429 0.986389
75.689361572 2.268936 1.148584 0.000000 0.000000 0.000000 0.164555 0.986368
75.744805098 2.279561 1.152798 0.000000 0.000000 0.000000 0.164555 0.986368
75.826009274 2.293780 1.157650 0.000000 0.000000 0.000000 0.164410 0.986392
75.899021864 2.298357 1.158417 0.000000 0.000000 0.000000 0.170908 0.985287
75.992537260 2.301832 1.159184 0.000000 0.000000 0.000000 0.179066 0.983837
76.056124210 2.303789 1.160196 0.000000 0.000000 0.000000 0.184511 0.982830
76.141805172 2.306921 1.160128 0.000000 0.000000 0.000000 0.191357 0.981520
76.196712971 2.308713 1.160096 0.000000 0.000000 0.000000 0.196095 0.980585
76.279946327 2.311522 1.160970 0.000000 0.000000 0.000000 0.202652 0.979251
76.336917877 2.313209 1.161306 0.000000 0.000000 0.000000 0.207617 0.978210
76.431858301 2.317326 1.161972 0.000000 0.000000 0.000000 0.215568 0.976489
76.487337351 2.325705 1.165544 0.000000 0.000000 0.000000 0.215534 0.976496
76.576975346 2.340293 1.173031 0.000000 0.000000 0.000000 0.215600 0.976482
76.635664701 2.350213 1.177849 0.000000 0.000000 0.000000 0.215337 0.976540
76.736702204 2.368101 1.186298 0.000000 0.000000 0.000000 0.215464 0.976512
76.784813404 2.377564 1.190396 0.000000 0.000000 0.000000 0.215591 0.976484
76.872728825 2.392353 1.197324 0.000000 0.000000 0.000000 0.215594 0.976483
76.940669060 2.403909 1.203179 0.000000 0.000000 0.000000 0.215656 0.976469
77.039191484 2.421682 1.210589 0.000000 0.000000 0.000000 0.215732 0.976453
77.091496944 2.431501 1.215218 0.000000 0.000000 0.000000 0.215941 0.976406
77.178045034 2.435578 1.216979 0.000000 0.000000 0.000000 0.223215 0.974769
77.233334064 2.438329 1.218607 0.000000 0.000000 0.000000 0.227830 0.973701
77.321522951 2.441877 1.219690 0.000000 0.000000 0.000000 0.235345 0.971912
77.385615587 2.442749 1.219520 0.000000 0.000000 0.000000 0.240659 0.970610
77.482558012 2.456318 1.226861 0.000000 0.000000 0.000000 0.240847 0.970563
77.535058022 2.464988 1.230335 0.000000 0.000000 0.000000 0.240756 0.970586
77.635596514 2.482358 1.239961 0.000000 0.000000 0.000000 0.240806 0.970573
77.687636852 2.490289 1.244858 0.000000 0.000000 0.000000 0.240952 0.970537
77.783472538 2.506704 1.252921 0.000000 0.000000 0.000000 0.241215 0.970472
77.833787918 2.512588 1.256273 0.000000 0.000000 0.000000 0.240983 0.970529
77.940711260 2.531098 1.266041 0.000000 0.000000 0.000000 0.240973 0.970532
77.985099792 2.538372 1.270074 0.000000 0.000000 0.000000 0.240991 0.970527
78.074628830 2.553810 1.278103 0.000000 0.000000 0.000000 0.241036 0.970516
78.126539230 2.561921 1.283554 0.000000 0.000000 0.000000 0.241071 0.970508
78.225707769 2.566737 1.286366 0.000000 0.000000 0.000000 0.249596 0.968350
78.287621975 2.568684 1.287532 0.000000 0.000000 0.000000 0.254667 0.967029
78.371752024 2.582431 1.293387 0.000000 0.000000 0.000000 0.254705 0.967019
78.425225496 2.590791 1.297320 0.000000 0.000000 0.000000 0.254963 0.966951
78.525620699 2.606977 1.305856 0.000000 0.000000 0.000000 0.255104 0.966914
78.588539600 2.616517 1.311424 0.000000 0.000000 0.000000 0.254900 0.966967
78.670593977 2.629896 1.321133 0.000000 0.000000 0.000000 0.254758 0.967005
78.735427380 2.640846 1.326652 0.000000 0.000000 0.000000 0.254774 0.967001
78.827690363 2.656610 1.335932 0.000000 0.000000 0.000000 0.254941 0.966957
78.889282465 2.666461 1.341964 0.000000 0.000000 0.000000 0.255098 0.966915
78.986895561 2.683409 1.350748 0.000000 0.000000 0.000000 0.254993 0.966943
79.038242817 2.692753 1.356122 0.000000 0.000000 0.000000 0.255324 0.966856
79.133278370 2.697793 1.357677 0.000000 0.000000 0.000000 0.263261 0.964725
79.188038111 2.699780 1.359068 0.000000 0.000000 0.000000 0.267616 0.963526
79.274859905 2.703977 1.360761 0.000000 0.000000 0.000000 0.274857 0.961485
79.325020790 2.711725 1.363710 0.000000 0.000000 0.000000 0.275344 0.961346
79.419587612 2.726427 1.373571 0.000000 0.000000 0.000000 0.275233 0.961378
79.476016521 2.735382 1.379383 0.000000 0.000000 0.000000 0.275249 0.961373
79.572896481 2.750290 1.389355 0.000000 0.000000 0.000000 0.275360 0.961341
79.625355482 2.758468 1.394823 0.000000 0.000000 0.000000 0.275665 0.961254
79.715934038 2.773251 1.404299 0.000000 0.000000 0.000000 0.275611 0.961269
79.766192913 2.782623 1.410927 0.000000 0.000000 0.000000 0.275484 0.961306
79.851100206 2.796825 1.419025 0.000000 0.000000 0.000000 0.275429 0.961321
79.911969662 2.806068 1.426088 0.000000 0.000000 0.000000 0.275144 0.961403
80.005322218 2.821197 1.435618 0.000000 0.000000 0.000000 0.275210 0.961384
80.049822092 2.828790 1.438966 0.000000 0.000000 0.000000 0.275089 0.961419
80.144307137 2.844778 1.449664 0.000000 0.000000 0.000000 0.275196 0.961388
80.194717646 2.852997 1.455608 0.000000 0.000000 0.000000 0.274869 0.961482
80.283586025 2.857830 1.458401 0.000000 0.000000 0.000000 0.282212 0.959352
80.339012861 2.860718 1.459601 0.000000 0.000000 0.000000 0.286676 0.958027
80.432806969 2.866302 1.461295 0.000000 0.000000 0.000000 0.294042 0.955792
80.481657505 2.868964 1.460508 0.000000 0.000000 0.000000 0.298172 0.954512
80.570667744 2.873576 1.462130 0.000000 0.000000 0.000000 0.305426 0.952216
80.629180193 2.876558 1.462276 0.000000 0.000000 0.000000 0.310196 0.950673
80.725515127 2.881269 1.463741 0.000000 0.000000 0.000000 0.317828 0.948148
80.785824299 2.883317 1.465280 0.000000 0.000000 0.000000 0.322310 0.946634
80.885531425 2.887066 1.466846 0.000000 0.000000 0.000000 0.330329 0.943866
80.931448936 2.888392 1.467367 0.000000 0.000000 0.000000 0.333993 0.942576
81.023196459 2.901679 1.477477 0.000000 0.000000 0.000000 0.334004 0.942572
81.074112654 2.908862 1.482459 0.000000 0.000000 0.000000 0.333962 0.942586
81.169610262 2.922951 1.494233 0.000000 0.000000 0.000000 0.334061 0.942551
81.221564293 2.931355 1.500840 0.000000 0.000000 0.000000 0.334158 0.942517
81.317089081 2.946722 1.512686 0.000000 0.000000 0.000000 0.334139 0.942524
81.373459816 2.955530 1.518494 0.000000 0.000000 0.000000 0.334118 0.942531
81.468533754 2.969293 1.531008 0.000000 0.000000 0.000000 0.334195 0.942504
81.523016691 2.977809 1.538320 0.000000 0.000000 0.000000 0.334440 0.942417
81.598726511 2.989399 1.548125 0.000000 0.000000 0.000000 0.334492 0.942399
81.657386780 2.992074 1.550279 0.000000 0.000000 0.000000 0.339276 0.940687
81.743980408 2.995851 1.553221 0.000000 0.000000 0.000000 0.346482 0.938056
81.802433014 2.997235 1.554777 0.000000 0.000000 0.000000 0.350893 0.936415
81.892469883 3.000081 1.556859 0.000000 0.000000 0.000000 0.358044 0.933705
81.951400280 3.002482 1.557051 0.000000 0.000000 0.000000 0.362815 0.931861
82.051398516 3.006059 1.558990 0.000000 0.000000 0.000000 0.370752 0.928732
82.098116398 3.008120 1.559290 0.000000 0.000000 0.000000 0.374541 0.927210
82.188131332 3.020029 1.569992 0.000000 0.000000 0.000000 0.374379 0.927276
82.248149872 3.026979 1.577912 0.000000 0.000000 0.000000 0.374412 0.927262
82.336132288 3.038301 1.589491 0.000000 0.000000 0.000000 0.374451 0.927247
82.396090031 3.046339 1.597532 0.000000 0.000000 0.000000 0.374459 0.927244
82.493404388 3.059042 1.610713 0.000000 0.000000 0.000000 0.374449 0.927248
82.545469284 3.066730 1.619234 0.000000 0.000000 0.000000 0.374528 0.927216
82.645762682 3.080340 1.632624 0.000000 0.000000 0.000000 0.374607 0.927184
82.703368902 3.088695 1.640837 0.000000 0.000000 0.000000 0.374573 0.927197
82.786747932 3.100648 1.652315 0.000000 0.000000 0.000000 0.374575 0.927196
82.854153395 3.110334 1.661641 0.000000 0.000000 0.000000 0.374691 0.927150
82.943068027 3.122454 1.672771 0.000000 0.000000 0.000000 0.374705 0.927144
83.009804964 3.132254 1.680953 0.000000 0.000000 0.000000 0.374671 0.927158
83.085191727 3.141955 1.689328 0.000000 0.000000 0.000000 0.374989 0.927029
83.153803349 3.152075 1.697806 0.000000 0.000000 0.000000 0.375048 0.927005
83.241653681 3.164234 1.709264 0.000000 0.000000 0.000000 0.375160 0.926960
83.297069788 3.167048 1.711675 0.000000 0.000000 0.000000 0.379488 0.925197
83.389735460 3.169202 1.714711 0.000000 0.000000 0.000000 0.386914 0.922116
83.453119040 3.170074 1.715266 0.000000 0.000000 0.000000 0.392045 0.919946
83.537900448 3.171543 1.716610 0.000000 0.000000 0.000000 0.398836 0.917022
83.597048283 3.172543 1.717829 0.000000 0.000000 0.000000 0.403725 0.914880
83.717325926 3.175509 1.721360 0.000000 0.000000 0.000000 0.413122 0.910676
83.749479055 3.175907 1.721030 0.000000 0.000000 0.000000 0.415861 0.909428
83.838826418 3.178365 1.722501 0.000000 0.000000 0.000000 0.422625 0.906305
83.901724577 3.179334 1.723232 0.000000 0.000000 0.000000 0.427542 0.903996
83.992516994 3.182540 1.725085 0.000000 0.000000 0.000000 0.434642 0.900603
84.051721573 3.184176 1.725268 0.000000 0.000000 0.000000 0.438986 0.898494
84.156426907 3.186387 1.728605 0.000000 0.000000 0.000000 0.447365 0.894351
84.200500965 3.188054 1.727848 0.000000 0.000000 0.000000 0.450800 0.892625
84.283172131 3.196044 1.738486 0.000000 0.000000 0.000000 0.450747 0.892652
84.341853619 3.202332 1.746376 0.000000 0.000000 0.000000 0.450780 0.892635
84.440338135 3.215618 1.761797 0.000000 0.000000 0.000000 0.450752 0.892649
84.490278244 3.221884 1.769543 0.000000 0.000000 0.000000 0.450660 0.892695
84.590413809 3.232247 1.784952 0.000000 0.000000 0.000000 0.450691 0.892680
84.637861252 3.233980 1.787712 0.000000 0.000000 0.000000 0.454548 0.890722
84.731191397 3.235995 1.791676 0.000000 0.000000 0.000000 0.461680 0.887047
84.795961142 3.236778 1.795161 0.000000 0.000000 0.000000 0.466682 0.884425
84.885035038 3.239800 1.797820 0.000000 0.000000 0.000000 0.473290 0.880907
84.942189693 3.245155 1.804850 0.000000 0.000000 0.000000 0.473253 0.880927
85.035698891 3.253087 1.817813 0.000000 0.000000 0.000000 0.473061 0.881030
85.087255955 3.258255 1.825005 0.000000 0.000000 0.000000 0.472899 0.881117
85.177431345 3.266528 1.839462 0.000000 0.000000 0.000000 0.472559 0.881299
85.234461546 3.271712 1.850635 0.000000 0.000000 0.000000 0.472543 0.881308
85.317269802 3.281251 1.865327 0.000000 0.000000 0.000000 0.472534 0.881312
85.371974707 3.287398 1.873521 0.000000 0.000000 0.000000 0.472589 0.881283
85.478625298 3.289800 1.876709 0.000000 0.000000 0.000000 0.480696 0.876887
85.528799295 3.290833 1.877773 0.000000 0.000000 0.000000 0.484300 0.874902
85.623463392 3.293804 1.879981 0.000000 0.000000 0.000000 0.491197 0.871048
85.673765659 3.294691 1.882272 0.000000 0.000000 0.000000 0.495057 0.868860
85.763669968 3.303616 1.895819 0.000000 0.000000 0.000000 0.495104 0.868834
85.820935726 3.309113 1.904152 0.000000 0.000000 0.000000 0.494970 0.868910
85.910727024 3.318995 1.916263 0.000000 0.000000 0.000000 0.494761 0.869029
85.964876890 3.323684 1.925010 0.000000 0.000000 0.000000 0.494656 0.869089
86.051109076 3.332212 1.939186 0.000000 0.000000 0.000000 0.494563 0.869142
86.103527308 3.337105 1.947979 0.000000 0.000000 0.000000 0.494433 0.869216
86.201452255 3.347215 1.962944 0.000000 0.000000 0.000000 0.494232 0.869330
86.242657185 3.351278 1.970623 0.000000 0.000000 0.000000 0.494226 0.869334
86.334985495 3.360223 1.986205 0.000000 0.000000 0.000000 0.494129 0.869389
86.382092714 3.361488 1.987965 0.000000 0.000000 0.000000 0.497772 0.867308
86.472083092 3.363054 1.990876 0.000000 0.000000 0.000000 0.504384 0.863479
86.523828268 3.364023 1.991619 0.000000 0.000000 0.000000 0.508011 0.861350
86.615870237 3.365607 1.993074 0.000000 0.000000 0.000000 0.514809 0.857305
86.670076370 3.365641 1.993334 0.000000 0.000000 0.000000 0.518921 0.854822
86.774803400 3.374193 2.009160 0.000000 0.000000 0.000000 0.518796 0.854898
86.820199966 3.378048 2.016619 0.000000 0.000000 0.000000 0.518695 0.854960
86.919469357 3.386978 2.033235 0.000000 0.000000 0.000000 0.518753 0.854924
86.967871189 3.391096 2.041284 0.000000 0.000000 0.000000 0.518629 0.854999
87.056761026 3.398597 2.056945 0.000000 0.000000 0.000000 0.518644 0.854990
87.109259605 3.403676 2.065933 0.000000 0.000000 0.000000 0.518597 0.855019
87.192007065 3.411994 2.080771 0.000000 0.000000 0.000000 0.518609 0.855012
87.253980637 3.417654 2.092194 0.000000 0.000000 0.000000 0.518718 0.854945
87.349741697 3.420486 2.096294 0.000000 0.000000 0.000000 0.526064 0.850445
87.405018091 3.421167 2.099966 0.000000 0.000000 0.000000 0.529796 0.848125
87.485984564 3.423459 2.103722 0.000000 0.000000 0.000000 0.535745 0.844380
87.543567896 3.424443 2.104239 0.000000 0.000000 0.000000 0.540148 0.841570
87.634330273 3.425630 2.107023 0.000000 0.000000 0.000000 0.546517 0.837448
87.686902761 3.426396 2.109285 0.000000 0.000000 0.000000 0.550207 0.835028
87.787247896 3.427664 2.113140 0.000000 0.000000 0.000000 0.557274 0.830329
87.837472916 3.431073 2.120376 0.000000 0.000000 0.000000 0.557478 0.830192
87.916748285 3.436255 2.134530 0.000000 0.000000 0.000000 0.557506 0.830173
87.986268759 3.440957 2.146613 0.000000 0.000000 0.000000 0.557574 0.830127
88.086726427 3.447778 2.165482 0.000000 0.000000 0.000000 0.557420 0.830231
88.150101423 3.452153 2.175729 0.000000 0.000000 0.000000 0.557429 0.830224
88.240933418 3.454823 2.179603 0.000000 0.000000 0.000000 0.563952 0.825808
88.297403812 3.457108 2.182728 0.000000 0.000000 0.000000 0.568166 0.822914
88.386169910 3.459210 2.185479 0.000000 0.000000 0.000000 0.574467 0.818527
88.450335503 3.460165 2.187248 0.000000 0.000000 0.000000 0.578992 0.815333
88.535275698 3.461883 2.189765 0.000000 0.000000 0.000000 0.585073 0.810981
88.605426788 3.463180 2.190895 0.000000 0.000000 0.000000 0.589651 0.807658
88.683759212 3.464587 2.192250 0.000000 0.000000 0.000000 0.595132 0.803628
88.750116110 3.470050 2.201436 0.000000 0.000000 0.000000 0.595048 0.803690
88.851769447 3.474896 2.219999 0.000000 0.000000 0.000000 0.594861 0.803828
88.916266441 3.478990 2.232428 0.000000 0.000000 0.000000 0.594825 0.803855
89.002526760 3.484333 2.247838 0.000000 0.000000 0.000000 0.594753 0.803909
89.057895184 3.487470 2.258372 0.000000 0.000000 0.000000 0.594764 0.803901
89.140100241 3.491856 2.272972 0.000000 0.000000 0.000000 0.594636 0.803995
89.195465088 3.492554 2.276001 0.000000 0.000000 0.000000 0.598663 0.801001
89.289087772 3.493595 2.279861 0.000000 0.000000 0.000000 0.605175 0.796093
89.344048738 3.493559 2.280298 0.000000 0.000000 0.000000 0.609035 0.793143
89.440391302 3.494003 2.282926 0.000000 0.000000 0.000000 0.615574 0.788079
89.492968559 3.496504 2.283331 0.000000 0.000000 0.000000 0.618863 0.785499
89.607647657 3.500793 2.300890 0.000000 0.000000 0.000000 0.618892 0.785476
89.672281504 3.503620 2.312222 0.000000 0.000000 0.000000 0.618803 0.785546
89.768073082 3.507778 2.330722 0.000000 0.000000 0.000000 0.618689 0.785636
89.829360723 3.511080 2.342308 0.000000 0.000000 0.000000 0.618803 0.785546
89.918611765 3.515229 2.358907 0.000000 0.000000 0.000000 0.618676 0.785646
89.983339548 3.518096 2.370158 0.000000 0.000000 0.000000 0.618789 0.785557
90.075467348 3.521991 2.387058 0.000000 0.000000 0.000000 0.618622 0.785689
90.136802912 3.525152 2.399250 0.000000 0.000000 0.000000 0.618642 0.785673
90.217718840 3.529059 2.414388 0.000000 0.000000 0.000000 0.618517 0.785771
90.282570362 3.532991 2.426678 0.000000 0.000000 0.000000 0.618229 0.785998
90.377734184 3.537291 2.443125 0.000000 0.000000 0.000000 0.617911 0.786248
90.428593874 3.539765 2.452018 0.000000 0.000000 0.000000 0.617964 0.786207
90.510604858 3.542711 2.467318 0.000000 0.000000 0.000000 0.617898 0.786258
90.568803549 3.545936 2.478508 0.000000 0.000000 0.000000 0.617966 0.786205
90.669097900 3.551004 2.496638 0.000000 0.000000 0.000000 0.617954 0.786214
90.734403133 3.553737 2.509056 0.000000 0.000000 0.000000 0.618021 0.786162
90.817264557 3.557075 2.522863 0.000000 0.000000 0.000000 0.618023 0.786160
90.874949217 3.560602 2.532912 0.000000 0.000000 0.000000 0.617944 0.786222
90.977848291 3.565776 2.551699 0.000000 0.000000 0.000000 0.617733 0.786388
91.038990498 3.568556 2.564085 0.000000 0.000000 0.000000 0.617722 0.786396
91.132968187 3.574272 2.580146 0.000000 0.000000 0.000000 0.617836 0.786307
91.184181929 3.576094 2.590245 0.000000 0.000000 0.000000 0.617814 0.786324
91.277483940 3.580055 2.606425 0.000000 0.000000 0.000000 0.617852 0.786294
91.333750963 3.582835 2.616276 0.000000 0.000000 0.000000 0.617848 0.786297
91.435931683 3.586929 2.635689 0.000000 0.000000 0.000000 0.617781 0.786350
91.490885019 3.589737 2.646788 0.000000 0.000000 0.000000 0.617675 0.786433
91.596405983 3.595811 2.665892 0.000000 0.000000 0.000000 0.617744 0.786380
91.657889366 3.599680 2.677168 0.000000 0.000000 0.000000 0.617878 0.786274
91.744920015 3.605243 2.691732 0.000000 0.000000 0.000000 0.617765 0.786363
91.803375244 3.607966 2.701852 0.000000 0.000000 0.000000 0.617771 0.786358
91.889576912 3.612572 2.719141 0.000000 0.000000 0.000000 0.617895 0.786261
91.950321198 3.614679 2.730936 0.000000 0.000000 0.000000 0.617987 0.786189
92.040585995 3.617707 2.747767 0.000000 0.000000 0.000000 0.618043 0.786144
92.095539570 3.620260 2.758772 0.000000 0.000000 0.000000 0.618132 0.786075
92.180634975 3.624544 2.774175 0.000000 0.000000 0.000000 0.618099 0.786100
92.233907700 3.627299 2.783967 0.000000 0.000000 0.000000 0.618143 0.786066
92.324627161 3.631411 2.800855 0.000000 0.000000 0.000000 0.618170 0.786044
92.377721786 3.634740 2.811040 0.000000 0.000000 0.000000 0.618102 0.786098
92.477380037 3.638370 2.830387 0.000000 0.000000 0.000000 0.618080 0.786115
92.527386665 3.639336 2.839653 0.000000 0.000000 0.000000 0.617973 0.786199
92.615924358 3.642908 2.856238 0.000000 0.000000 0.000000 0.618093 0.786105
92.672314167 3.645536 2.865962 0.000000 0.000000 0.000000 0.617997 0.786181
92.773890257 3.650054 2.884390 0.000000 0.000000 0.000000 0.618097 0.786101
92.833395958 3.652237 2.896546 0.000000 0.000000 0.000000 0.618114 0.786088
92.924817085 3.655795 2.913972 0.000000 0.000000 0.000000 0.618275 0.785962
92.988978386 3.658415 2.926729 0.000000 0.000000 0.000000 0.618288 0.785951
93.100240469 3.663723 2.945803 0.000000 0.000000 0.000000 0.618377 0.785882
93.152472734 3.666148 2.955060 0.000000 0.000000 0.000000 0.618416 0.785851
93.248969555 3.670520 2.971968 0.000000 0.000000 0.000000 0.618408 0.785858
93.302347898 3.673238 2.981885 0.000000 0.000000 0.000000 0.618562 0.785736
93.402684212 3.678686 2.999926 0.000000 0.000000 0.000000 0.618499 0.785785
93.454676867 3.681711 3.009071 0.000000 0.000000 0.000000 0.618467 0.785811
93.552758694 3.686374 3.026532 0.000000 0.000000 0.000000 0.618457 0.785818
93.613630056 3.690416 3.037701 0.000000 0.000000 0.000000 0.618374 0.785884
93.707502604 3.695255 3.056381 0.000000 0.000000 0.000000 0.618230 0.785997
93.764230251 3.698179 3.069005 0.000000 0.000000 0.000000 0.618120 0.786084
93.873910427 3.703262 3.088993 0.000000 0.000000 0.000000 0.617709 0.786407
93.914932251 3.705543 3.096339 0.000000 0.000000 0.000000 0.617452 0.786609
94.005584240 3.710366 3.111738 0.000000 0.000000 0.000000 0.617369 0.786673
94.060539484 3.712353 3.121746 0.000000 0.000000 0.000000 0.617256 0.786762
94.156020403 3.717448 3.140471 0.000000 0.000000 0.000000 0.616711 0.787190
94.210253716 3.719585 3.150613 0.000000 0.000000 0.000000 0.616915 0.787030
94.306135893 3.723013 3.168310 0.000000 0.000000 0.000000 0.617045 0.786928
94.372974396 3.725659 3.181744 0.000000 0.000000 0.000000 0.617063 0.786913
94.471097946 3.728660 3.199216 0.000000 0.000000 0.000000 0.617226 0.786786
94.529613972 3.730664 3.209972 0.000000 0.000000 0.000000 0.617137 0.786856
94.627149820 3.735477 3.228694 0.000000 0.000000 0.000000 0.617292 0.786734
94.671769142 3.737711 3.237170 0.000000 0.000000 0.000000 0.617357 0.786683
94.763330460 3.741849 3.255380 0.000000 0.000000 0.000000 0.617291 0.786735
94.822440624 3.744216 3.267488 0.000000 0.000000 0.000000 0.617278 0.786745
94.912670851 3.748500 3.284092 0.000000 0.000000 0.000000 0.617067 0.786911
94.978972197 3.751564 3.295912 0.000000 0.000000 0.000000 0.616617 0.787263
95.068254471 3.756459 3.313434 0.000000 0.000000 0.000000 0.616526 0.787335
95.123470068 3.759021 3.325430 0.000000 0.000000 0.000000 0.616598 0.787278
95.210581541 3.763376 3.341964 0.000000 0.000000 0.000000 0.616836 0.787091
95.261231899 3.765637 3.351800 0.000000 0.000000 0.000000 0.616792 0.787126
95.358219862 3.769990 3.368617 0.000000 0.000000 0.000000 0.616916 0.787029
95.405269146 3.772266 3.377896 0.000000 0.000000 0.000000 0.616893 0.787047
95.495450497 3.772856 3.378701 0.000000 0.000000 0.000000 0.616996 0.786966
95.556711435 3.772561 3.379105 0.000000 0.000000 0.000000 0.616933 0.787016
95.654532194 3.772134 3.380062 0.000000 0.000000 0.000000 0.616974 0.786983
95.718507051 3.771896 3.378628 0.000000 0.000000 0.000000 0.617093 0.786890
95.809733868 3.772724 3.377605 0.000000 0.000000 0.000000 0.616815 0.787108
95.869915009 3.772259 3.376652 0.000000 0.000000 0.000000 0.616837 0.787091
95.968504429 3.771971 3.375737 0.000000 0.000000 0.000000 0.616831 0.787096
96.013655424 3.771411 3.375697 0.000000 0.000000 0.000000 0.616748 0.787161
96.105460644 3.770945 3.374764 0.000000 0.000000 0.000000 0.616535 0.787327
96.151817083 3.771165 3.374135 0.000000 0.000000 0.000000 0.616532 0.787330
96.249305487 3.770773 3.373932 0.000000 0.000000 0.000000 0.616591 0.787283
96.313171148 3.770497 3.372459 0.000000 0.000000 0.000000 0.616406 0.787429
96.411842108 3.770463 3.371675 0.000000 0.000000 0.000000 0.616233 0.787564
96.483254194 3.769133 3.372951 0.000000 0.000000 0.000000 0.616017 0.787733
96.576039553 3.769642 3.372279 0.000000 0.000000 0.000000 0.615966 0.787773
96.634468794 3.770076 3.371639 0.000000 0.000000 0.000000 0.616173 0.787611
96.723625898 3.769712 3.372460 0.000000 0.000000 0.000000 0.616203 0.787587
96.781600475 3.770068 3.373554 0.000000 0.000000 0.000000 0.616048 0.787708
96.866395235 3.770842 3.373154 0.000000 0.000000 0.000000 0.616036 0.787718
96.921135187 3.770610 3.374092 0.000000 0.000000 0.000000 0.616067 0.787694
97.019036293 3.771396 3.374385 0.000000 0.000000 0.000000 0.616172 0.787611
97.060910940 3.771594 3.374850 0.000000 0.000000 0.000000 0.616344 0.787477
97.153807163 3.771281 3.374595 0.000000 0.000000 0.000000 0.616300 0.787512
97.211027622 3.771987 3.375056 0.000000 0.000000 0.000000 0.616058 0.787701
97.305245876 3.772520 3.374668 0.000000 0.000000 0.000000 0.616079 0.787685
97.364989996 3.772503 3.373951 0.000000 0.000000 0.000000 0.615946 0.787788
97.465471268 3.773416 3.375504 0.000000 0.000000 0.000000 0.615996 0.787749
97.531141281 3.773201 3.375287 0.000000 0.000000 0.000000 0.616011 0.787738
97.607466698 3.773161 3.374643 0.000000 0.000000 0.000000 0.616062 0.787698
97.670571327 3.773713 3.374606 0.000000 0.000000 0.000000 0.615907 0.787819
97.761371374 3.774226 3.374511 0.000000 0.000000 0.000000 0.615931 0.787800
97.826786518 3.774416 3.373515 0.000000 0.000000 0.000000 0.615743 0.787947
97.904732704 3.775136 3.372164 0.000000 0.000000 0.000000 0.615861 0.787855
97.972033739 3.775349 3.371315 0.000000 0.000000 0.000000 0.616069 0.787692
98.065672398 3.775800 3.370421 0.000000 0.000000 0.000000 0.616077 0.787686
98.120881319 3.776571 3.370594 0.000000 0.000000 0.000000 0.616146 0.787632
98.209275961 3.776204 3.370734 0.000000 0.000000 0.000000 0.616355 0.787468
98.266049623 3.776606 3.370937 0.000000 0.000000 0.000000 0.616604 0.787274
98.353181839 3.776933 3.371159 0.000000 0.000000 0.000000 0.616615 0.787265
98.403073549 3.776831 3.371261 0.000000 0.000000 0.000000 0.616598 0.787278
98.490382910 3.776502 3.370693 0.000000 0.000000 0.000000 0.616678 0.787216
98.542252064 3.776206 3.370623 0.000000 0.000000 0.000000 0.616652 0.787236
98.624454260 3.776359 3.370702 0.000000 0.000000 0.000000 0.616704 0.787195
98.685510397 3.776956 3.370585 0.000000 0.000000 0.000000 0.616736 0.787170
98.779605627 3.777023 3.369835 0.000000 0.000000 0.000000 0.616613 0.787267
98.838194609 3.777023 3.369641 0.000000 0.000000 0.000000 0.616575 0.787296
98.929908276 3.776834 3.370158 0.000000 0.000000 0.000000 0.616441 0.787401
98.986426353 3.777201 3.370634 0.000000 0.000000 0.000000 0.616605 0.787273
99.090990067 3.778589 3.372386 0.000000 0.000000 0.000000 0.616704 0.787195
99.137984037 3.778667 3.372409 0.000000 0.000000 0.000000 0.616701 0.787197
99.222180128 3.779135 3.372154 0.000000 0.000000 0.000000 0.616867 0.787067
99.274515629 3.780131 3.372055 0.000000 0.000000 0.000000 0.617006 0.786958
99.372492313 3.780279 3.372235 0.000000 0.000000 0.000000 0.617059 0.786917
99.430688858 3.781414 3.372472 0.000000 0.000000 0.000000 0.617229 0.786784
99.544572830 3.781718 3.373092 0.000000 0.000000 0.000000 0.617116 0.786872
99.586899042 3.781563 3.373233 0.000000 0.000000 0.000000 0.617171 0.786829
99.684531927 3.781171 3.372478 0.000000 0.000000 0.000000 0.617133 0.786859
99.732462883 3.779393 3.371942 0.000000 0.000000 0.000000 0.617084 0.786897
99.817482233 3.779641 3.371244 0.000000 0.000000 0.000000 0.617249 0.786768
99.865893364 3.779507 3.370121 0.000000 0.000000 0.000000 0.617397 0.786652
99.974117994 3.778817 3.370426 0.000000 0.000000 0.000000 0.617394 0.786654
100.008396149 3.777906 3.369995 0.000000 0.000000 0.000000 0.617290 0.786735
100.099959850 3.778126 3.370168 0.000000 0.000000 0.000000 0.617394 0.786654
100.157341719 3.777144 3.370677 0.000000 0.000000 0.000000 0.617389 0.786658
100.251402378 3.777143 3.370544 0.000000 0.000000 0.000000 0.617359 0.786682
100.296842813 3.775842 3.370052 0.000000 0.000000 0.000000 0.617307 0.786722
100.386153460 3.775462 3.370278 0.000000 0.000000 0.000000 0.617299 0.786729
100.438560963 3.774600 3.369037 0.000000 0.000000 0.000000 0.617431 0.786625
100.523025513 3.774586 3.368878 0.000000 0.000000 0.000000 0.617513 0.786560
100.578892708 3.775385 3.368935 0.000000 0.000000 0.000000 0.617519 0.786556
100.666844606 3.775519 3.368306 0.000000 0.000000 0.000000 0.617489 0.786580
100.717916250 3.775496 3.368060 0.000000 0.000000 0.000000 0.617592 0.786498
100.814438343 3.775182 3.368479 0.000000 0.000000 0.000000 0.617640 0.786461
100.859156370 3.774740 3.368086 0.000000 0.000000 0.000000 0.617449 0.786611
100.952885628 3.775156 3.368608 0.000000 0.000000 0.000000 0.617579 0.786509
101.000487804 3.775612 3.369603 0.000000 0.000000 0.000000 0.617680 0.786430
101.085479736 3.775364 3.370307 0.000000 0.000000 0.000000 0.617646 0.786456
101.136031866 3.776423 3.370829 0.000000 0.000000 0.000000 0.617643 0.786458
101.229514122 3.776856 3.370272 0.000000 0.000000 0.000000 0.617597 0.786495
101.274351120 3.776873 3.370723 0.000000 0.000000 0.000000 0.617717 0.786400
101.373620749 3.777290 3.371257 0.000000 0.000000 0.000000 0.617722 0.786397
101.426921129 3.778216 3.369909 0.000000 0.000000 0.000000 0.617697 0.786416
101.521782160 3.778371 3.370311 0.000000 0.000000 0.000000 0.617778 0.786353
101.570658922 3.778867 3.370569 0.000000 0.000000 0.000000 0.617803 0.786333
101.657437325 3.778501 3.370439 0.000000 0.000000 0.000000 0.617720 0.786398
101.713495970 3.777956 3.370751 0.000000 0.000000 0.000000 0.617718 0.786399
101.799236774 3.777855 3.370579 0.000000 0.000000 0.000000 0.617804 0.786332
101.849389791 3.777806 3.370458 0.000000 0.000000 0.000000 0.617940 0.786225
101.945839167 3.777282 3.370439 0.000000 0.000000 0.000000 0.617948 0.786219
101.999189854 3.777741 3.370040 0.000000 0.000000 0.000000 0.617876 0.786276
102.086042404 3.776557 3.370470 0.000000 0.000000 0.000000 0.617920 0.786241
102.136522293 3.777422 3.369976 0.000000 0.000000 0.000000 0.618060 0.786131
102.221495152 3.777765 3.368998 0.000000 0.000000 0.000000 0.618052 0.786137
102.276251078 3.778334 3.369900 0.000000 0.000000 0.000000 0.618237 0.785992
102.367645025 3.778286 3.370205 0.000000 0.000000 0.000000 0.618284 0.785955
102.423708200 3.779175 3.370323 0.000000 0.000000 0.000000 0.618197 0.786023
102.525077105 3.779507 3.370564 0.000000 0.000000 0.000000 0.618217 0.786007
102.574762106 3.778954 3.370357 0.000000 0.000000 0.000000 0.618283 0.785956
102.674291134 3.779175 3.369105 0.000000 0.000000 0.000000 0.618135 0.786072
