56.000000000 -0.001983 0.997529 0.000000 0.000000 0.000000 -0.008641 0.999963
56.092626333 -0.001341 1.000731 0.000000 0.000000 0.000000 -0.010247 0.999947
56.136488199 -0.000202 0.999198 0.000000 0.000000 0.000000 -0.010288 0.999947
56.234569073 0.001129 0.997068 0.000000 0.000000 0.000000 -0.009936 0.999951
56.291095257 0.000950 0.996974 0.000000 0.000000 0.000000 -0.009999 0.999950
56.384810448 0.000235 0.996529 0.000000 0.000000 0.000000 -0.009963 0.999950
56.432573795 0.000524 0.996999 0.000000 0.000000 0.000000 -0.009930 0.999951
56.517774343 -0.000979 0.996820 0.000000 0.000000 0.000000 -0.010010 0.999950
56.566277504 -0.001214 0.996903 0.000000 0.000000 0.000000 -0.010226 0.999948
56.658776283 -0.001272 0.995523 0.000000 0.000000 0.000000 -0.010249 0.999947
56.719421625 -0.001936 0.995083 0.000000 0.000000 0.000000 -0.010362 0.999946
56.806190968 -0.001883 0.993724 0.000000 0.000000 0.000000 -0.010388 0.999946
56.859033823 -0.000992 0.992368 0.000000 0.000000 0.000000 -0.010108 0.999949
56.956225157 -0.000633 0.992123 0.000000 0.000000 0.000000 -0.010090 0.999949
56.992516994 -0.000547 0.991446 0.000000 0.000000 0.000000 -0.010066 0.999949
57.085117579 0.000187 0.990406 0.000000 0.000000 0.000000 -0.010067 0.999949
57.135342836 -0.000081 0.990218 0.000000 0.000000 0.000000 -0.010347 0.999946
57.226917267 0.001265 0.989478 0.000000 0.000000 0.000000 -0.010210 0.999948
57.280653477 0.001282 0.988658 0.000000 0.000000 0.000000 -0.010093 0.999949
57.376023293 0.001388 0.988141 0.000000 0.000000 0.000000 -0.010126 0.999949
57.421943903 0.000555 0.987934 0.000000 0.000000 0.000000 -0.010280 0.999947
57.506844759 0.000944 0.988344 0.000000 0.000000 0.000000 -0.010365 0.999946
57.561612844 0.001605 0.986461 0.000000 0.000000 0.000000 -0.010481 0.999945
57.661116600 0.001708 0.985942 0.000000 0.000000 0.000000 -0.010450 0.999945
57.713097334 0.001125 0.986629 0.000000 0.000000 0.000000 -0.010431 0.999946
57.818692207 0.001053 0.986199 0.000000 0.000000 0.000000 -0.010509 0.999945
57.857132435 0.001528 0.987291 0.000000 0.000000 0.000000 -0.010488 0.999945
57.942367077 0.001398 0.986961 0.000000 0.000000 0.000000 -0.010278 0.999947
57.993121147 0.002374 0.987152 0.000000 0.000000 0.000000 -0.010130 0.999949
58.084053516 0.002429 0.987350 0.000000 0.000000 0.000000 -0.010166 0.999948
58.134043932 0.002366 0.986699 0.000000 0.000000 0.000000 -0.010224 0.999948
58.226578236 0.003157 0.986901 0.000000 0.000000 0.000000 -0.010018 0.999950
58.278188705 0.003987 0.986170 0.000000 0.000000 0.000000 -0.009999 0.999950
58.375108480 0.004020 0.986238 0.000000 0.000000 0.000000 -0.009885 0.999951
58.432198524 0.004143 0.985919 0.000000 0.000000 0.000000 -0.009889 0.999951
58.513686180 0.003418 0.986578 0.000000 0.000000 0.000000 -0.009770 0.999952
58.577755451 0.002987 0.986360 0.000000 0.000000 0.000000 -0.009866 0.999951
58.663658381 0.002477 0.986228 0.000000 0.000000 0.000000 -0.009929 0.999951
58.721382856 0.001778 0.986019 0.000000 0.000000 0.000000 -0.010023 0.999950
58.811643362 0.002465 0.985056 0.000000 0.000000 0.000000 -0.009959 0.999950
58.859117508 0.003283 0.984906 0.000000 0.000000 0.000000 -0.009847 0.999952
58.954252720 0.003055 0.984485 0.000000 0.000000 0.000000 -0.009784 0.999952
59.016629219 0.003982 0.984424 0.000000 0.000000 0.000000 -0.009655 0.999953
59.106379747 0.003899 0.984121 0.000000 0.000000 0.000000 -0.009578 0.999954
59.158839226 0.004152 0.984050 0.000000 0.000000 0.000000 -0.009732 0.999953
59.239713192 0.003901 0.983826 0.000000 0.000000 0.000000 -0.009835 0.999952
59.295119047 0.003946 0.983922 0.000000 0.000000 0.000000 -0.010074 0.999949
59.400145054 0.003149 0.982529 0.000000 0.000000 0.000000 -0.009998 0.999950
59.447155952 0.002809 0.982413 0.000000 0.000000 0.000000 -0.010175 0.999948
59.543852329 0.002743 0.982219 0.000000 0.000000 0.000000 -0.010190 0.999948
59.590034962 0.002013 0.981810 0.000000 0.000000 0.000000 -0.010157 0.999948
59.665421247 0.002002 0.982755 0.000000 0.000000 0.000000 -0.010177 0.999948
59.720851421 0.003186 0.982958 0.000000 0.000000 0.000000 -0.010410 0.999946
59.805132151 0.003009 0.983191 0.000000 0.000000 0.000000 -0.010656 0.999943
59.860359430 0.003289 0.982895 0.000000 0.000000 0.000000 -0.010657 0.999943
59.957119226 0.004048 0.983778 0.000000 0.000000 0.000000 -0.010787 0.999942
60.005816936 0.004128 0.984315 0.000000 0.000000 0.000000 -0.010932 0.999940
60.089397669 0.004944 0.984696 0.000000 0.000000 0.000000 -0.011030 0.999939
60.138172865 0.004984 0.984062 0.000000 0.000000 0.000000 -0.010989 0.999940
60.220950127 0.005334 0.983802 0.000000 0.000000 0.000000 -0.010939 0.999940
60.272440672 0.005607 0.983253 0.000000 0.000000 0.000000 -0.011032 0.999939
60.365985632 0.005171 0.982522 0.000000 0.000000 0.000000 -0.011014 0.999939
60.419920921 0.003646 0.982347 0.000000 0.000000 0.000000 -0.010962 0.999940
60.517887354 0.003048 0.982496 0.000000 0.000000 0.000000 -0.010894 0.999941
60.576246977 0.002422 0.982403 0.000000 0.000000 0.000000 -0.010906 0.999941
60.661265135 0.001282 0.981977 0.000000 0.000000 0.000000 -0.010870 0.999941
60.720116138 0.000230 0.982412 0.000000 0.000000 0.000000 -0.010711 0.999943
60.806773424 0.001607 0.982277 0.000000 0.000000 0.000000 -0.010867 0.999941
60.856551170 0.001722 0.981867 0.000000 0.000000 0.000000 -0.010893 0.999941
60.954911470 0.001658 0.981174 0.000000 0.000000 0.000000 -0.011071 0.999939
61.012297630 0.001072 0.980379 0.000000 0.000000 0.000000 -0.011088 0.999939
61.109639168 0.000299 0.980901 0.000000 0.000000 0.000000 -0.011028 0.999939
61.157109976 -0.000220 0.980608 0.000000 0.000000 0.000000 -0.011192 0.999937
61.239634752 -0.000699 0.980978 0.000000 0.000000 0.000000 -0.011212 0.999937
61.291578770 0.000056 0.981401 0.000000 0.000000 0.000000 -0.011212 0.999937
61.377224922 -0.001425 0.981897 0.000000 0.000000 0.000000 -0.011186 0.999937
61.424571276 -0.001260 0.982441 0.000000 0.000000 0.000000 -0.011420 0.999935
61.517945051 -0.001401 0.982837 0.000000 0.000000 0.000000 -0.011415 0.999935
61.571182013 -0.001316 0.983861 0.000000 0.000000 0.000000 -0.011431 0.999935
61.674693108 -0.000656 0.984425 0.000000 0.000000 0.000000 -0.011321 0.999936
61.731230259 0.000213 0.984633 0.000000 0.000000 0.000000 -0.011232 0.999937
61.823836803 0.001436 0.985132 0.000000 0.000000 0.000000 -0.011068 0.999939
61.867137194 0.001570 0.985813 0.000000 0.000000 0.000000 -0.010940 0.999940
61.957184315 0.001638 0.986374 0.000000 0.000000 0.000000 -0.011143 0.999938
62.007257462 0.001003 0.987054 0.000000 0.000000 0.000000 -0.011308 0.999936
62.096065044 0.001373 0.987714 0.000000 0.000000 0.000000 -0.011458 0.999934
62.149833441 0.001032 0.988261 0.000000 0.000000 0.000000 -0.011293 0.999936
62.231528997 0.014287 0.987741 0.000000 0.000000 0.000000 -0.011399 0.999935
62.288254261 0.024174 0.986915 0.000000 0.000000 0.000000 -0.011105 0.999938
62.372793436 0.038476 0.986888 0.000000 0.000000 0.000000 -0.010809 0.999942
62.437046528 0.049447 0.986421 0.000000 0.000000 0.000000 -0.010657 0.999943
62.518205643 0.063011 0.986539 0.000000 0.000000 0.000000 -0.010651 0.999943
62.573649645 0.072717 0.986734 0.000000 0.000000 0.000000 -0.010578 0.999944
62.658019066 0.087595 0.985791 0.000000 0.000000 0.000000 -0.010629 0.999944
62.708748341 0.096116 0.984850 0.000000 0.000000 0.000000 -0.010521 0.999945
62.802901506 0.112197 0.984512 0.000000 0.000000 0.000000 -0.010581 0.999944
62.862125397 0.121926 0.984725 0.000000 0.000000 0.000000 -0.010642 0.999943
62.944721937 0.135377 0.983863 0.000000 0.000000 0.000000 -0.010830 0.999941
63.001682520 0.144717 0.983052 0.000000 0.000000 0.000000 -0.010908 0.999941
63.096352816 0.161303 0.982873 0.000000 0.000000 0.000000 -0.010779 0.999942
63.140980959 0.168775 0.982373 0.000000 0.000000 0.000000 -0.010831 0.999941
63.224403381 0.183481 0.980946 0.000000 0.000000 0.000000 -0.010760 0.999942
63.278097630 0.192733 0.980386 0.000000 0.000000 0.000000 -0.010828 0.999941
63.378735542 0.210363 0.979841 0.000000 0.000000 0.000000 -0.010744 0.999942
63.429337263 0.218675 0.979322 0.000000 0.000000 0.000000 -0.010613 0.999944
63.507558107 0.232433 0.979599 0.000000 0.000000 0.000000 -0.010464 0.999945
63.561244726 0.241951 0.979937 0.000000 0.000000 0.000000 -0.010584 0.999944
63.651183605 0.256192 0.978931 0.000000 0.000000 0.000000 -0.010497 0.999945
63.722069025 0.268795 0.979193 0.000000 0.000000 0.000000 -0.010453 0.999945
63.818211794 0.285395 0.978753 0.000000 0.000000 0.000000 -0.010366 0.999946
63.867984533 0.294115 0.978497 0.000000 0.000000 0.000000 -0.010420 0.999946
63.954170942 0.309374 0.977428 0.000000 0.000000 0.000000 -0.010225 0.999948
64.007827759 0.318072 0.975036 0.000000 0.000000 0.000000 -0.010188 0.999948
64.098969221 0.334249 0.974171 0.000000 0.000000 0.000000 -0.010009 0.999950
64.150251389 0.342840 0.974171 0.000000 0.000000 0.000000 -0.009830 0.999952
64.240028858 0.357721 0.973568 0.000000 0.000000 0.000000 -0.009797 0.999952
64.291742325 0.366079 0.973747 0.000000 0.000000 0.000000 -0.009850 0.999951
64.384911537 0.382782 0.973207 0.000000 0.000000 0.000000 -0.009606 0.999954
64.438662767 0.393007 0.973175 0.000000 0.000000 0.000000 -0.009293 0.999957
64.529100657 0.408558 0.973637 0.000000 0.000000 0.000000 -0.009143 0.999958
64.581606388 0.417522 0.973446 0.000000 0.000000 0.000000 -0.009156 0.999958
64.666499376 0.432672 0.973413 0.000000 0.000000 0.000000 -0.009122 0.999958
64.719514608 0.441005 0.973148 0.000000 0.000000 0.000000 -0.009121 0.999958
64.801486015 0.455932 0.971941 0.000000 0.000000 0.000000 -0.008984 0.999960
64.853920698 0.466061 0.971971 0.000000 0.000000 0.000000 -0.009072 0.999959
64.943417788 0.481554 0.970617 0.000000 0.000000 0.000000 -0.009110 0.999959
64.995023489 0.489885 0.970562 0.000000 0.000000 0.000000 -0.008957 0.999960
65.076430798 0.504668 0.969410 0.000000 0.000000 0.000000 -0.008952 0.999960
65.137303352 0.515339 0.968799 0.000000 0.000000 0.000000 -0.008956 0.999960
65.235720634 0.532097 0.968174 0.000000 0.000000 0.000000 -0.008745 0.999962
65.286878586 0.540117 0.967045 0.000000 0.000000 0.000000 -0.008867 0.999961
65.388996363 0.558773 0.967765 0.000000 0.000000 0.000000 -0.008725 0.999962
65.443364143 0.568680 0.967935 0.000000 0.000000 0.000000 -0.008706 0.999962
65.533442974 0.583370 0.967264 0.000000 0.000000 0.000000 -0.008594 0.999963
65.583643198 0.591865 0.966938 0.000000 0.000000 0.000000 -0.008290 0.999966
65.666572094 0.606899 0.966397 0.000000 0.000000 0.000000 -0.008183 0.999967
65.718314648 0.615009 0.966557 0.000000 0.000000 0.000000 -0.008218 0.999966
65.813969851 0.630425 0.966871 0.000000 0.000000 0.000000 -0.008001 0.999968
65.860479355 0.637513 0.967215 0.000000 0.000000 0.000000 -0.007806 0.999970
65.949100494 0.652688 0.966394 0.000000 0.000000 0.000000 -0.007557 0.999971
66.006313324 0.662236 0.965985 0.000000 0.000000 0.000000 -0.007500 0.999972
66.091695070 0.676903 0.965918 0.000000 0.000000 0.000000 -0.007411 0.999973
66.150105000 0.686694 0.964322 0.000000 0.000000 0.000000 -0.007109 0.999975
66.245607138 0.703710 0.963259 0.000000 0.000000 0.000000 -0.006928 0.999976
66.289936066 0.711139 0.961743 0.000000 0.000000 0.000000 -0.006883 0.999976
66.374847174 0.725138 0.961372 0.000000 0.000000 0.000000 -0.006779 0.999977
66.427448988 0.734570 0.961435 0.000000 0.000000 0.000000 -0.006754 0.999977
66.515174389 0.750617 0.961045 0.000000 0.000000 0.000000 -0.006277 0.999980
66.565155268 0.758526 0.960338 0.000000 0.000000 0.000000 -0.006190 0.999981
66.668905973 0.776434 0.960076 0.000000 0.000000 0.000000 -0.006170 0.999981
66.720251560 0.785298 0.959429 0.000000 0.000000 0.000000 -0.006036 0.999982
66.818524122 0.801478 0.958751 0.000000 0.000000 0.000000 -0.005934 0.999982
66.862034321 0.808359 0.957189 0.000000 0.000000 0.000000 -0.005746 0.999983
66.948162079 0.822869 0.956955 0.000000 0.000000 0.000000 -0.005569 0.999984
66.998103142 0.831341 0.957031 0.000000 0.000000 0.000000 -0.005472 0.999985
67.100195885 0.848935 0.957237 0.000000 0.000000 0.000000 -0.005352 0.999986
67.157076359 0.858567 0.957537 0.000000 0.000000 0.000000 -0.005488 0.999985
67.269846916 0.877340 0.956785 0.000000 0.000000 0.000000 -0.005252 0.999986
67.325706720 0.887078 0.956159 0.000000 0.000000 0.000000 -0.005236 0.999986
67.417520761 0.904420 0.955140 0.000000 0.000000 0.000000 -0.005069 0.999987
67.475314379 0.914879 0.954230 0.000000 0.000000 0.000000 -0.004714 0.999989
67.587245464 0.935772 0.954102 0.000000 0.000000 0.000000 -0.004653 0.999989
67.657504320 0.951143 0.954775 0.000000 0.000000 0.000000 -0.004189 0.999991
67.744100571 0.968181 0.954841 0.000000 0.000000 0.000000 -0.004250 0.999991
67.809964418 0.981369 0.955895 0.000000 0.000000 0.000000 -0.004049 0.999992
67.907867193 0.998751 0.955331 0.000000 0.000000 0.000000 -0.003925 0.999992
67.955658197 1.008137 0.955701 0.000000 0.000000 0.000000 -0.003774 0.999993
68.043772697 1.024272 0.956278 0.000000 0.000000 0.000000 -0.003574 0.999994
68.092056751 1.034806 0.957216 0.000000 0.000000 0.000000 -0.003335 0.999994
68.198954105 1.055017 0.957512 0.000000 0.000000 0.000000 -0.003058 0.999995
68.239401817 1.062730 0.957362 0.000000 0.000000 0.000000 -0.003106 0.999995
68.334116697 1.079573 0.957150 0.000000 0.000000 0.000000 -0.002852 0.999996
68.393169165 1.089671 0.958122 0.000000 0.000000 0.000000 -0.002773 0.999996
68.488315105 1.107195 0.958782 0.000000 0.000000 0.000000 -0.002701 0.999996
68.548655272 1.119209 0.958248 0.000000 0.000000 0.000000 -0.002761 0.999996
68.628951550 1.134679 0.957980 0.000000 0.000000 0.000000 -0.002679 0.999996
68.688163757 1.145591 0.958332 0.000000 0.000000 0.000000 -0.002451 0.999997
68.771270037 1.160541 0.957531 0.000000 0.000000 0.000000 -0.002298 0.999997
68.824939728 1.170476 0.957642 0.000000 0.000000 0.000000 -0.002210 0.999998
68.927378178 1.188984 0.957380 0.000000 0.000000 0.000000 -0.002048 0.999998
68.988554239 1.200985 0.956697 0.000000 0.000000 0.000000 -0.001996 0.999998
69.091393948 1.220138 0.956206 0.000000 0.000000 0.000000 -0.001707 0.999999
69.142657280 1.231064 0.956106 0.000000 0.000000 0.000000 -0.001414 0.999999
69.226943970 1.246990 0.955475 0.000000 0.000000 0.000000 -0.001306 0.999999
69.291504383 1.258603 0.955810 0.000000 0.000000 0.000000 -0.001124 0.999999
69.395749092 1.276660 0.954639 0.000000 0.000000 0.000000 -0.000896 1.000000
69.444655418 1.286344 0.955269 0.000000 0.000000 0.000000 -0.000795 1.000000
69.543005466 1.305045 0.955400 0.000000 0.000000 0.000000 -0.000596 1.000000
69.595045090 1.315642 0.954462 0.000000 0.000000 0.000000 -0.000517 1.000000
69.695927858 1.333945 0.955301 0.000000 0.000000 0.000000 -0.000270 1.000000
69.753221989 1.343957 0.955347 0.000000 0.000000 0.000000 -0.000196 1.000000
69.852281094 1.361539 0.955478 0.000000 0.000000 0.000000 0.000030 1.000000
69.909631014 1.370990 0.954490 0.000000 0.000000 0.000000 0.000209 1.000000
70.003495455 1.388465 0.954421 0.000000 0.000000 0.000000 0.000373 1.000000
70.055417776 1.398153 0.954888 0.000000 0.000000 0.000000 0.000577 1.000000
70.137858391 1.412589 0.954832 0.000000 0.000000 0.000000 0.000717 1.000000
70.199167728 1.423267 0.955915 0.000000 0.000000 0.000000 0.000707 1.000000
70.302878618 1.441567 0.956242 0.000000 0.000000 0.000000 0.000860 1.000000
70.369396687 1.455516 0.956986 0.000000 0.000000 0.000000 0.001080 0.999999
70.461210728 1.473628 0.957633 0.000000 0.000000 0.000000 0.001340 0.999999
70.509778738 1.483102 0.957883 0.000000 0.000000 0.000000 0.001404 0.999999
70.599387646 1.498036 0.958892 0.000000 0.000000 0.000000 0.001644 0.999999
70.656033039 1.508095 0.958840 0.000000 0.000000 0.000000 0.001912 0.999998
70.768153429 1.528726 0.959656 0.000000 0.000000 0.000000 0.002226 0.999998
70.815999985 1.537860 0.959104 0.000000 0.000000 0.000000 0.002365 0.999997
70.900581121 1.553320 0.958950 0.000000 0.000000 0.000000 0.002480 0.999997
70.955633402 1.563506 0.958943 0.000000 0.000000 0.000000 0.002500 0.999997
71.042252779 1.579773 0.958338 0.000000 0.000000 0.000000 0.002848 0.999996
71.103641987 1.590766 0.958840 0.000000 0.000000 0.000000 0.003231 0.999995
71.186776161 1.605840 0.960230 0.000000 0.000000 0.000000 0.003637 0.999993
71.250498533 1.617453 0.960409 0.000000 0.000000 0.000000 0.003735 0.999993
71.341936827 1.624098 0.960203 0.000000 0.000000 0.000000 0.010648 0.999943
71.393325806 1.628037 0.961031 0.000000 0.000000 0.000000 0.014421 0.999896
71.487019539 1.632124 0.960591 0.000000 0.000000 0.000000 0.021186 0.999776
71.537977695 1.631289 0.958892 0.000000 0.000000 0.000000 0.024620 0.999697
71.626116753 1.633697 0.957340 0.000000 0.000000 0.000000 0.030592 0.999532
71.682151079 1.636032 0.956988 0.000000 0.000000 0.000000 0.034510 0.999404
71.763496399 1.638469 0.957573 0.000000 0.000000 0.000000 0.040510 0.999179
71.820455313 1.638098 0.956879 0.000000 0.000000 0.000000 0.044557 0.999007
71.918866396 1.642287 0.956219 0.000000 0.000000 0.000000 0.052250 0.998634
71.975845575 1.643302 0.954587 0.000000 0.000000 0.000000 0.055930 0.998435
72.068582535 1.645956 0.952537 0.000000 0.000000 0.000000 0.062130 0.998068
72.122643709 1.645945 0.951725 0.000000 0.000000 0.000000 0.065558 0.997849
72.217851877 1.658940 0.953521 0.000000 0.000000 0.000000 0.065418 0.997858
72.265589714 1.665127 0.954880 0.000000 0.000000 0.000000 0.065441 0.997856
72.354194641 1.680518 0.955522 0.000000 0.000000 0.000000 0.065861 0.997829
72.403216600 1.688713 0.955731 0.000000 0.000000 0.000000 0.066034 0.997817
72.504085302 1.707024 0.958790 0.000000 0.000000 0.000000 0.066262 0.997802
72.559812546 1.718769 0.960827 0.000000 0.000000 0.000000 0.066305 0.997799
72.641114473 1.733542 0.963109 0.000000 0.000000 0.000000 0.066632 0.997778
72.695553064 1.744703 0.964421 0.000000 0.000000 0.000000 0.066763 0.997769
72.784453154 1.760913 0.966854 0.000000 0.000000 0.000000 0.067032 0.997751
72.839464188 1.765607 0.966833 0.000000 0.000000 0.000000 0.070969 0.997479
72.931765556 1.769341 0.966437 0.000000 0.000000 0.000000 0.077253 0.997012
72.986810684 1.771781 0.966166 0.000000 0.000000 0.000000 0.081200 0.996698
73.071648121 1.774969 0.965023 0.000000 0.000000 0.000000 0.087139 0.996196
73.129702330 1.774730 0.963601 0.000000 0.000000 0.000000 0.091251 0.995828
73.227200508 1.776680 0.964002 0.000000 0.000000 0.000000 0.098319 0.995155
73.271549940 1.777414 0.964134 0.000000 0.000000 0.000000 0.101399 0.994846
73.365193605 1.791982 0.966732 0.000000 0.000000 0.000000 0.101494 0.994836
73.410813332 1.799601 0.968446 0.000000 0.000000 0.000000 0.101634 0.994822
73.495560646 1.814109 0.970982 0.000000 0.000000 0.000000 0.101678 0.994817
73.549853325 1.826890 0.975171 0.000000 0.000000 0.000000 0.101984 0.994786
73.635336399 1.843094 0.978562 0.000000 0.000000 0.000000 0.102043 0.994780
73.700213671 1.855532 0.980385 0.000000 0.000000 0.000000 0.102070 0.994777
73.794411182 1.872663 0.984011 0.000000 0.000000 0.000000 0.102111 0.994773
73.851395130 1.883994 0.986795 0.000000 0.000000 0.000000 0.102333 0.994750
73.934927464 1.902521 0.991043 0.000000 0.000000 0.000000 0.102463 0.994737
73.994324923 1.907168 0.993018 0.000000 0.000000 0.000000 0.106884 0.994271
74.076428652 1.912146 0.993791 0.000000 0.000000 0.000000 0.112882 0.993608
74.138641834 1.914217 0.994050 0.000000 0.000000 0.000000 0.116999 0.993132
74.232690811 1.916196 0.994788 0.000000 0.000000 0.000000 0.124035 0.992278
74.284757137 1.916675 0.994027 0.000000 0.000000 0.000000 0.127669 0.991817
74.368963718 1.919648 0.993783 0.000000 0.000000 0.000000 0.133739 0.991017
74.424954653 1.922466 0.992661 0.000000 0.000000 0.000000 0.137498 0.990502
74.512892008 1.925731 0.991373 0.000000 0.000000 0.000000 0.143699 0.989621
74.568120718 1.932772 0.991992 0.000000 0.000000 0.000000 0.143482 0.989653
74.659038782 1.946181 0.995885 0.000000 0.000000 0.000000 0.143681 0.989624
74.720528126 1.956470 0.998747 0.000000 0.000000 0.000000 0.143657 0.989628
74.807915449 1.972267 1.003688 0.000000 0.000000 0.000000 0.143839 0.989601
74.867791891 1.984577 1.006681 0.000000 0.000000 0.000000 0.143774 0.989611
74.956265450 2.000595 1.011206 0.000000 0.000000 0.000000 0.144017 0.989575
75.006022692 2.010775 1.014077 0.000000 0.000000 0.000000 0.144253 0.989541
75.093890429 2.026024 1.019519 0.000000 0.000000 0.000000 0.144463 0.989510
75.151803017 2.036016 1.022647 0.000000 0.000000 0.000000 0.144286 0.989536
75.237923384 2.050235 1.027616 0.000000 0.000000 0.000000 0.144168 0.989553
75.289012432 2.061016 1.030610 0.000000 0.000000 0.000000 0.144078 0.989566
75.377345324 2.077505 1.035812 0.000000 0.000000 0.000000 0.144120 0.989560
75.433693886 2.088331 1.038951 0.000000 0.000000 0.000000 0.144200 0.989549
75.537194490 2.106218 1.045681 0.000000 0.000000 0.000000 0.144333 0.989529
75.586070776 2.115222 1.047461 0.000000 0.000000 0.000000 0.144272 0.989538
75.689361572 2.133187 1.052756 0.000000 0.000000 0.000000 0.144448 0.989512
75.744805098 2.143497 1.057241 0.000000 0.000000 0.000000 0.144433 0.989515
75.826009274 2.158194 1.060779 0.000000 0.000000 0.000000 0.144704 0.989475
75.899021864 2.162432 1.062308 0.000000 0.000000 0.000000 0.150133 0.988666
75.992537260 2.167442 1.062391 0.000000 0.000000 0.000000 0.156806 0.987629
76.056124210 2.168761 1.063853 0.000000 0.000000 0.000000 0.161240 0.986915
76.141805172 2.171900 1.063329 0.000000 0.000000 0.000000 0.167387 0.985891
76.196712971 2.173061 1.062744 0.000000 0.000000 0.000000 0.171426 0.985197
76.279946327 2.177914 1.063104 0.000000 0.000000 0.000000 0.177579 0.984107
76.336917877 2.180174 1.061836 0.000000 0.000000 0.000000 0.181642 0.983365
76.431858301 2.184570 1.061176 0.000000 0.000000 0.000000 0.188466 0.982080
76.487337351 2.190611 1.064614 0.000000 0.000000 0.000000 0.188088 0.982152
76.576975346 2.203246 1.070518 0.000000 0.000000 0.000000 0.188090 0.982152
76.635664701 2.213590 1.075063 0.000000 0.000000 0.000000 0.188046 0.982160
76.736702204 2.231966 1.082280 0.000000 0.000000 0.000000 0.188112 0.982148
76.784813404 2.241631 1.085841 0.000000 0.000000 0.000000 0.188081 0.982153
76.872728825 2.256195 1.092202 0.000000 0.000000 0.000000 0.188110 0.982148
76.940669060 2.267639 1.096188 0.000000 0.000000 0.000000 0.188238 0.982124
77.039191484 2.284621 1.103940 0.000000 0.000000 0.000000 0.188298 0.982112
77.091496944 2.294738 1.108426 0.000000 0.000000 0.000000 0.188484 0.982076
77.178045034 2.301064 1.109925 0.000000 0.000000 0.000000 0.194476 0.980907
77.233334064 2.304972 1.110636 0.000000 0.000000 0.000000 0.197977 0.980207
77.321522951 2.308438 1.110919 0.000000 0.000000 0.000000 0.203948 0.978982
77.385615587 2.310443 1.109748 0.000000 0.000000 0.000000 0.207992 0.978130
77.482558012 2.323535 1.114775 0.000000 0.000000 0.000000 0.207805 0.978170
77.535058022 2.332289 1.117932 0.000000 0.000000 0.000000 0.207758 0.978180
77.635596514 2.349762 1.126171 0.000000 0.000000 0.000000 0.207864 0.978158
77.687636852 2.358589 1.128837 0.000000 0.000000 0.000000 0.207990 0.978131
77.783472538 2.374254 1.135492 0.000000 0.000000 0.000000 0.208036 0.978121
77.833787918 2.382452 1.139659 0.000000 0.000000 0.000000 0.208076 0.978113
77.940711260 2.400009 1.146906 0.000000 0.000000 0.000000 0.208185 0.978090
77.985099792 2.408111 1.151349 0.000000 0.000000 0.000000 0.208044 0.978120
78.074628830 2.424225 1.158331 0.000000 0.000000 0.000000 0.208009 0.978127
78.126539230 2.433806 1.163368 0.000000 0.000000 0.000000 0.208213 0.978083
78.225707769 2.440286 1.165256 0.000000 0.000000 0.000000 0.215358 0.976535
78.287621975 2.442958 1.166717 0.000000 0.000000 0.000000 0.219932 0.975515
78.371752024 2.455447 1.169908 0.000000 0.000000 0.000000 0.220125 0.975472
78.425225496 2.463399 1.171699 0.000000 0.000000 0.000000 0.220257 0.975442
78.525620699 2.477578 1.179285 0.000000 0.000000 0.000000 0.220262 0.975441
78.588539600 2.488061 1.183362 0.000000 0.000000 0.000000 0.220335 0.975424
78.670593977 2.500901 1.189158 0.000000 0.000000 0.000000 0.220420 0.975405
78.735427380 2.511521 1.193518 0.000000 0.000000 0.000000 0.220126 0.975471
78.827690363 2.527047 1.199712 0.000000 0.000000 0.000000 0.220102 0.975477
78.889282465 2.538977 1.205499 0.000000 0.000000 0.000000 0.220430 0.975403
78.986895561 2.554308 1.211265 0.000000 0.000000 0.000000 0.220576 0.975370
79.038242817 2.562968 1.215178 0.000000 0.000000 0.000000 0.220591 0.975366
79.133278370 2.568988 1.217649 0.000000 0.000000 0.000000 0.227388 0.973804
79.188038111 2.572441 1.216766 0.000000 0.000000 0.000000 0.230303 0.973119
79.274859905 2.575995 1.216968 0.000000 0.000000 0.000000 0.236356 0.971667
79.325020790 2.582200 1.218580 0.000000 0.000000 0.000000 0.236526 0.971625
79.419587612 2.596980 1.225192 0.000000 0.000000 0.000000 0.236477 0.971637
79.476016521 2.605701 1.227792 0.000000 0.000000 0.000000 0.236594 0.971609
79.572896481 2.621445 1.234264 0.000000 0.000000 0.000000 0.236927 0.971528
79.625355482 2.630126 1.237088 0.000000 0.000000 0.000000 0.237003 0.971509
79.715934038 2.643771 1.243865 0.000000 0.000000 0.000000 0.237179 0.971466
79.766192913 2.651849 1.248131 0.000000 0.000000 0.000000 0.236952 0.971521
79.851100206 2.666885 1.254479 0.000000 0.000000 0.000000 0.236953 0.971521
79.911969662 2.675648 1.258460 0.000000 0.000000 0.000000 0.236965 0.971518
80.005322218 2.691085 1.266114 0.000000 0.000000 0.000000 0.237029 0.971503
80.049822092 2.697241 1.270369 0.000000 0.000000 0.000000 0.236909 0.971532
80.144307137 2.710720 1.278028 0.000000 0.000000 0.000000 0.236953 0.971521
80.194717646 2.719251 1.281661 0.000000 0.000000 0.000000 0.236816 0.971555
80.283586025 2.724205 1.283818 0.000000 0.000000 0.000000 0.242649 0.970114
80.339012861 2.726030 1.285510 0.000000 0.000000 0.000000 0.246267 0.969202
80.432806969 2.729701 1.286992 0.000000 0.000000 0.000000 0.252834 0.967510
80.481657505 2.730864 1.285499 0.000000 0.000000 0.000000 0.256046 0.966665
80.570667744 2.733769 1.284002 0.000000 0.000000 0.000000 0.261847 0.965109
80.629180193 2.736310 1.283002 0.000000 0.000000 0.000000 0.265642 0.964072
80.725515127 2.739629 1.282751 0.000000 0.000000 0.000000 0.272208 0.962239
80.785824299 2.741112 1.280662 0.000000 0.000000 0.000000 0.276057 0.961141
80.885531425 2.743236 1.279354 0.000000 0.000000 0.000000 0.283262 0.959043
80.931448936 2.744024 1.277675 0.000000 0.000000 0.000000 0.286039 0.958218
81.023196459 2.756720 1.282063 0.000000 0.000000 0.000000 0.286085 0.958204
81.074112654 2.763775 1.284991 0.000000 0.000000 0.000000 0.286055 0.958213
81.169610262 2.778408 1.293648 0.000000 0.000000 0.000000 0.285545 0.958365
81.221564293 2.788270 1.298880 0.000000 0.000000 0.000000 0.285428 0.958400
81.317089081 2.803549 1.308639 0.000000 0.000000 0.000000 0.285440 0.958397
81.373459816 2.811072 1.314016 0.000000 0.000000 0.000000 0.285437 0.958397
81.468533754 2.824580 1.322989 0.000000 0.000000 0.000000 0.285482 0.958384
81.523016691 2.833442 1.329398 0.000000 0.000000 0.000000 0.285531 0.958370
81.598726511 2.846680 1.337553 0.000000 0.000000 0.000000 0.285436 0.958398
81.657386780 2.851055 1.339909 0.000000 0.000000 0.000000 0.288992 0.957332
81.743980408 2.856289 1.342637 0.000000 0.000000 0.000000 0.294337 0.955702
81.802433014 2.858767 1.342846 0.000000 0.000000 0.000000 0.297995 0.954567
81.892469883 2.861514 1.341904 0.000000 0.000000 0.000000 0.304150 0.952624
81.951400280 2.863863 1.339324 0.000000 0.000000 0.000000 0.308264 0.951301
82.051398516 2.866346 1.340632 0.000000 0.000000 0.000000 0.315299 0.948992
82.098116398 2.867287 1.340662 0.000000 0.000000 0.000000 0.318222 0.948016
82.188131332 2.877177 1.346754 0.000000 0.000000 0.000000 0.318177 0.948031
82.248149872 2.884413 1.349858 0.000000 0.000000 0.000000 0.318053 0.948073
82.336132288 2.896084 1.356994 0.000000 0.000000 0.000000 0.317748 0.948175
82.396090031 2.904326 1.363411 0.000000 0.000000 0.000000 0.317843 0.948143
82.493404388 2.918659 1.374471 0.000000 0.000000 0.000000 0.318103 0.948056
82.545469284 2.927358 1.381407 0.000000 0.000000 0.000000 0.318221 0.948017
82.645762682 2.941873 1.393027 0.000000 0.000000 0.000000 0.318142 0.948043
82.703368902 2.950510 1.398187 0.000000 0.000000 0.000000 0.318123 0.948049
82.786747932 2.963087 1.406882 0.000000 0.000000 0.000000 0.318118 0.948051
82.854153395 2.974011 1.413905 0.000000 0.000000 0.000000 0.318136 0.948045
82.943068027 2.986636 1.423961 0.000000 0.000000 0.000000 0.318173 0.948033
83.009804964 2.997299 1.432615 0.000000 0.000000 0.000000 0.318266 0.948002
83.085191727 3.008959 1.440868 0.000000 0.000000 0.000000 0.318330 0.947980
83.153803349 3.019376 1.447802 0.000000 0.000000 0.000000 0.318486 0.947928
83.241653681 3.030928 1.456611 0.000000 0.000000 0.000000 0.318262 0.948003
83.297069788 3.033968 1.459162 0.000000 0.000000 0.000000 0.321515 0.946905
83.389735460 3.038030 1.460643 0.000000 0.000000 0.000000 0.327825 0.944739
83.453119040 3.039721 1.459972 0.000000 0.000000 0.000000 0.332189 0.943213
83.537900448 3.042595 1.460102 0.000000 0.000000 0.000000 0.337697 0.941255
83.597048283 3.043247 1.459182 0.000000 0.000000 0.000000 0.341339 0.939940
83.717325926 3.045539 1.459736 0.000000 0.000000 0.000000 0.349706 0.936859
83.749479055 3.045180 1.458155 0.000000 0.000000 0.000000 0.351417 0.936219
83.838826418 3.048802 1.458747 0.000000 0.000000 0.000000 0.356906 0.934140
83.901724577 3.050011 1.457980 0.000000 0.000000 0.000000 0.360593 0.932723
83.992516994 3.052973 1.456630 0.000000 0.000000 0.000000 0.366038 0.930600
84.051721573 3.052657 1.453492 0.000000 0.000000 0.000000 0.369693 0.929154
84.156426907 3.054786 1.452189 0.000000 0.000000 0.000000 0.376933 0.926240
84.200500965 3.054363 1.449647 0.000000 0.000000 0.000000 0.379501 0.925191
84.283172131 3.064005 1.457122 0.000000 0.000000 0.000000 0.379412 0.925228
84.341853619 3.071072 1.464321 0.000000 0.000000 0.000000 0.379378 0.925242
84.440338135 3.084131 1.475946 0.000000 0.000000 0.000000 0.379197 0.925316
84.490278244 3.092329 1.481589 0.000000 0.000000 0.000000 0.379216 0.925308
84.590413809 3.104518 1.493358 0.000000 0.000000 0.000000 0.379161 0.925331
84.637861252 3.106671 1.495496 0.000000 0.000000 0.000000 0.382159 0.924097
84.731191397 3.110094 1.498512 0.000000 0.000000 0.000000 0.388206 0.921573
84.795961142 3.113119 1.498828 0.000000 0.000000 0.000000 0.392211 0.919875
84.885035038 3.116482 1.498607 0.000000 0.000000 0.000000 0.397978 0.917395
84.942189693 3.120210 1.503015 0.000000 0.000000 0.000000 0.397581 0.917567
85.035698891 3.129632 1.513950 0.000000 0.000000 0.000000 0.397655 0.917535
85.087255955 3.134881 1.520716 0.000000 0.000000 0.000000 0.397526 0.917591
85.177431345 3.144178 1.532425 0.000000 0.000000 0.000000 0.397624 0.917549
85.234461546 3.151129 1.541372 0.000000 0.000000 0.000000 0.397757 0.917491
85.317269802 3.161471 1.552013 0.000000 0.000000 0.000000 0.397685 0.917522
85.371974707 3.167623 1.559086 0.000000 0.000000 0.000000 0.397718 0.917508
85.478625298 3.171765 1.561690 0.000000 0.000000 0.000000 0.404748 0.914428
85.528799295 3.173848 1.561101 0.000000 0.000000 0.000000 0.408031 0.912968
85.623463392 3.177162 1.561724 0.000000 0.000000 0.000000 0.414099 0.910232
85.673765659 3.179172 1.560358 0.000000 0.000000 0.000000 0.416735 0.909028
85.763669968 3.188347 1.567221 0.000000 0.000000 0.000000 0.416709 0.909040
85.820935726 3.194053 1.571221 0.000000 0.000000 0.000000 0.416659 0.909063
85.910727024 3.203309 1.581747 0.000000 0.000000 0.000000 0.416555 0.909111
85.964876890 3.209677 1.589008 0.000000 0.000000 0.000000 0.416528 0.909123
86.051109076 3.219676 1.601001 0.000000 0.000000 0.000000 0.416541 0.909117
86.103527308 3.227019 1.610059 0.000000 0.000000 0.000000 0.416563 0.909107
86.201452255 3.238159 1.624060 0.000000 0.000000 0.000000 0.416847 0.908977
86.242657185 3.244162 1.630984 0.000000 0.000000 0.000000 0.416885 0.908959
86.334985495 3.255906 1.644318 0.000000 0.000000 0.000000 0.416890 0.908957
86.382092714 3.258933 1.646598 0.000000 0.000000 0.000000 0.419990 0.907529
86.472083092 3.263044 1.649099 0.000000 0.000000 0.000000 0.425546 0.904937
86.523828268 3.265141 1.649305 0.000000 0.000000 0.000000 0.428240 0.903665
86.615870237 3.267283 1.650659 0.000000 0.000000 0.000000 0.434040 0.900893
86.670076370 3.266016 1.649768 0.000000 0.000000 0.000000 0.437333 0.899300
86.774803400 3.276655 1.659956 0.000000 0.000000 0.000000 0.437296 0.899318
86.820199966 3.280959 1.662777 0.000000 0.000000 0.000000 0.437390 0.899272
86.919469357 3.290986 1.676247 0.000000 0.000000 0.000000 0.437300 0.899316
86.967871189 3.296841 1.682883 0.000000 0.000000 0.000000 0.437181 0.899373
87.056761026 3.307729 1.695424 0.000000 0.000000 0.000000 0.436928 0.899497
87.109259605 3.314483 1.703589 0.000000 0.000000 0.000000 0.437095 0.899415
87.192007065 3.323985 1.715176 0.000000 0.000000 0.000000 0.437268 0.899331
87.253980637 3.332357 1.723963 0.000000 0.000000 0.000000 0.437420 0.899258
87.349741697 3.337353 1.727025 0.000000 0.000000 0.000000 0.443741 0.896155
87.405018091 3.340262 1.727578 0.000000 0.000000 0.000000 0.447194 0.894437
87.485984564 3.342703 1.728497 0.000000 0.000000 0.000000 0.452153 0.891941
87.543567896 3.343109 1.727948 0.000000 0.000000 0.000000 0.455553 0.890208
87.634330273 3.344998 1.727837 0.000000 0.000000 0.000000 0.461114 0.887341
87.686902761 3.346114 1.725467 0.000000 0.000000 0.000000 0.464325 0.885665
87.787247896 3.347806 1.724647 0.000000 0.000000 0.000000 0.470364 0.882472
87.837472916 3.351229 1.727301 0.000000 0.000000 0.000000 0.470404 0.882451
87.916748285 3.357281 1.737988 0.000000 0.000000 0.000000 0.470218 0.882550
87.986268759 3.364297 1.747784 0.000000 0.000000 0.000000 0.470306 0.882504
88.086726427 3.373488 1.761668 0.000000 0.000000 0.000000 0.470442 0.882431
88.150101423 3.380242 1.770344 0.000000 0.000000 0.000000 0.470459 0.882422
88.240933418 3.382510 1.773766 0.000000 0.000000 0.000000 0.476218 0.879327
88.297403812 3.384890 1.776714 0.000000 0.000000 0.000000 0.479648 0.877461
88.386169910 3.388320 1.778512 0.000000 0.000000 0.000000 0.485000 0.874514
88.450335503 3.389660 1.778863 0.000000 0.000000 0.000000 0.488777 0.872409
88.535275698 3.390900 1.780070 0.000000 0.000000 0.000000 0.493935 0.869499
88.605426788 3.390121 1.780716 0.000000 0.000000 0.000000 0.498174 0.867077
88.683759212 3.390805 1.781026 0.000000 0.000000 0.000000 0.502965 0.864307
88.750116110 3.395403 1.786098 0.000000 0.000000 0.000000 0.502769 0.864421
88.851769447 3.405203 1.802040 0.000000 0.000000 0.000000 0.502623 0.864506
88.916266441 3.411200 1.812948 0.000000 0.000000 0.000000 0.502474 0.864592
89.002526760 3.419022 1.826119 0.000000 0.000000 0.000000 0.502460 0.864600
89.057895184 3.424188 1.833393 0.000000 0.000000 0.000000 0.502496 0.864579
89.140100241 3.431450 1.845349 0.000000 0.000000 0.000000 0.502625 0.864504
89.195465088 3.433250 1.849462 0.000000 0.000000 0.000000 0.505838 0.862628
89.289087772 3.435915 1.852667 0.000000 0.000000 0.000000 0.511494 0.859287
89.344048738 3.435735 1.852521 0.000000 0.000000 0.000000 0.514860 0.857274
89.440391302 3.437061 1.853966 0.000000 0.000000 0.000000 0.520665 0.853761
89.492968559 3.437322 1.853178 0.000000 0.000000 0.000000 0.523874 0.851796
89.607647657 3.444535 1.867311 0.000000 0.000000 0.000000 0.523933 0.851759
89.672281504 3.448512 1.874756 0.000000 0.000000 0.000000 0.523989 0.851725
89.768073082 3.456237 1.889177 0.000000 0.000000 0.000000 0.524055 0.851684
89.829360723 3.461086 1.898699 0.000000 0.000000 0.000000 0.524146 0.851628
89.918611765 3.467533 1.910170 0.000000 0.000000 0.000000 0.524228 0.851578
89.983339548 3.474079 1.919962 0.000000 0.000000 0.000000 0.524272 0.851551
90.075467348 3.482502 1.934218 0.000000 0.000000 0.000000 0.524268 0.851553
90.136802912 3.489011 1.945323 0.000000 0.000000 0.000000 0.524162 0.851619
90.217718840 3.496084 1.959044 0.000000 0.000000 0.000000 0.524196 0.851597
90.282570362 3.502114 1.969158 0.000000 0.000000 0.000000 0.524450 0.851441
90.377734184 3.510689 1.983642 0.000000 0.000000 0.000000 0.524627 0.851332
90.428593874 3.515073 1.991912 0.000000 0.000000 0.000000 0.524738 0.851264
90.510604858 3.522930 2.006015 0.000000 0.000000 0.000000 0.524776 0.851240
90.568803549 3.528564 2.016661 0.000000 0.000000 0.000000 0.524818 0.851214
90.669097900 3.537686 2.033442 0.000000 0.000000 0.000000 0.524710 0.851281
90.734403133 3.542751 2.044262 0.000000 0.000000 0.000000 0.524805 0.851222
90.817264557 3.550755 2.057684 0.000000 0.000000 0.000000 0.524880 0.851176
90.874949217 3.555355 2.065947 0.000000 0.000000 0.000000 0.525075 0.851056
90.977848291 3.565728 2.082802 0.000000 0.000000 0.000000 0.524965 0.851124
91.038990498 3.571607 2.094417 0.000000 0.000000 0.000000 0.524870 0.851183
91.132968187 3.580022 2.110004 0.000000 0.000000 0.000000 0.525005 0.851099
91.184181929 3.584590 2.118174 0.000000 0.000000 0.000000 0.524800 0.851226
91.277483940 3.592266 2.132856 0.000000 0.000000 0.000000 0.524786 0.851234
91.333750963 3.596434 2.140395 0.000000 0.000000 0.000000 0.524752 0.851255
91.435931683 3.604641 2.156194 0.000000 0.000000 0.000000 0.524779 0.851238
91.490885019 3.609281 2.166084 0.000000 0.000000 0.000000 0.524733 0.851267
91.596405983 3.617573 2.182964 0.000000 0.000000 0.000000 0.524735 0.851266
91.657889366 3.622703 2.192930 0.000000 0.000000 0.000000 0.524770 0.851244
91.744920015 3.629445 2.205836 0.000000 0.000000 0.000000 0.524927 0.851147
91.803375244 3.635254 2.213873 0.000000 0.000000 0.000000 0.525008 0.851097
91.889576912 3.642299 2.228711 0.000000 0.000000 0.000000 0.525089 0.851047
91.950321198 3.648471 2.240731 0.000000 0.000000 0.000000 0.525106 0.851037
92.040585995 3.657027 2.257066 0.000000 0.000000 0.000000 0.525162 0.851002
92.095539570 3.661867 2.266715 0.000000 0.000000 0.000000 0.525347 0.850888
92.180634975 3.669127 2.278928 0.000000 0.000000 0.000000 0.525411 0.850848
92.233907700 3.673076 2.286723 0.000000 0.000000 0.000000 0.525476 0.850808
92.324627161 3.679652 2.300700 0.000000 0.000000 0.000000 0.525636 0.850710
92.377721786 3.684100 2.310662 0.000000 0.000000 0.000000 0.525521 0.850781
92.477380037 3.692091 2.326497 0.000000 0.000000 0.000000 0.525639 0.850708
92.527386665 3.697078 2.334931 0.000000 0.000000 0.000000 0.525590 0.850738
92.615924358 3.705122 2.348659 0.000000 0.000000 0.000000 0.525760 0.850633
92.672314167 3.710552 2.357811 0.000000 0.000000 0.000000 0.525784 0.850618
92.773890257 3.718419 2.373570 0.000000 0.000000 0.000000 0.525740 0.850645
92.833395958 3.724769 2.385305 0.000000 0.000000 0.000000 0.525604 0.850729
92.924817085 3.731756 2.400792 0.000000 0.000000 0.000000 0.525781 0.850620
92.988978386 3.737936 2.411612 0.000000 0.000000 0.000000 0.525971 0.850502
93.100240469 3.747762 2.430181 0.000000 0.000000 0.000000 0.526051 0.850453
93.152472734 3.752166 2.438671 0.000000 0.000000 0.000000 0.526251 0.850329
93.248969555 3.760258 2.453365 0.000000 0.000000 0.000000 0.526257 0.850325
93.302347898 3.763423 2.463184 0.000000 0.000000 0.000000 0.526486 0.850184
93.402684212 3.771719 2.479694 0.000000 0.000000 0.000000 0.526476 0.850190
93.454676867 3.775035 2.487038 0.000000 0.000000 0.000000 0.526259 0.850324
93.552758694 3.782617 2.502651 0.000000 0.000000 0.000000 0.526381 0.850249
93.613630056 3.787429 2.511949 0.000000 0.000000 0.000000 0.526509 0.850169
93.707502604 3.794545 2.528556 0.000000 0.000000 0.000000 0.526465 0.850197
93.764230251 3.800509 2.538958 0.000000 0.000000 0.000000 0.526524 0.850160
93.873910427 3.809743 2.556860 0.000000 0.000000 0.000000 0.526642 0.850087
93.914932251 3.814111 2.563169 0.000000 0.000000 0.000000 0.526665 0.850073
94.005584240 3.821179 2.575669 0.000000 0.000000 0.000000 0.526895 0.849930
94.060539484 3.825295 2.584196 0.000000 0.000000 0.000000 0.526861 0.849951
94.156020403 3.833118 2.599946 0.000000 0.000000 0.000000 0.526918 0.849916
94.210253716 3.838243 2.609247 0.000000 0.000000 0.000000 0.526853 0.849956
94.306135893 3.845651 2.624974 0.000000 0.000000 0.000000 0.527051 0.849834
94.372974396 3.851396 2.635515 0.000000 0.000000 0.000000 0.527013 0.849857
94.471097946 3.858733 2.650041 0.000000 0.000000 0.000000 0.526971 0.849883
94.529613972 3.864426 2.658502 0.000000 0.000000 0.000000 0.527042 0.849839
94.627149820 3.873590 2.674399 0.000000 0.000000 0.000000 0.526897 0.849929
94.671769142 3.878143 2.682707 0.000000 0.000000 0.000000 0.526956 0.849893
94.763330460 3.885624 2.698189 0.000000 0.000000 0.000000 0.526753 0.850018
94.822440624 3.891002 2.708245 0.000000 0.000000 0.000000 0.526942 0.849901
94.912670851 3.898802 2.721435 0.000000 0.000000 0.000000 0.527172 0.849758
94.978972197 3.905391 2.732783 0.000000 0.000000 0.000000 0.527333 0.849658
95.068254471 3.913947 2.750276 0.000000 0.000000 0.000000 0.527149 0.849773
95.123470068 3.918865 2.761536 0.000000 0.000000 0.000000 0.527180 0.849754
95.210581541 3.926232 2.775827 0.000000 0.000000 0.000000 0.527224 0.849726
95.261231899 3.930280 2.784231 0.000000 0.000000 0.000000 0.527340 0.849654
95.358219862 3.939080 2.798544 0.000000 0.000000 0.000000 0.527363 0.849640
95.405269146 3.944042 2.805591 0.000000 0.000000 0.000000 0.527407 0.849613
95.495450497 3.945522 2.807005 0.000000 0.000000 0.000000 0.527199 0.849742
95.556711435 3.946070 2.808430 0.000000 0.000000 0.000000 0.527051 0.849834
95.654532194 3.947601 2.810304 0.000000 0.000000 0.000000 0.527122 0.849790
95.718507051 3.947803 2.810091 0.000000 0.000000 0.000000 0.527023 0.849851
95.809733868 3.948549 2.808690 0.000000 0.000000 0.000000 0.526941 0.849902
95.869915009 3.948722 2.806927 0.000000 0.000000 0.000000 0.526801 0.849989
95.968504429 3.948955 2.805547 0.000000 0.000000 0.000000 0.526782 0.850001
96.013655424 3.949812 2.805854 0.000000 0.000000 0.000000 0.526589 0.850120
96.105460644 3.950346 2.805818 0.000000 0.000000 0.000000 0.526482 0.850186
96.151817083 3.950893 2.804355 0.000000 0.000000 0.000000 0.526375 0.850252
96.249305487 3.952154 2.802774 0.000000 0.000000 0.000000 0.526382 0.850248
96.313171148 3.952036 2.802222 0.000000 0.000000 0.000000 0.526392 0.850242
96.411842108 3.953108 2.801738 0.000000 0.000000 0.000000 0.526353 0.850266
96.483254194 3.952537 2.801630 0.000000 0.000000 0.000000 0.526240 0.850336
96.576039553 3.953238 2.801450 0.000000 0.000000 0.000000 0.526091 0.850428
96.634468794 3.953118 2.801598 0.000000 0.000000 0.000000 0.526100 0.850423
96.723625898 3.953078 2.801356 0.000000 0.000000 0.000000 0.526134 0.850402
96.781600475 3.953574 2.800553 0.000000 0.000000 0.000000 0.526120 0.850410
96.866395235 3.953473 2.800590 0.000000 0.000000 0.000000 0.526192 0.850366
96.921135187 3.952689 2.801804 0.000000 0.000000 0.000000 0.526238 0.850337
97.019036293 3.952423 2.801935 0.000000 0.000000 0.000000 0.526214 0.850352
97.060910940 3.951488 2.801190 0.000000 0.000000 0.000000 0.526072 0.850440
97.153807163 3.951349 2.801582 0.000000 0.000000 0.000000 0.526133 0.850402
97.211027622 3.950832 2.800884 0.000000 0.000000 0.000000 0.525997 0.850486
97.305245876 3.949411 2.800852 0.000000 0.000000 0.000000 0.525847 0.850579
97.364989996 3.949107 2.799765 0.000000 0.000000 0.000000 0.525716 0.850660
97.465471268 3.948834 2.799728 0.000000 0.000000 0.000000 0.525702 0.850669
97.531141281 3.948356 2.799433 0.000000 0.000000 0.000000 0.525607 0.850727
97.607466698 3.948173 2.799257 0.000000 0.000000 0.000000 0.525682 0.850681
97.670571327 3.947838 2.798956 0.000000 0.000000 0.000000 0.525915 0.850537
97.761371374 3.946742 2.797862 0.000000 0.000000 0.000000 0.525870 0.850565
97.826786518 3.946622 2.797893 0.000000 0.000000 0.000000 0.525737 0.850647
97.904732704 3.946170 2.798435 0.000000 0.000000 0.000000 0.525463 0.850817
97.972033739 3.944907 2.798643 0.000000 0.000000 0.000000 0.525388 0.850862
98.065672398 3.945113 2.797773 0.000000 0.000000 0.000000 0.525549 0.850763
98.120881319 3.944795 2.799131 0.000000 0.000000 0.000000 0.525566 0.850753
98.209275961 3.945209 2.798919 0.000000 0.000000 0.000000 0.525588 0.850740
98.266049623 3.945219 2.798915 0.000000 0.000000 0.000000 0.525553 0.850761
98.353181839 3.944188 2.797975 0.000000 0.000000 0.000000 0.525296 0.850919
98.403073549 3.943065 2.797750 0.000000 0.000000 0.000000 0.525190 0.850985
98.490382910 3.943152 2.797702 0.000000 0.000000 0.000000 0.525102 0.851040
98.542252064 3.943477 2.798049 0.000000 0.000000 0.000000 0.524906 0.851160
98.624454260 3.943357 2.797216 0.000000 0.000000 0.000000 0.524941 0.851139
98.685510397 3.942964 2.797408 0.000000 0.000000 0.000000 0.524917 0.851153
98.779605627 3.942496 2.798019 0.000000 0.000000 0.000000 0.524774 0.851241
98.838194609 3.942237 2.798200 0.000000 0.000000 0.000000 0.524791 0.851231
98.929908276 3.941641 2.797377 0.000000 0.000000 0.000000 0.524897 0.851166
98.986426353 3.942030 2.796839 0.000000 0.000000 0.000000 0.524769 0.851245
99.090990067 3.942303 2.796874 0.000000 0.000000 0.000000 0.524822 0.851212
99.137984037 3.940677 2.795364 0.000000 0.000000 0.000000 0.524901 0.851164
99.222180128 3.940489 2.795117 0.000000 0.000000 0.000000 0.524762 0.851249
99.274515629 3.940311 2.794318 0.000000 0.000000 0.000000 0.524691 0.851293
99.372492313 3.940182 2.794055 0.000000 0.000000 0.000000 0.524513 0.851402
99.430688858 3.940059 2.794235 0.000000 0.000000 0.000000 0.524442 0.851446
99.544572830 3.940541 2.794493 0.000000 0.000000 0.000000 0.524206 0.851592
99.586899042 3.941044 2.794594 0.000000 0.000000 0.000000 0.524074 0.851673
99.684531927 3.940550 2.793787 0.000000 0.000000 0.000000 0.523912 0.851772
99.732462883 3.939370 2.794094 0.000000 0.000000 0.000000 0.523852 0.851809
99.817482233 3.938195 2.793989 0.000000 0.000000 0.000000 0.523946 0.851752
99.865893364 3.938089 2.794296 0.000000 0.000000 0.000000 0.524014 0.851710
99.974117994 3.937945 2.795677 0.000000 0.000000 0.000000 0.524231 0.851576
100.008396149 3.938267 2.795145 0.000000 0.000000 0.000000 0.524306 0.851530
100.099959850 3.938424 2.794795 0.000000 0.000000 0.000000 0.524420 0.851460
100.157341719 3.939336 2.794719 0.000000 0.000000 0.000000 0.524427 0.851455
100.251402378 3.940381 2.793360 0.000000 0.000000 0.000000 0.524443 0.851446
100.296842813 3.940432 2.792986 0.000000 0.000000 0.000000 0.524425 0.851456
100.386153460 3.940397 2.792562 0.000000 0.000000 0.000000 0.524411 0.851465
100.438560963 3.939598 2.792391 0.000000 0.000000 0.000000 0.524431 0.851453
100.523025513 3.940228 2.792253 0.000000 0.000000 0.000000 0.524480 0.851423
100.578892708 3.940528 2.791606 0.000000 0.000000 0.000000 0.524345 0.851506
100.666844606 3.940083 2.791097 0.000000 0.000000 0.000000 0.524419 0.851461
100.717916250 3.940256 2.790945 0.000000 0.000000 0.000000 0.524244 0.851568
100.814438343 3.940110 2.790387 0.000000 0.000000 0.000000 0.524174 0.851611
100.859156370 3.940026 2.789249 0.000000 0.000000 0.000000 0.523931 0.851761
100.952885628 3.940771 2.788030 0.000000 0.000000 0.000000 0.524018 0.851707
101.000487804 3.941284 2.787620 0.000000 0.000000 0.000000 0.523903 0.851778
101.085479736 3.940953 2.787386 0.000000 0.000000 0.000000 0.523898 0.851781
101.136031866 3.941031 2.786580 0.000000 0.000000 0.000000 0.523906 0.851776
101.229514122 3.940594 2.786246 0.000000 0.000000 0.000000 0.523967 0.851738
101.274351120 3.940408 2.787290 0.000000 0.000000 0.000000 0.524101 0.851656
101.373620749 3.941317 2.787774 0.000000 0.000000 0.000000 0.524178 0.851609
101.426921129 3.941883 2.787414 0.000000 0.000000 0.000000 0.524262 0.851557
101.521782160 3.941901 2.787479 0.000000 0.000000 0.000000 0.524342 0.851508
101.570658922 3.941145 2.787602 0.000000 0.000000 0.000000 0.524509 0.851405
101.657437325 3.940196 2.786215 0.000000 0.000000 0.000000 0.524469 0.851429
101.713495970 3.939562 2.786402 0.000000 0.000000 0.000000 0.524449 0.851442
101.799236774 3.939895 2.786420 0.000000 0.000000 0.000000 0.524427 0.851455
101.849389791 3.940214 2.786105 0.000000 0.000000 0.000000 0.524342 0.851508
101.945839167 3.939805 2.785696 0.000000 0.000000 0.000000 0.524134 0.851636
101.999189854 3.939177 2.785861 0.000000 0.000000 0.000000 0.524148 0.851627
102.086042404 3.939712 2.784871 0.000000 0.000000 0.000000 0.524211 0.851588
102.136522293 3.939787 2.784305 0.000000 0.000000 0.000000 0.524253 0.851562
102.221495152 3.938761 2.784290 0.000000 0.000000 0.000000 0.524126 0.851641
102.276251078 3.938701 2.783298 0.000000 0.000000 0.000000 0.523881 0.851791
102.367645025 3.939683 2.784481 0.000000 0.000000 0.000000 0.523816 0.851831
102.423708200 3.939943 2.784378 0.000000 0.000000 0.000000 0.523518 0.852015
102.525077105 3.941287 2.784343 0.000000 0.000000 0.000000 0.523354 0.852115
102.574762106 3.941539 2.784225 0.000000 0.000000 0.000000 0.523248 0.852180
102.674291134 3.941404 2.785500 0.000000 0.000000 0.000000 0.523273 0.852165
