56.000000000 0.000964 1.004481 0.000000 0.000000 0.000000 0.011313 0.999936
56.092626333 0.002686 1.011776 0.000000 0.000000 0.000000 0.006535 0.999979
56.136488199 0.003599 1.015383 0.000000 0.000000 0.000000 0.004521 0.999990
56.234569073 0.000230 1.019437 0.000000 0.000000 0.000000 0.003349 0.999994
56.291095257 -0.000816 1.019581 0.000000 0.000000 0.000000 0.001710 0.999999
56.384810448 -0.000835 1.019608 0.000000 0.000000 0.000000 0.000650 1.000000
56.432573795 0.000007 1.019956 0.000000 0.000000 0.000000 -0.000265 1.000000
56.517774343 0.000396 1.020571 0.000000 0.000000 0.000000 -0.000532 1.000000
56.566277504 -0.000671 1.022438 0.000000 0.000000 0.000000 -0.000887 1.000000
56.658776283 -0.000915 1.022007 0.000000 0.000000 0.000000 -0.001112 0.999999
56.719421625 0.000898 1.023284 0.000000 0.000000 0.000000 -0.001394 0.999999
56.806190968 -0.002048 1.024139 0.000000 0.000000 0.000000 -0.001855 0.999998
56.859033823 -0.001229 1.023221 0.000000 0.000000 0.000000 -0.001841 0.999998
56.956225157 -0.002411 1.023802 0.000000 0.000000 0.000000 -0.001548 0.999999
56.992516994 -0.004434 1.023287 0.000000 0.000000 0.000000 -0.001624 0.999999
57.085117579 -0.003396 1.024738 0.000000 0.000000 0.000000 -0.001201 0.999999
57.135342836 -0.002872 1.027245 0.000000 0.000000 0.000000 -0.001300 0.999999
57.226917267 -0.002913 1.028348 0.000000 0.000000 0.000000 -0.001800 0.999998
57.280653477 -0.003034 1.030498 0.000000 0.000000 0.000000 -0.002027 0.999998
57.376023293 -0.003548 1.033553 0.000000 0.000000 0.000000 -0.002866 0.999996
57.421943903 -0.004572 1.034422 0.000000 0.000000 0.000000 -0.003480 0.999994
57.506844759 -0.004608 1.035102 0.000000 0.000000 0.000000 -0.003650 0.999993
57.561612844 -0.005397 1.034190 0.000000 0.000000 0.000000 -0.003803 0.999993
57.661116600 -0.006206 1.035671 0.000000 0.000000 0.000000 -0.003810 0.999993
57.713097334 -0.006947 1.035835 0.000000 0.000000 0.000000 -0.003540 0.999994
57.818692207 -0.007848 1.035625 0.000000 0.000000 0.000000 -0.004071 0.999992
57.857132435 -0.007375 1.036413 0.000000 0.000000 0.000000 -0.004008 0.999992
57.942367077 -0.007285 1.036545 0.000000 0.000000 0.000000 -0.003803 0.999993
57.993121147 -0.006821 1.036606 0.000000 0.000000 0.000000 -0.003937 0.999992
58.084053516 -0.007684 1.035021 0.000000 0.000000 0.000000 -0.004104 0.999992
58.134043932 -0.006984 1.034349 0.000000 0.000000 0.000000 -0.004171 0.999991
58.226578236 -0.007427 1.035907 0.000000 0.000000 0.000000 -0.004250 0.999991
58.278188705 -0.006232 1.034913 0.000000 0.000000 0.000000 -0.004081 0.999992
58.375108480 -0.005781 1.034232 0.000000 0.000000 0.000000 -0.003625 0.999993
58.432198524 -0.004502 1.032060 0.000000 0.000000 0.000000 -0.003547 0.999994
58.513686180 -0.004500 1.031033 0.000000 0.000000 0.000000 -0.003616 0.999993
58.577755451 -0.004374 1.030929 0.000000 0.000000 0.000000 -0.003354 0.999994
58.663658381 -0.004828 1.031748 0.000000 0.000000 0.000000 -0.003115 0.999995
58.721382856 -0.003265 1.032666 0.000000 0.000000 0.000000 -0.002417 0.999997
58.811643362 -0.000687 1.033936 0.000000 0.000000 0.000000 -0.002531 0.999997
58.859117508 -0.000084 1.034616 0.000000 0.000000 0.000000 -0.002368 0.999997
58.954252720 0.001310 1.033415 0.000000 0.000000 0.000000 -0.002477 0.999997
59.016629219 0.003357 1.034556 0.000000 0.000000 0.000000 -0.002526 0.999997
59.106379747 0.003831 1.036356 0.000000 0.000000 0.000000 -0.002636 0.999997
59.158839226 0.003178 1.036385 0.000000 0.000000 0.000000 -0.002966 0.999996
59.239713192 0.003384 1.036910 0.000000 0.000000 0.000000 -0.002761 0.999996
59.295119047 0.004222 1.036968 0.000000 0.000000 0.000000 -0.003180 0.999995
59.400145054 0.003794 1.035884 0.000000 0.000000 0.000000 -0.003039 0.999995
59.447155952 0.005841 1.037393 0.000000 0.000000 0.000000 -0.002984 0.999996
59.543852329 0.007314 1.037694 0.000000 0.000000 0.000000 -0.003127 0.999995
59.590034962 0.006302 1.037228 0.000000 0.000000 0.000000 -0.003420 0.999994
59.665421247 0.006964 1.036945 0.000000 0.000000 0.000000 -0.003073 0.999995
59.720851421 0.007793 1.035739 0.000000 0.000000 0.000000 -0.003286 0.999995
59.805132151 0.007797 1.035805 0.000000 0.000000 0.000000 -0.003629 0.999993
59.860359430 0.007880 1.035476 0.000000 0.000000 0.000000 -0.003771 0.999993
59.957119226 0.008099 1.034826 0.000000 0.000000 0.000000 -0.004124 0.999991
60.005816936 0.007806 1.033774 0.000000 0.000000 0.000000 -0.004218 0.999991
60.089397669 0.010095 1.034180 0.000000 0.000000 0.000000 -0.004474 0.999990
60.138172865 0.010283 1.033498 0.000000 0.000000 0.000000 -0.004442 0.999990
60.220950127 0.010451 1.035090 0.000000 0.000000 0.000000 -0.004528 0.999990
60.272440672 0.010877 1.034143 0.000000 0.000000 0.000000 -0.004989 0.999988
60.365985632 0.012477 1.034735 0.000000 0.000000 0.000000 -0.005053 0.999987
60.419920921 0.012295 1.036226 0.000000 0.000000 0.000000 -0.005293 0.999986
60.517887354 0.013268 1.036514 0.000000 0.000000 0.000000 -0.005502 0.999985
60.576246977 0.014211 1.036974 0.000000 0.000000 0.000000 -0.005362 0.999986
60.661265135 0.013090 1.036948 0.000000 0.000000 0.000000 -0.005160 0.999987
60.720116138 0.012542 1.036608 0.000000 0.000000 0.000000 -0.005032 0.999987
60.806773424 0.012286 1.037756 0.000000 0.000000 0.000000 -0.005310 0.999986
60.856551170 0.011396 1.039480 0.000000 0.000000 0.000000 -0.005751 0.999983
60.954911470 0.011844 1.039470 0.000000 0.000000 0.000000 -0.005705 0.999984
61.012297630 0.011977 1.039395 0.000000 0.000000 0.000000 -0.005882 0.999983
61.109639168 0.013080 1.040248 0.000000 0.000000 0.000000 -0.005741 0.999984
61.157109976 0.012434 1.039189 0.000000 0.000000 0.000000 -0.006221 0.999981
61.239634752 0.009955 1.038484 0.000000 0.000000 0.000000 -0.006000 0.999982
61.291578770 0.013035 1.038797 0.000000 0.000000 0.000000 -0.005402 0.999985
61.377224922 0.011346 1.037275 0.000000 0.000000 0.000000 -0.005141 0.999987
61.424571276 0.012817 1.036396 0.000000 0.000000 0.000000 -0.005353 0.999986
61.517945051 0.013381 1.038446 0.000000 0.000000 0.000000 -0.005262 0.999986
61.571182013 0.013789 1.037419 0.000000 0.000000 0.000000 -0.005328 0.999986
61.674693108 0.013675 1.037397 0.000000 0.000000 0.000000 -0.004997 0.999988
61.731230259 0.014603 1.039549 0.000000 0.000000 0.000000 -0.004725 0.999989
61.823836803 0.012518 1.040642 0.000000 0.000000 0.000000 -0.004396 0.999990
61.867137194 0.009816 1.039196 0.000000 0.000000 0.000000 -0.003992 0.999992
61.957184315 0.010913 1.039718 0.000000 0.000000 0.000000 -0.004361 0.999990
62.007257462 0.007711 1.038134 0.000000 0.000000 0.000000 -0.004341 0.999991
62.096065044 0.008598 1.033448 0.000000 0.000000 0.000000 -0.004439 0.999990
62.149833441 0.009945 1.033450 0.000000 0.000000 0.000000 -0.004741 0.999989
62.231528997 0.027071 1.034195 0.000000 0.000000 0.000000 -0.004315 0.999991
62.288254261 0.037419 1.034396 0.000000 0.000000 0.000000 -0.004173 0.999991
62.372793436 0.054277 1.034646 0.000000 0.000000 0.000000 -0.003414 0.999994
62.437046528 0.065398 1.034409 0.000000 0.000000 0.000000 -0.002851 0.999996
62.518205643 0.081316 1.033983 0.000000 0.000000 0.000000 -0.002948 0.999996
62.573649645 0.092166 1.034107 0.000000 0.000000 0.000000 -0.002849 0.999996
62.658019066 0.106516 1.033933 0.000000 0.000000 0.000000 -0.002634 0.999997
62.708748341 0.115125 1.032832 0.000000 0.000000 0.000000 -0.002526 0.999997
62.802901506 0.132961 1.032607 0.000000 0.000000 0.000000 -0.002287 0.999997
62.862125397 0.145374 1.032933 0.000000 0.000000 0.000000 -0.002349 0.999997
62.944721937 0.160470 1.032649 0.000000 0.000000 0.000000 -0.002272 0.999997
63.001682520 0.169963 1.033207 0.000000 0.000000 0.000000 -0.002534 0.999997
63.096352816 0.186871 1.032392 0.000000 0.000000 0.000000 -0.002679 0.999996
63.140980959 0.195634 1.032603 0.000000 0.000000 0.000000 -0.002198 0.999998
63.224403381 0.212267 1.032810 0.000000 0.000000 0.000000 -0.001898 0.999998
63.278097630 0.223357 1.033591 0.000000 0.000000 0.000000 -0.001905 0.999998
63.378735542 0.241851 1.033964 0.000000 0.000000 0.000000 -0.002008 0.999998
63.429337263 0.252042 1.034642 0.000000 0.000000 0.000000 -0.001700 0.999999
63.507558107 0.266108 1.033922 0.000000 0.000000 0.000000 -0.001488 0.999999
63.561244726 0.275692 1.033204 0.000000 0.000000 0.000000 -0.001892 0.999998
63.651183605 0.293523 1.033355 0.000000 0.000000 0.000000 -0.001929 0.999998
63.722069025 0.308551 1.033955 0.000000 0.000000 0.000000 -0.001543 0.999999
63.818211794 0.327232 1.032967 0.000000 0.000000 0.000000 -0.002300 0.999997
63.867984533 0.338427 1.033126 0.000000 0.000000 0.000000 -0.002382 0.999997
63.954170942 0.354387 1.034243 0.000000 0.000000 0.000000 -0.002451 0.999997
64.007827759 0.363907 1.032446 0.000000 0.000000 0.000000 -0.002288 0.999997
64.098969221 0.382149 1.032967 0.000000 0.000000 0.000000 -0.001748 0.999998
64.150251389 0.392247 1.034195 0.000000 0.000000 0.000000 -0.001742 0.999998
64.240028858 0.408391 1.034774 0.000000 0.000000 0.000000 -0.001790 0.999998
64.291742325 0.420372 1.034586 0.000000 0.000000 0.000000 -0.002240 0.999997
64.384911537 0.437052 1.035062 0.000000 0.000000 0.000000 -0.002243 0.999997
64.438662767 0.447183 1.038630 0.000000 0.000000 0.000000 -0.002049 0.999998
64.529100657 0.463415 1.038109 0.000000 0.000000 0.000000 -0.002258 0.999997
64.581606388 0.474902 1.038939 0.000000 0.000000 0.000000 -0.002288 0.999997
64.666499376 0.491744 1.039733 0.000000 0.000000 0.000000 -0.002492 0.999997
64.719514608 0.502689 1.041098 0.000000 0.000000 0.000000 -0.002334 0.999997
64.801486015 0.518730 1.041131 0.000000 0.000000 0.000000 -0.002654 0.999996
64.853920698 0.528860 1.040713 0.000000 0.000000 0.000000 -0.002815 0.999996
64.943417788 0.546464 1.041158 0.000000 0.000000 0.000000 -0.002915 0.999996
64.995023489 0.556120 1.042176 0.000000 0.000000 0.000000 -0.003331 0.999994
65.076430798 0.573177 1.042160 0.000000 0.000000 0.000000 -0.003578 0.999994
65.137303352 0.585908 1.044208 0.000000 0.000000 0.000000 -0.003753 0.999993
65.235720634 0.607002 1.043375 0.000000 0.000000 0.000000 -0.004088 0.999992
65.286878586 0.617411 1.043766 0.000000 0.000000 0.000000 -0.004126 0.999991
65.388996363 0.637960 1.041428 0.000000 0.000000 0.000000 -0.003919 0.999992
65.443364143 0.648405 1.039590 0.000000 0.000000 0.000000 -0.004158 0.999991
65.533442974 0.665267 1.039334 0.000000 0.000000 0.000000 -0.004430 0.999990
65.583643198 0.674675 1.039982 0.000000 0.000000 0.000000 -0.004717 0.999989
65.666572094 0.691457 1.041459 0.000000 0.000000 0.000000 -0.004919 0.999988
65.718314648 0.702018 1.042488 0.000000 0.000000 0.000000 -0.004694 0.999989
65.813969851 0.722035 1.041928 0.000000 0.000000 0.000000 -0.004619 0.999989
65.860479355 0.731795 1.042893 0.000000 0.000000 0.000000 -0.004150 0.999991
65.949100494 0.748623 1.043785 0.000000 0.000000 0.000000 -0.003923 0.999992
66.006313324 0.758694 1.044444 0.000000 0.000000 0.000000 -0.003865 0.999993
66.091695070 0.774252 1.043006 0.000000 0.000000 0.000000 -0.004390 0.999990
66.150105000 0.787715 1.042775 0.000000 0.000000 0.000000 -0.004369 0.999990
66.245607138 0.806128 1.041238 0.000000 0.000000 0.000000 -0.004240 0.999991
66.289936066 0.814711 1.043493 0.000000 0.000000 0.000000 -0.004199 0.999991
66.374847174 0.830780 1.043794 0.000000 0.000000 0.000000 -0.003711 0.999993
66.427448988 0.841874 1.045539 0.000000 0.000000 0.000000 -0.004022 0.999992
66.515174389 0.858771 1.044817 0.000000 0.000000 0.000000 -0.003896 0.999992
66.565155268 0.868958 1.045414 0.000000 0.000000 0.000000 -0.003979 0.999992
66.668905973 0.888925 1.045587 0.000000 0.000000 0.000000 -0.003581 0.999994
66.720251560 0.898822 1.045788 0.000000 0.000000 0.000000 -0.003611 0.999993
66.818524122 0.917899 1.045890 0.000000 0.000000 0.000000 -0.003997 0.999992
66.862034321 0.927978 1.044777 0.000000 0.000000 0.000000 -0.003933 0.999992
66.948162079 0.945827 1.047229 0.000000 0.000000 0.000000 -0.003149 0.999995
66.998103142 0.955743 1.048805 0.000000 0.000000 0.000000 -0.002678 0.999996
67.100195885 0.977816 1.048187 0.000000 0.000000 0.000000 -0.002488 0.999997
67.157076359 0.988981 1.048465 0.000000 0.000000 0.000000 -0.002094 0.999998
67.269846916 1.011722 1.048369 0.000000 0.000000 0.000000 -0.002434 0.999997
67.325706720 1.023673 1.048569 0.000000 0.000000 0.000000 -0.002512 0.999997
67.417520761 1.042369 1.049633 0.000000 0.000000 0.000000 -0.002151 0.999998
67.475314379 1.053876 1.048689 0.000000 0.000000 0.000000 -0.002184 0.999998
67.587245464 1.074602 1.048895 0.000000 0.000000 0.000000 -0.002021 0.999998
67.657504320 1.089165 1.050061 0.000000 0.000000 0.000000 -0.001963 0.999998
67.744100571 1.106638 1.049680 0.000000 0.000000 0.000000 -0.002112 0.999998
67.809964418 1.118008 1.048861 0.000000 0.000000 0.000000 -0.002552 0.999997
67.907867193 1.138029 1.048076 0.000000 0.000000 0.000000 -0.002758 0.999996
67.955658197 1.149321 1.047953 0.000000 0.000000 0.000000 -0.002669 0.999996
68.043772697 1.164733 1.047280 0.000000 0.000000 0.000000 -0.002566 0.999997
68.092056751 1.174331 1.046486 0.000000 0.000000 0.000000 -0.002128 0.999998
68.198954105 1.195499 1.045503 0.000000 0.000000 0.000000 -0.002178 0.999998
68.239401817 1.203723 1.044931 0.000000 0.000000 0.000000 -0.001814 0.999998
68.334116697 1.222862 1.045416 0.000000 0.000000 0.000000 -0.001320 0.999999
68.393169165 1.233448 1.043982 0.000000 0.000000 0.000000 -0.001484 0.999999
68.488315105 1.251884 1.044465 0.000000 0.000000 0.000000 -0.001301 0.999999
68.548655272 1.262151 1.046600 0.000000 0.000000 0.000000 -0.001548 0.999999
68.628951550 1.279796 1.047981 0.000000 0.000000 0.000000 -0.001190 0.999999
68.688163757 1.292366 1.048251 0.000000 0.000000 0.000000 -0.001098 0.999999
68.771270037 1.307330 1.048798 0.000000 0.000000 0.000000 -0.001027 0.999999
68.824939728 1.318210 1.047981 0.000000 0.000000 0.000000 -0.000886 1.000000
68.927378178 1.337653 1.047745 0.000000 0.000000 0.000000 -0.000385 1.000000
68.988554239 1.350792 1.046305 0.000000 0.000000 0.000000 -0.000218 1.000000
69.091393948 1.369542 1.046909 0.000000 0.000000 0.000000 -0.000151 1.000000
69.142657280 1.380385 1.047522 0.000000 0.000000 0.000000 0.000009 1.000000
69.226943970 1.396512 1.047282 0.000000 0.000000 0.000000 0.000068 1.000000
69.291504383 1.408955 1.048158 0.000000 0.000000 0.000000 0.000393 1.000000
69.395749092 1.427190 1.048048 0.000000 0.000000 0.000000 0.000027 1.000000
69.444655418 1.436350 1.047797 0.000000 0.000000 0.000000 0.000036 1.000000
69.543005466 1.453493 1.046046 0.000000 0.000000 0.000000 -0.000274 1.000000
69.595045090 1.458583 1.049329 0.000000 0.000000 0.000000 -0.000846 1.000000
69.695927858 1.478750 1.050449 0.000000 0.000000 0.000000 -0.000754 1.000000
69.753221989 1.489241 1.050208 0.000000 0.000000 0.000000 -0.000561 1.000000
69.852281094 1.508321 1.050462 0.000000 0.000000 0.000000 -0.000136 1.000000
69.909631014 1.520421 1.050844 0.000000 0.000000 0.000000 0.000026 1.000000
70.003495455 1.538842 1.051660 0.000000 0.000000 0.000000 0.000069 1.000000
70.055417776 1.549329 1.052277 0.000000 0.000000 0.000000 0.000016 1.000000
70.137858391 1.563567 1.053659 0.000000 0.000000 0.000000 -0.000056 1.000000
70.199167728 1.574831 1.055155 0.000000 0.000000 0.000000 0.000065 1.000000
70.302878618 1.594717 1.054227 0.000000 0.000000 0.000000 0.000161 1.000000
70.369396687 1.607817 1.053910 0.000000 0.000000 0.000000 0.000159 1.000000
70.461210728 1.623717 1.054037 0.000000 0.000000 0.000000 0.000436 1.000000
70.509778738 1.632540 1.054787 0.000000 0.000000 0.000000 0.000654 1.000000
70.599387646 1.648024 1.054866 0.000000 0.000000 0.000000 0.000858 1.000000
70.656033039 1.658774 1.054365 0.000000 0.000000 0.000000 0.001026 0.999999
70.768153429 1.678243 1.053067 0.000000 0.000000 0.000000 0.000829 1.000000
70.815999985 1.687476 1.051237 0.000000 0.000000 0.000000 0.000543 1.000000
70.900581121 1.704084 1.052382 0.000000 0.000000 0.000000 0.000452 1.000000
70.955633402 1.715321 1.051402 0.000000 0.000000 0.000000 -0.000354 1.000000
71.042252779 1.731692 1.051133 0.000000 0.000000 0.000000 -0.000051 1.000000
71.103641987 1.742577 1.052494 0.000000 0.000000 0.000000 -0.000015 1.000000
71.186776161 1.757973 1.054438 0.000000 0.000000 0.000000 0.000109 1.000000
71.250498533 1.768228 1.053636 0.000000 0.000000 0.000000 -0.000034 1.000000
71.341936827 1.770640 1.055928 0.000000 0.000000 0.000000 0.008727 0.999962
71.393325806 1.774445 1.057786 0.000000 0.000000 0.000000 0.013691 0.999906
71.487019539 1.779625 1.058240 0.000000 0.000000 0.000000 0.023203 0.999731
71.537977695 1.781661 1.058353 0.000000 0.000000 0.000000 0.027848 0.999612
71.626116753 1.786341 1.058819 0.000000 0.000000 0.000000 0.036433 0.999336
71.682151079 1.788698 1.056102 0.000000 0.000000 0.000000 0.041482 0.999139
71.763496399 1.792069 1.055587 0.000000 0.000000 0.000000 0.049828 0.998758
71.820455313 1.792006 1.055269 0.000000 0.000000 0.000000 0.055392 0.998465
71.918866396 1.795102 1.056621 0.000000 0.000000 0.000000 0.064970 0.997887
71.975845575 1.797083 1.059284 0.000000 0.000000 0.000000 0.071002 0.997476
72.068582535 1.805887 1.058716 0.000000 0.000000 0.000000 0.080611 0.996746
72.122643709 1.810399 1.059993 0.000000 0.000000 0.000000 0.085650 0.996325
72.217851877 1.827381 1.063952 0.000000 0.000000 0.000000 0.085178 0.996366
72.265589714 1.836718 1.064876 0.000000 0.000000 0.000000 0.084900 0.996390
72.354194641 1.854515 1.068783 0.000000 0.000000 0.000000 0.084677 0.996408
72.403216600 1.863808 1.072116 0.000000 0.000000 0.000000 0.084778 0.996400
72.504085302 1.883012 1.075463 0.000000 0.000000 0.000000 0.084218 0.996447
72.559812546 1.893130 1.078648 0.000000 0.000000 0.000000 0.084132 0.996455
72.641114473 1.908937 1.081741 0.000000 0.000000 0.000000 0.083762 0.996486
72.695553064 1.920546 1.083002 0.000000 0.000000 0.000000 0.083771 0.996485
72.784453154 1.938064 1.086260 0.000000 0.000000 0.000000 0.083379 0.996518
72.839464188 1.939672 1.086641 0.000000 0.000000 0.000000 0.088606 0.996067
72.931765556 1.943588 1.089060 0.000000 0.000000 0.000000 0.096863 0.995298
72.986810684 1.947987 1.089004 0.000000 0.000000 0.000000 0.102124 0.994772
73.071648121 1.951220 1.091971 0.000000 0.000000 0.000000 0.110731 0.993850
73.129702330 1.954152 1.092782 0.000000 0.000000 0.000000 0.116732 0.993163
73.227200508 1.956816 1.094078 0.000000 0.000000 0.000000 0.125860 0.992048
73.271549940 1.957397 1.095155 0.000000 0.000000 0.000000 0.130281 0.991477
73.365193605 1.976634 1.098520 0.000000 0.000000 0.000000 0.130080 0.991504
73.410813332 1.985220 1.099849 0.000000 0.000000 0.000000 0.129882 0.991529
73.495560646 2.002718 1.103880 0.000000 0.000000 0.000000 0.129849 0.991534
73.549853325 2.012890 1.106127 0.000000 0.000000 0.000000 0.129603 0.991566
73.635336399 2.028757 1.110822 0.000000 0.000000 0.000000 0.129028 0.991641
73.700213671 2.041014 1.113444 0.000000 0.000000 0.000000 0.128488 0.991711
73.794411182 2.059576 1.119141 0.000000 0.000000 0.000000 0.129306 0.991605
73.851395130 2.070070 1.123067 0.000000 0.000000 0.000000 0.129173 0.991622
73.934927464 2.087757 1.128537 0.000000 0.000000 0.000000 0.129442 0.991587
73.994324923 2.089348 1.128442 0.000000 0.000000 0.000000 0.134716 0.990884
74.076428652 2.093832 1.129575 0.000000 0.000000 0.000000 0.142715 0.989764
74.138641834 2.095704 1.131619 0.000000 0.000000 0.000000 0.148718 0.988880
74.232690811 2.100245 1.133128 0.000000 0.000000 0.000000 0.157795 0.987472
74.284757137 2.100603 1.133667 0.000000 0.000000 0.000000 0.163087 0.986612
74.368963718 2.104731 1.134295 0.000000 0.000000 0.000000 0.170991 0.985273
74.424954653 2.107016 1.136106 0.000000 0.000000 0.000000 0.177057 0.984201
74.512892008 2.111908 1.139988 0.000000 0.000000 0.000000 0.185819 0.982584
74.568120718 2.122562 1.143983 0.000000 0.000000 0.000000 0.185714 0.982604
74.659038782 2.138031 1.151743 0.000000 0.000000 0.000000 0.185986 0.982552
74.720528126 2.148830 1.157034 0.000000 0.000000 0.000000 0.185801 0.982587
74.807915449 2.163730 1.163006 0.000000 0.000000 0.000000 0.186068 0.982537
74.867791891 2.173732 1.167682 0.000000 0.000000 0.000000 0.185663 0.982613
74.956265450 2.190025 1.172727 0.000000 0.000000 0.000000 0.185495 0.982645
75.006022692 2.200531 1.175508 0.000000 0.000000 0.000000 0.185817 0.982584
75.093890429 2.217965 1.182358 0.000000 0.000000 0.000000 0.185646 0.982617
75.151803017 2.229051 1.184993 0.000000 0.000000 0.000000 0.185957 0.982558
75.237923384 2.244850 1.191183 0.000000 0.000000 0.000000 0.185722 0.982602
75.289012432 2.254553 1.194601 0.000000 0.000000 0.000000 0.185567 0.982632
75.377345324 2.269887 1.200940 0.000000 0.000000 0.000000 0.185833 0.982581
75.433693886 2.279361 1.205276 0.000000 0.000000 0.000000 0.186033 0.982544
75.537194490 2.297249 1.211625 0.000000 0.000000 0.000000 0.186607 0.982435
75.586070776 2.305431 1.213177 0.000000 0.000000 0.000000 0.186778 0.982402
75.689361572 2.325882 1.222998 0.000000 0.000000 0.000000 0.186439 0.982467
75.744805098 2.337692 1.227907 0.000000 0.000000 0.000000 0.186221 0.982508
75.826009274 2.352762 1.232367 0.000000 0.000000 0.000000 0.186359 0.982482
75.899021864 2.357827 1.231129 0.000000 0.000000 0.000000 0.192674 0.981263
75.992537260 2.362154 1.234366 0.000000 0.000000 0.000000 0.201729 0.979441
76.056124210 2.365534 1.235791 0.000000 0.000000 0.000000 0.207782 0.978175
76.141805172 2.368951 1.238894 0.000000 0.000000 0.000000 0.216160 0.976358
76.196712971 2.369820 1.239478 0.000000 0.000000 0.000000 0.221914 0.975066
76.279946327 2.373077 1.242171 0.000000 0.000000 0.000000 0.230054 0.973178
76.336917877 2.375703 1.243317 0.000000 0.000000 0.000000 0.235865 0.971786
76.431858301 2.381217 1.245184 0.000000 0.000000 0.000000 0.245028 0.969516
76.487337351 2.389142 1.250872 0.000000 0.000000 0.000000 0.245468 0.969405
76.576975346 2.404393 1.259020 0.000000 0.000000 0.000000 0.245782 0.969325
76.635664701 2.414807 1.263197 0.000000 0.000000 0.000000 0.245841 0.969310
76.736702204 2.431116 1.273708 0.000000 0.000000 0.000000 0.245733 0.969338
76.784813404 2.440244 1.277540 0.000000 0.000000 0.000000 0.246263 0.969203
76.872728825 2.455505 1.283841 0.000000 0.000000 0.000000 0.246301 0.969193
76.940669060 2.472075 1.292355 0.000000 0.000000 0.000000 0.246107 0.969243
77.039191484 2.490256 1.299865 0.000000 0.000000 0.000000 0.246282 0.969198
77.091496944 2.498004 1.303521 0.000000 0.000000 0.000000 0.246545 0.969131
77.178045034 2.501858 1.304305 0.000000 0.000000 0.000000 0.254285 0.967129
77.233334064 2.504789 1.303044 0.000000 0.000000 0.000000 0.259087 0.965854
77.321522951 2.508894 1.304419 0.000000 0.000000 0.000000 0.267286 0.963617
77.385615587 2.512687 1.305513 0.000000 0.000000 0.000000 0.272905 0.962041
77.482558012 2.527314 1.316649 0.000000 0.000000 0.000000 0.273216 0.961953
77.535058022 2.536400 1.322071 0.000000 0.000000 0.000000 0.273729 0.961807
77.635596514 2.552542 1.333097 0.000000 0.000000 0.000000 0.274317 0.961639
77.687636852 2.560343 1.337768 0.000000 0.000000 0.000000 0.274100 0.961701
77.783472538 2.577625 1.349308 0.000000 0.000000 0.000000 0.274150 0.961687
77.833787918 2.585519 1.355452 0.000000 0.000000 0.000000 0.274296 0.961645
77.940711260 2.602174 1.365675 0.000000 0.000000 0.000000 0.274517 0.961582
77.985099792 2.610854 1.369788 0.000000 0.000000 0.000000 0.274815 0.961497
78.074628830 2.626254 1.379747 0.000000 0.000000 0.000000 0.274344 0.961632
78.126539230 2.635033 1.384920 0.000000 0.000000 0.000000 0.274467 0.961597
78.225707769 2.638238 1.388649 0.000000 0.000000 0.000000 0.284088 0.958798
78.287621975 2.639495 1.388814 0.000000 0.000000 0.000000 0.289894 0.957059
78.371752024 2.652801 1.397271 0.000000 0.000000 0.000000 0.290039 0.957015
78.425225496 2.660778 1.402670 0.000000 0.000000 0.000000 0.290350 0.956920
78.525620699 2.676564 1.411150 0.000000 0.000000 0.000000 0.290692 0.956817
78.588539600 2.685566 1.417010 0.000000 0.000000 0.000000 0.290447 0.956891
78.670593977 2.701012 1.426062 0.000000 0.000000 0.000000 0.290916 0.956749
78.735427380 2.711507 1.431669 0.000000 0.000000 0.000000 0.291209 0.956659
78.827690363 2.727284 1.442474 0.000000 0.000000 0.000000 0.290876 0.956761
78.889282465 2.737496 1.450718 0.000000 0.000000 0.000000 0.290862 0.956765
78.986895561 2.754316 1.461475 0.000000 0.000000 0.000000 0.290912 0.956750
79.038242817 2.761496 1.468757 0.000000 0.000000 0.000000 0.290581 0.956850
79.133278370 2.766459 1.472526 0.000000 0.000000 0.000000 0.299433 0.954117
79.188038111 2.769814 1.473678 0.000000 0.000000 0.000000 0.304572 0.952489
79.274859905 2.774364 1.477357 0.000000 0.000000 0.000000 0.312694 0.949854
79.325020790 2.782322 1.480455 0.000000 0.000000 0.000000 0.312923 0.949778
79.419587612 2.797431 1.490523 0.000000 0.000000 0.000000 0.312934 0.949775
79.476016521 2.807616 1.498094 0.000000 0.000000 0.000000 0.312871 0.949796
79.572896481 2.822116 1.508549 0.000000 0.000000 0.000000 0.312808 0.949816
79.625355482 2.830281 1.513283 0.000000 0.000000 0.000000 0.312874 0.949795
79.715934038 2.844996 1.524141 0.000000 0.000000 0.000000 0.313059 0.949734
79.766192913 2.852631 1.529829 0.000000 0.000000 0.000000 0.313137 0.949708
79.851100206 2.865648 1.539029 0.000000 0.000000 0.000000 0.313526 0.949580
79.911969662 2.875961 1.547041 0.000000 0.000000 0.000000 0.313627 0.949546
80.005322218 2.888469 1.558066 0.000000 0.000000 0.000000 0.313771 0.949499
80.049822092 2.895396 1.564441 0.000000 0.000000 0.000000 0.314052 0.949406
80.144307137 2.910385 1.576057 0.000000 0.000000 0.000000 0.314207 0.949354
80.194717646 2.920803 1.583035 0.000000 0.000000 0.000000 0.313904 0.949455
80.283586025 2.924036 1.585504 0.000000 0.000000 0.000000 0.322156 0.946687
80.339012861 2.926799 1.587084 0.000000 0.000000 0.000000 0.326757 0.945108
80.432806969 2.929298 1.589529 0.000000 0.000000 0.000000 0.335594 0.942007
80.481657505 2.931303 1.591356 0.000000 0.000000 0.000000 0.340698 0.940173
80.570667744 2.934708 1.592767 0.000000 0.000000 0.000000 0.348584 0.937278
80.629180193 2.937314 1.594210 0.000000 0.000000 0.000000 0.354015 0.935240
80.725515127 2.940926 1.598876 0.000000 0.000000 0.000000 0.363052 0.931769
80.785824299 2.941592 1.602005 0.000000 0.000000 0.000000 0.368336 0.929693
80.885531425 2.945194 1.604442 0.000000 0.000000 0.000000 0.377427 0.926040
80.931448936 2.945501 1.608714 0.000000 0.000000 0.000000 0.381484 0.924376
81.023196459 2.957215 1.620338 0.000000 0.000000 0.000000 0.381488 0.924374
81.074112654 2.964106 1.627302 0.000000 0.000000 0.000000 0.381332 0.924438
81.169610262 2.978289 1.642359 0.000000 0.000000 0.000000 0.381218 0.924485
81.221564293 2.986426 1.649874 0.000000 0.000000 0.000000 0.381322 0.924442
81.317089081 2.999427 1.661648 0.000000 0.000000 0.000000 0.381632 0.924315
81.373459816 3.007529 1.671957 0.000000 0.000000 0.000000 0.381738 0.924271
81.468533754 3.019778 1.685832 0.000000 0.000000 0.000000 0.381700 0.924286
81.523016691 3.026044 1.693916 0.000000 0.000000 0.000000 0.381974 0.924173
81.598726511 3.035711 1.706632 0.000000 0.000000 0.000000 0.381758 0.924262
81.657386780 3.039324 1.707356 0.000000 0.000000 0.000000 0.386547 0.922270
81.743980408 3.041020 1.716019 0.000000 0.000000 0.000000 0.394777 0.918777
81.802433014 3.042074 1.718484 0.000000 0.000000 0.000000 0.400025 0.916504
81.892469883 3.045261 1.721460 0.000000 0.000000 0.000000 0.407971 0.912995
81.951400280 3.047259 1.724067 0.000000 0.000000 0.000000 0.413722 0.910403
82.051398516 3.050317 1.727360 0.000000 0.000000 0.000000 0.422309 0.906452
82.098116398 3.051001 1.727369 0.000000 0.000000 0.000000 0.426320 0.904573
82.188131332 3.061443 1.740664 0.000000 0.000000 0.000000 0.426245 0.904608
82.248149872 3.069722 1.749002 0.000000 0.000000 0.000000 0.426295 0.904584
82.336132288 3.080129 1.763582 0.000000 0.000000 0.000000 0.426066 0.904692
82.396090031 3.086397 1.773546 0.000000 0.000000 0.000000 0.426220 0.904619
82.493404388 3.100235 1.788044 0.000000 0.000000 0.000000 0.426234 0.904613
82.545469284 3.107636 1.796839 0.000000 0.000000 0.000000 0.426039 0.904705
82.645762682 3.118904 1.812943 0.000000 0.000000 0.000000 0.426159 0.904648
82.703368902 3.125875 1.822581 0.000000 0.000000 0.000000 0.426078 0.904687
82.786747932 3.135794 1.835855 0.000000 0.000000 0.000000 0.426370 0.904549
82.854153395 3.143694 1.847648 0.000000 0.000000 0.000000 0.426326 0.904569
82.943068027 3.153728 1.863787 0.000000 0.000000 0.000000 0.426216 0.904621
83.009804964 3.162127 1.873935 0.000000 0.000000 0.000000 0.426189 0.904634
83.085191727 3.173290 1.885954 0.000000 0.000000 0.000000 0.426161 0.904647
83.153803349 3.181633 1.896770 0.000000 0.000000 0.000000 0.426059 0.904696
83.241653681 3.192661 1.910928 0.000000 0.000000 0.000000 0.425891 0.904775
83.297069788 3.194381 1.915323 0.000000 0.000000 0.000000 0.431077 0.902315
83.389735460 3.195958 1.918428 0.000000 0.000000 0.000000 0.439794 0.898099
83.453119040 3.198430 1.920453 0.000000 0.000000 0.000000 0.445007 0.895527
83.537900448 3.200441 1.923649 0.000000 0.000000 0.000000 0.452808 0.891608
83.597048283 3.201101 1.925836 0.000000 0.000000 0.000000 0.458622 0.888632
83.717325926 3.206024 1.929627 0.000000 0.000000 0.000000 0.469130 0.883129
83.749479055 3.207383 1.931400 0.000000 0.000000 0.000000 0.472061 0.881566
83.838826418 3.209628 1.935961 0.000000 0.000000 0.000000 0.479814 0.877370
83.901724577 3.208893 1.936554 0.000000 0.000000 0.000000 0.485227 0.874388
83.992516994 3.209133 1.940822 0.000000 0.000000 0.000000 0.493177 0.869929
84.051721573 3.212715 1.942288 0.000000 0.000000 0.000000 0.498634 0.866813
84.156426907 3.213318 1.946880 0.000000 0.000000 0.000000 0.507347 0.861742
84.200500965 3.214470 1.949690 0.000000 0.000000 0.000000 0.510882 0.859651
84.283172131 3.222153 1.964064 0.000000 0.000000 0.000000 0.510901 0.859640
84.341853619 3.228828 1.975033 0.000000 0.000000 0.000000 0.510584 0.859828
84.440338135 3.238031 1.991595 0.000000 0.000000 0.000000 0.510364 0.859958
84.490278244 3.242302 1.999836 0.000000 0.000000 0.000000 0.510370 0.859955
84.590413809 3.252078 2.018869 0.000000 0.000000 0.000000 0.510434 0.859917
84.637861252 3.252691 2.021334 0.000000 0.000000 0.000000 0.514383 0.857560
84.731191397 3.254433 2.026643 0.000000 0.000000 0.000000 0.522201 0.852822
84.795961142 3.256359 2.029860 0.000000 0.000000 0.000000 0.527723 0.849416
84.885035038 3.259359 2.031979 0.000000 0.000000 0.000000 0.534791 0.844985
84.942189693 3.262613 2.043576 0.000000 0.000000 0.000000 0.535119 0.844777
85.035698891 3.268210 2.061611 0.000000 0.000000 0.000000 0.535551 0.844503
85.087255955 3.272424 2.071694 0.000000 0.000000 0.000000 0.535788 0.844352
85.177431345 3.279585 2.087837 0.000000 0.000000 0.000000 0.535872 0.844299
85.234461546 3.284080 2.099151 0.000000 0.000000 0.000000 0.536060 0.844180
85.317269802 3.293133 2.114411 0.000000 0.000000 0.000000 0.536161 0.844116
85.371974707 3.298484 2.125216 0.000000 0.000000 0.000000 0.536352 0.843995
85.478625298 3.300783 2.130278 0.000000 0.000000 0.000000 0.545020 0.838423
85.528799295 3.300890 2.132535 0.000000 0.000000 0.000000 0.549151 0.835723
85.623463392 3.304257 2.138078 0.000000 0.000000 0.000000 0.556789 0.830654
85.673765659 3.306126 2.140447 0.000000 0.000000 0.000000 0.560648 0.828054
85.763669968 3.312999 2.155748 0.000000 0.000000 0.000000 0.561070 0.827768
85.820935726 3.317304 2.167041 0.000000 0.000000 0.000000 0.561161 0.827707
85.910727024 3.322305 2.183751 0.000000 0.000000 0.000000 0.560781 0.827964
85.964876890 3.324955 2.193751 0.000000 0.000000 0.000000 0.560781 0.827964
86.051109076 3.332909 2.208739 0.000000 0.000000 0.000000 0.560578 0.828102
86.103527308 3.335864 2.219115 0.000000 0.000000 0.000000 0.560674 0.828037
86.201452255 3.342952 2.237317 0.000000 0.000000 0.000000 0.560587 0.828096
86.242657185 3.346215 2.242990 0.000000 0.000000 0.000000 0.560890 0.827890
86.334985495 3.351409 2.256812 0.000000 0.000000 0.000000 0.560821 0.827937
86.382092714 3.353362 2.258080 0.000000 0.000000 0.000000 0.564290 0.825576
86.472083092 3.355876 2.261874 0.000000 0.000000 0.000000 0.571553 0.820565
86.523828268 3.358091 2.264369 0.000000 0.000000 0.000000 0.575689 0.817669
86.615870237 3.360993 2.268103 0.000000 0.000000 0.000000 0.582743 0.812657
86.670076370 3.361736 2.268429 0.000000 0.000000 0.000000 0.587222 0.809426
86.774803400 3.368721 2.288382 0.000000 0.000000 0.000000 0.587372 0.809317
86.820199966 3.373120 2.296334 0.000000 0.000000 0.000000 0.587525 0.809206
86.919469357 3.380206 2.314966 0.000000 0.000000 0.000000 0.587483 0.809237
86.967871189 3.384434 2.323005 0.000000 0.000000 0.000000 0.587728 0.809059
87.056761026 3.391857 2.338480 0.000000 0.000000 0.000000 0.587420 0.809282
87.109259605 3.393296 2.349570 0.000000 0.000000 0.000000 0.587125 0.809496
87.192007065 3.397887 2.365683 0.000000 0.000000 0.000000 0.587184 0.809454
87.253980637 3.400842 2.377019 0.000000 0.000000 0.000000 0.587042 0.809557
87.349741697 3.402794 2.381663 0.000000 0.000000 0.000000 0.594304 0.804240
87.405018091 3.403208 2.383402 0.000000 0.000000 0.000000 0.599209 0.800593
87.485984564 3.404741 2.387643 0.000000 0.000000 0.000000 0.605399 0.795922
87.543567896 3.406392 2.389994 0.000000 0.000000 0.000000 0.609788 0.792565
87.634330273 3.406343 2.394773 0.000000 0.000000 0.000000 0.616792 0.787126
87.686902761 3.406402 2.398697 0.000000 0.000000 0.000000 0.620602 0.784126
87.787247896 3.407725 2.402700 0.000000 0.000000 0.000000 0.628097 0.778135
87.837472916 3.409972 2.412477 0.000000 0.000000 0.000000 0.628370 0.777915
87.916748285 3.412275 2.428141 0.000000 0.000000 0.000000 0.628408 0.777884
87.986268759 3.414066 2.440743 0.000000 0.000000 0.000000 0.628587 0.777739
88.086726427 3.417622 2.459641 0.000000 0.000000 0.000000 0.628692 0.777655
88.150101423 3.419313 2.470561 0.000000 0.000000 0.000000 0.628821 0.777550
88.240933418 3.419877 2.476500 0.000000 0.000000 0.000000 0.635795 0.771858
88.297403812 3.421480 2.479996 0.000000 0.000000 0.000000 0.639616 0.768695
88.386169910 3.420371 2.483685 0.000000 0.000000 0.000000 0.646270 0.763109
88.450335503 3.419325 2.487707 0.000000 0.000000 0.000000 0.650969 0.759104
88.535275698 3.420192 2.489909 0.000000 0.000000 0.000000 0.656929 0.753952
88.605426788 3.413379 2.497206 0.000000 0.000000 0.000000 0.662305 0.749234
88.683759212 3.414910 2.502011 0.000000 0.000000 0.000000 0.667944 0.744212
88.750116110 3.416482 2.514494 0.000000 0.000000 0.000000 0.667699 0.744431
88.851769447 3.418988 2.533727 0.000000 0.000000 0.000000 0.667403 0.744697
88.916266441 3.419366 2.545475 0.000000 0.000000 0.000000 0.667320 0.744771
89.002526760 3.420658 2.562555 0.000000 0.000000 0.000000 0.667057 0.745006
89.057895184 3.422728 2.573268 0.000000 0.000000 0.000000 0.667067 0.744998
89.140100241 3.426230 2.589724 0.000000 0.000000 0.000000 0.666957 0.745096
89.195465088 3.427891 2.590714 0.000000 0.000000 0.000000 0.670772 0.741663
89.289087772 3.427253 2.596314 0.000000 0.000000 0.000000 0.677630 0.735403
89.344048738 3.426041 2.599596 0.000000 0.000000 0.000000 0.681768 0.731568
89.440391302 3.425763 2.603717 0.000000 0.000000 0.000000 0.688603 0.725139
89.492968559 3.425879 2.605990 0.000000 0.000000 0.000000 0.692524 0.721394
89.607647657 3.425580 2.628749 0.000000 0.000000 0.000000 0.692475 0.721442
89.672281504 3.425884 2.641253 0.000000 0.000000 0.000000 0.692335 0.721576
89.768073082 3.425758 2.659480 0.000000 0.000000 0.000000 0.692408 0.721506
89.829360723 3.425675 2.672990 0.000000 0.000000 0.000000 0.692482 0.721435
89.918611765 3.426067 2.690307 0.000000 0.000000 0.000000 0.692538 0.721382
89.983339548 3.428236 2.702707 0.000000 0.000000 0.000000 0.692563 0.721357
90.075467348 3.428596 2.719809 0.000000 0.000000 0.000000 0.692688 0.721237
90.136802912 3.428022 2.733042 0.000000 0.000000 0.000000 0.692580 0.721341
90.217718840 3.427136 2.749004 0.000000 0.000000 0.000000 0.692826 0.721104
90.282570362 3.425171 2.761508 0.000000 0.000000 0.000000 0.692722 0.721205
90.377734184 3.428317 2.781022 0.000000 0.000000 0.000000 0.692953 0.720983
90.428593874 3.425643 2.791351 0.000000 0.000000 0.000000 0.692791 0.721139
90.510604858 3.426499 2.807810 0.000000 0.000000 0.000000 0.692460 0.721456
90.568803549 3.427863 2.819862 0.000000 0.000000 0.000000 0.692398 0.721516
90.669097900 3.427614 2.840403 0.000000 0.000000 0.000000 0.692312 0.721598
90.734403133 3.427565 2.852900 0.000000 0.000000 0.000000 0.692220 0.721687
90.817264557 3.428605 2.867282 0.000000 0.000000 0.000000 0.692195 0.721710
90.874949217 3.429525 2.883124 0.000000 0.000000 0.000000 0.692453 0.721463
90.977848291 3.429585 2.901879 0.000000 0.000000 0.000000 0.692336 0.721575
91.038990498 3.431673 2.914947 0.000000 0.000000 0.000000 0.692287 0.721622
91.132968187 3.432469 2.932485 0.000000 0.000000 0.000000 0.692354 0.721558
91.184181929 3.433677 2.941796 0.000000 0.000000 0.000000 0.692353 0.721559
91.277483940 3.434920 2.960249 0.000000 0.000000 0.000000 0.692427 0.721488
91.333750963 3.434823 2.970914 0.000000 0.000000 0.000000 0.692424 0.721491
91.435931683 3.435497 2.991661 0.000000 0.000000 0.000000 0.692644 0.721279
91.490885019 3.435750 3.001770 0.000000 0.000000 0.000000 0.692492 0.721426
91.596405983 3.434608 3.022522 0.000000 0.000000 0.000000 0.692456 0.721460
91.657889366 3.436583 3.035940 0.000000 0.000000 0.000000 0.692445 0.721470
91.744920015 3.437442 3.053091 0.000000 0.000000 0.000000 0.692587 0.721334
91.803375244 3.437599 3.065959 0.000000 0.000000 0.000000 0.692778 0.721151
91.889576912 3.438530 3.083032 0.000000 0.000000 0.000000 0.693009 0.720929
91.950321198 3.437180 3.094427 0.000000 0.000000 0.000000 0.692580 0.721342
92.040585995 3.437157 3.111504 0.000000 0.000000 0.000000 0.692771 0.721157
92.095539570 3.437875 3.121776 0.000000 0.000000 0.000000 0.692426 0.721489
92.180634975 3.437095 3.136422 0.000000 0.000000 0.000000 0.692518 0.721401
92.233907700 3.435871 3.148603 0.000000 0.000000 0.000000 0.692576 0.721345
92.324627161 3.437851 3.166346 0.000000 0.000000 0.000000 0.692499 0.721419
92.377721786 3.437785 3.175393 0.000000 0.000000 0.000000 0.692445 0.721470
92.477380037 3.438122 3.194157 0.000000 0.000000 0.000000 0.692384 0.721529
92.527386665 3.438342 3.203894 0.000000 0.000000 0.000000 0.692266 0.721642
92.615924358 3.438320 3.221326 0.000000 0.000000 0.000000 0.691891 0.722002
92.672314167 3.439022 3.232170 0.000000 0.000000 0.000000 0.691763 0.722124
92.773890257 3.439039 3.252505 0.000000 0.000000 0.000000 0.691707 0.722178
92.833395958 3.440802 3.264288 0.000000 0.000000 0.000000 0.691523 0.722354
92.924817085 3.440630 3.282772 0.000000 0.000000 0.000000 0.691360 0.722510
92.988978386 3.440794 3.296047 0.000000 0.000000 0.000000 0.691459 0.722415
93.100240469 3.440691 3.317276 0.000000 0.000000 0.000000 0.691396 0.722476
93.152472734 3.442112 3.327495 0.000000 0.000000 0.000000 0.691454 0.722421
93.248969555 3.444165 3.343746 0.000000 0.000000 0.000000 0.691299 0.722569
93.302347898 3.442741 3.352686 0.000000 0.000000 0.000000 0.691268 0.722598
93.402684212 3.444584 3.369390 0.000000 0.000000 0.000000 0.691073 0.722785
93.454676867 3.446035 3.378537 0.000000 0.000000 0.000000 0.691031 0.722825
93.552758694 3.447451 3.396246 0.000000 0.000000 0.000000 0.690801 0.723045
93.613630056 3.448736 3.407990 0.000000 0.000000 0.000000 0.690771 0.723074
93.707502604 3.448331 3.427006 0.000000 0.000000 0.000000 0.690529 0.723304
93.764230251 3.448715 3.436522 0.000000 0.000000 0.000000 0.690456 0.723374
93.873910427 3.448160 3.459043 0.000000 0.000000 0.000000 0.690467 0.723364
93.914932251 3.449085 3.466662 0.000000 0.000000 0.000000 0.690404 0.723424
94.005584240 3.450060 3.482834 0.000000 0.000000 0.000000 0.690243 0.723578
94.060539484 3.451671 3.492153 0.000000 0.000000 0.000000 0.690495 0.723337
94.156020403 3.451454 3.511899 0.000000 0.000000 0.000000 0.690430 0.723399
94.210253716 3.452119 3.521724 0.000000 0.000000 0.000000 0.690352 0.723473
94.306135893 3.451378 3.540704 0.000000 0.000000 0.000000 0.689941 0.723866
94.372974396 3.450911 3.554410 0.000000 0.000000 0.000000 0.689793 0.724007
94.471097946 3.451533 3.572998 0.000000 0.000000 0.000000 0.689860 0.723943
94.529613972 3.453704 3.584935 0.000000 0.000000 0.000000 0.689300 0.724476
94.627149820 3.455326 3.603427 0.000000 0.000000 0.000000 0.689201 0.724571
94.671769142 3.454069 3.613113 0.000000 0.000000 0.000000 0.688733 0.725015
94.763330460 3.456795 3.631481 0.000000 0.000000 0.000000 0.688651 0.725093
94.822440624 3.458317 3.642464 0.000000 0.000000 0.000000 0.688639 0.725105
94.912670851 3.458571 3.659489 0.000000 0.000000 0.000000 0.688588 0.725153
94.978972197 3.459149 3.672663 0.000000 0.000000 0.000000 0.688441 0.725292
95.068254471 3.462769 3.692233 0.000000 0.000000 0.000000 0.688004 0.725707
95.123470068 3.463530 3.703307 0.000000 0.000000 0.000000 0.687858 0.725846
95.210581541 3.465332 3.720690 0.000000 0.000000 0.000000 0.687987 0.725723
95.261231899 3.465640 3.732181 0.000000 0.000000 0.000000 0.688243 0.725481
95.358219862 3.466058 3.750841 0.000000 0.000000 0.000000 0.688266 0.725459
95.405269146 3.468738 3.760527 0.000000 0.000000 0.000000 0.687873 0.725831
95.495450497 3.469678 3.760770 0.000000 0.000000 0.000000 0.688256 0.725468
95.556711435 3.469792 3.761236 0.000000 0.000000 0.000000 0.688221 0.725501
95.654532194 3.472416 3.756237 0.000000 0.000000 0.000000 0.688486 0.725250
95.718507051 3.473009 3.755644 0.000000 0.000000 0.000000 0.688567 0.725173
95.809733868 3.473353 3.756021 0.000000 0.000000 0.000000 0.688393 0.725338
95.869915009 3.473646 3.757270 0.000000 0.000000 0.000000 0.688235 0.725488
95.968504429 3.473281 3.756831 0.000000 0.000000 0.000000 0.688301 0.725425
96.013655424 3.472040 3.757520 0.000000 0.000000 0.000000 0.688062 0.725651
96.105460644 3.470661 3.758772 0.000000 0.000000 0.000000 0.688353 0.725376
96.151817083 3.469774 3.759102 0.000000 0.000000 0.000000 0.688618 0.725125
96.249305487 3.468988 3.758884 0.000000 0.000000 0.000000 0.688611 0.725131
96.313171148 3.468187 3.756881 0.000000 0.000000 0.000000 0.688706 0.725040
96.411842108 3.468312 3.756454 0.000000 0.000000 0.000000 0.688739 0.725010
96.483254194 3.468028 3.755998 0.000000 0.000000 0.000000 0.688547 0.725191
96.576039553 3.468500 3.757255 0.000000 0.000000 0.000000 0.688355 0.725374
96.634468794 3.467647 3.756226 0.000000 0.000000 0.000000 0.688071 0.725644
96.723625898 3.466931 3.756539 0.000000 0.000000 0.000000 0.687974 0.725735
96.781600475 3.467895 3.757174 0.000000 0.000000 0.000000 0.687991 0.725719
96.866395235 3.467740 3.756798 0.000000 0.000000 0.000000 0.688154 0.725565
96.921135187 3.467793 3.756460 0.000000 0.000000 0.000000 0.688175 0.725545
97.019036293 3.468033 3.755539 0.000000 0.000000 0.000000 0.688329 0.725398
97.060910940 3.466988 3.754540 0.000000 0.000000 0.000000 0.688260 0.725464
97.153807163 3.466174 3.755416 0.000000 0.000000 0.000000 0.688424 0.725308
97.211027622 3.466779 3.755169 0.000000 0.000000 0.000000 0.688258 0.725466
97.305245876 3.466618 3.753768 0.000000 0.000000 0.000000 0.687926 0.725781
97.364989996 3.466089 3.752537 0.000000 0.000000 0.000000 0.687956 0.725752
97.465471268 3.467220 3.753770 0.000000 0.000000 0.000000 0.687940 0.725768
97.531141281 3.466684 3.754506 0.000000 0.000000 0.000000 0.688029 0.725683
97.607466698 3.465441 3.756114 0.000000 0.000000 0.000000 0.687690 0.726005
97.670571327 3.466142 3.755734 0.000000 0.000000 0.000000 0.687792 0.725908
97.761371374 3.465126 3.756751 0.000000 0.000000 0.000000 0.687883 0.725822
97.826786518 3.465197 3.754801 0.000000 0.000000 0.000000 0.687901 0.725805
97.904732704 3.463502 3.755120 0.000000 0.000000 0.000000 0.688024 0.725688
97.972033739 3.462732 3.755615 0.000000 0.000000 0.000000 0.687904 0.725802
98.065672398 3.463238 3.756805 0.000000 0.000000 0.000000 0.688175 0.725545
98.120881319 3.463441 3.755078 0.000000 0.000000 0.000000 0.688445 0.725289
98.209275961 3.465112 3.756606 0.000000 0.000000 0.000000 0.688090 0.725625
98.266049623 3.465179 3.757029 0.000000 0.000000 0.000000 0.688141 0.725577
98.353181839 3.464756 3.758034 0.000000 0.000000 0.000000 0.688135 0.725583
98.403073549 3.463403 3.758723 0.000000 0.000000 0.000000 0.688094 0.725622
98.490382910 3.463955 3.760217 0.000000 0.000000 0.000000 0.688037 0.725675
98.542252064 3.463272 3.760913 0.000000 0.000000 0.000000 0.688137 0.725581
98.624454260 3.462190 3.759886 0.000000 0.000000 0.000000 0.688127 0.725590
98.685510397 3.460804 3.760381 0.000000 0.000000 0.000000 0.688082 0.725633
98.779605627 3.460168 3.760422 0.000000 0.000000 0.000000 0.687972 0.725737
98.838194609 3.458904 3.760298 0.000000 0.000000 0.000000 0.688135 0.725583
98.929908276 3.459116 3.760963 0.000000 0.000000 0.000000 0.688043 0.725670
98.986426353 3.459147 3.760367 0.000000 0.000000 0.000000 0.688218 0.725504
99.090990067 3.457884 3.760303 0.000000 0.000000 0.000000 0.688158 0.725561
99.137984037 3.456882 3.760703 0.000000 0.000000 0.000000 0.687957 0.725752
99.222180128 3.457660 3.760653 0.000000 0.000000 0.000000 0.688068 0.725646
99.274515629 3.456629 3.761717 0.000000 0.000000 0.000000 0.688063 0.725651
99.372492313 3.455272 3.761645 0.000000 0.000000 0.000000 0.688212 0.725509
99.430688858 3.455856 3.761483 0.000000 0.000000 0.000000 0.687763 0.725935
99.544572830 3.456002 3.760537 0.000000 0.000000 0.000000 0.687730 0.725967
99.586899042 3.455936 3.761966 0.000000 0.000000 0.000000 0.687856 0.725847
99.684531927 3.456303 3.761699 0.000000 0.000000 0.000000 0.687825 0.725877
99.732462883 3.457095 3.762193 0.000000 0.000000 0.000000 0.687839 0.725863
99.817482233 3.458254 3.761332 0.000000 0.000000 0.000000 0.687877 0.725827
99.865893364 3.459090 3.758652 0.000000 0.000000 0.000000 0.687897 0.725808
99.974117994 3.460617 3.758258 0.000000 0.000000 0.000000 0.688057 0.725657
100.008396149 3.460946 3.758296 0.000000 0.000000 0.000000 0.688067 0.725648
100.099959850 3.458841 3.755962 0.000000 0.000000 0.000000 0.687895 0.725810
100.157341719 3.459610 3.758906 0.000000 0.000000 0.000000 0.687996 0.725715
100.251402378 3.459552 3.759007 0.000000 0.000000 0.000000 0.688354 0.725375
100.296842813 3.458425 3.756702 0.000000 0.000000 0.000000 0.688597 0.725144
100.386153460 3.458133 3.752587 0.000000 0.000000 0.000000 0.689226 0.724546
100.438560963 3.457605 3.751849 0.000000 0.000000 0.000000 0.688997 0.724764
100.523025513 3.457465 3.752505 0.000000 0.000000 0.000000 0.688933 0.724825
100.578892708 3.457162 3.754926 0.000000 0.000000 0.000000 0.688966 0.724794
100.666844606 3.456224 3.755129 0.000000 0.000000 0.000000 0.689123 0.724644
100.717916250 3.455256 3.755673 0.000000 0.000000 0.000000 0.689150 0.724618
100.814438343 3.452720 3.755940 0.000000 0.000000 0.000000 0.689197 0.724574
100.859156370 3.453030 3.755976 0.000000 0.000000 0.000000 0.689300 0.724476
100.952885628 3.452970 3.757513 0.000000 0.000000 0.000000 0.689257 0.724517
101.000487804 3.453008 3.757654 0.000000 0.000000 0.000000 0.689120 0.724647
101.085479736 3.453667 3.756553 0.000000 0.000000 0.000000 0.689278 0.724497
101.136031866 3.453018 3.756700 0.000000 0.000000 0.000000 0.689510 0.724277
101.229514122 3.451872 3.756878 0.000000 0.000000 0.000000 0.689242 0.724531
101.274351120 3.452021 3.756974 0.000000 0.000000 0.000000 0.689029 0.724734
101.373620749 3.452559 3.758496 0.000000 0.000000 0.000000 0.689139 0.724629
101.426921129 3.451445 3.758241 0.000000 0.000000 0.000000 0.688775 0.724975
101.521782160 3.450378 3.761469 0.000000 0.000000 0.000000 0.688830 0.724923
101.570658922 3.449788 3.761471 0.000000 0.000000 0.000000 0.688772 0.724978
101.657437325 3.449953 3.761986 0.000000 0.000000 0.000000 0.688577 0.725163
101.713495970 3.449326 3.762234 0.000000 0.000000 0.000000 0.688456 0.725278
101.799236774 3.446851 3.761370 0.000000 0.000000 0.000000 0.688551 0.725188
101.849389791 3.448966 3.760325 0.000000 0.000000 0.000000 0.688849 0.724904
101.945839167 3.448771 3.762133 0.000000 0.000000 0.000000 0.688874 0.724881
101.999189854 3.449811 3.761930 0.000000 0.000000 0.000000 0.688608 0.725134
102.086042404 3.450530 3.761196 0.000000 0.000000 0.000000 0.688328 0.725400
102.136522293 3.449680 3.761206 0.000000 0.000000 0.000000 0.688285 0.725441
102.221495152 3.448811 3.759459 0.000000 0.000000 0.000000 0.688555 0.725184
102.276251078 3.447979 3.761119 0.000000 0.000000 0.000000 0.688487 0.725248
102.367645025 3.447102 3.759653 0.000000 0.000000 0.000000 0.688086 0.725629
102.423708200 3.447124 3.760796 0.000000 0.000000 0.000000 0.688068 0.725646
102.525077105 3.446752 3.760729 0.000000 0.000000 0.000000 0.687984 0.725725
102.574762106 3.442328 3.762130 0.000000 0.000000 0.000000 0.688532 0.725206
102.674291134 3.442657 3.762102 0.000000 0.000000 0.000000 0.688592 0.725149
