56.000000000 0.007012 1.006695 0.000000 0.000000 0.000000 0.003839 0.999993
56.092626333 0.006727 1.005925 0.000000 0.000000 0.000000 0.002120 0.999998
56.136488199 0.004433 1.004230 0.000000 0.000000 0.000000 0.001578 0.999999
56.234569073 0.003274 1.004355 0.000000 0.000000 0.000000 0.001373 0.999999
56.291095257 0.002903 1.005472 0.000000 0.000000 0.000000 0.001425 0.999999
56.384810448 0.003050 1.005678 0.000000 0.000000 0.000000 0.001028 0.999999
56.432573795 0.004905 1.004422 0.000000 0.000000 0.000000 0.000782 1.000000
56.517774343 0.006082 1.003391 0.000000 0.000000 0.000000 0.000453 1.000000
56.566277504 0.005958 1.002053 0.000000 0.000000 0.000000 0.000384 1.000000
56.658776283 0.006358 1.006190 0.000000 0.000000 0.000000 0.002347 0.999997
56.719421625 0.005999 1.006404 0.000000 0.000000 0.000000 0.002572 0.999997
56.806190968 0.004995 1.006204 0.000000 0.000000 0.000000 0.002449 0.999997
56.859033823 0.003901 1.005120 0.000000 0.000000 0.000000 0.002210 0.999998
56.956225157 0.002647 1.003890 0.000000 0.000000 0.000000 0.002449 0.999997
56.992516994 0.001706 1.003859 0.000000 0.000000 0.000000 0.002274 0.999997
57.085117579 0.000553 1.003693 0.000000 0.000000 0.000000 0.002038 0.999998
57.135342836 0.000109 1.004736 0.000000 0.000000 0.000000 0.001999 0.999998
57.226917267 0.000143 1.004921 0.000000 0.000000 0.000000 0.001823 0.999998
57.280653477 -0.000825 1.005022 0.000000 0.000000 0.000000 0.001447 0.999999
57.376023293 -0.002006 1.004612 0.000000 0.000000 0.000000 0.001252 0.999999
57.421943903 -0.002972 1.003578 0.000000 0.000000 0.000000 0.001181 0.999999
57.506844759 -0.001871 1.004077 0.000000 0.000000 0.000000 0.001271 0.999999
57.561612844 -0.002611 1.003778 0.000000 0.000000 0.000000 0.001248 0.999999
57.661116600 -0.004732 1.005172 0.000000 0.000000 0.000000 0.001481 0.999999
57.713097334 -0.005899 1.005824 0.000000 0.000000 0.000000 0.001699 0.999999
57.818692207 -0.004509 1.005525 0.000000 0.000000 0.000000 0.001765 0.999998
57.857132435 -0.003997 1.006875 0.000000 0.000000 0.000000 0.001921 0.999998
57.942367077 -0.003527 1.009140 0.000000 0.000000 0.000000 0.001769 0.999998
57.993121147 -0.003810 1.009841 0.000000 0.000000 0.000000 0.001644 0.999999
58.084053516 -0.002703 1.011061 0.000000 0.000000 0.000000 0.001436 0.999999
58.134043932 -0.002788 1.012005 0.000000 0.000000 0.000000 0.001576 0.999999
58.226578236 -0.002582 1.011860 0.000000 0.000000 0.000000 0.001206 0.999999
58.278188705 -0.002483 1.010454 0.000000 0.000000 0.000000 0.001173 0.999999
58.375108480 -0.003652 1.012292 0.000000 0.000000 0.000000 0.001180 0.999999
58.432198524 -0.004557 1.013173 0.000000 0.000000 0.000000 0.000856 1.000000
58.513686180 -0.004812 1.012176 0.000000 0.000000 0.000000 0.000947 1.000000
58.577755451 -0.005115 1.011001 0.000000 0.000000 0.000000 0.000847 1.000000
58.663658381 -0.005149 1.013268 0.000000 0.000000 0.000000 0.000688 1.000000
58.721382856 -0.005881 1.012362 0.000000 0.000000 0.000000 0.000548 1.000000
58.811643362 -0.004918 1.011236 0.000000 0.000000 0.000000 0.000461 1.000000
58.859117508 -0.003799 1.012143 0.000000 0.000000 0.000000 0.000409 1.000000
58.954252720 -0.002809 1.012835 0.000000 0.000000 0.000000 0.000187 1.000000
59.016629219 -0.002821 1.012250 0.000000 0.000000 0.000000 0.000103 1.000000
59.106379747 -0.003540 1.011627 0.000000 0.000000 0.000000 0.000278 1.000000
59.158839226 -0.004562 1.012613 0.000000 0.000000 0.000000 0.000420 1.000000
59.239713192 -0.006109 1.014744 0.000000 0.000000 0.000000 0.000860 1.000000
59.295119047 -0.006180 1.016305 0.000000 0.000000 0.000000 0.000588 1.000000
59.400145054 -0.003357 1.015604 0.000000 0.000000 0.000000 0.000587 1.000000
59.447155952 -0.003684 1.014344 0.000000 0.000000 0.000000 0.000355 1.000000
59.543852329 -0.004692 1.014622 0.000000 0.000000 0.000000 0.000188 1.000000
59.590034962 -0.006653 1.015644 0.000000 0.000000 0.000000 0.000380 1.000000
59.665421247 -0.005021 1.015035 0.000000 0.000000 0.000000 0.000384 1.000000
59.720851421 -0.005541 1.014758 0.000000 0.000000 0.000000 0.000243 1.000000
59.805132151 -0.004268 1.012748 0.000000 0.000000 0.000000 0.000439 1.000000
59.860359430 -0.006056 1.015405 0.000000 0.000000 0.000000 -0.000313 1.000000
59.957119226 -0.006483 1.016188 0.000000 0.000000 0.000000 -0.000267 1.000000
60.005816936 -0.007194 1.017002 0.000000 0.000000 0.000000 -0.000638 1.000000
60.089397669 -0.009444 1.017484 0.000000 0.000000 0.000000 -0.000234 1.000000
60.138172865 -0.007839 1.017000 0.000000 0.000000 0.000000 -0.000374 1.000000
60.220950127 -0.007431 1.017263 0.000000 0.000000 0.000000 -0.000133 1.000000
60.272440672 -0.008801 1.017260 0.000000 0.000000 0.000000 0.000060 1.000000
60.365985632 -0.009622 1.017341 0.000000 0.000000 0.000000 0.000324 1.000000
60.419920921 -0.008667 1.016857 0.000000 0.000000 0.000000 0.000527 1.000000
60.517887354 -0.008994 1.016638 0.000000 0.000000 0.000000 0.000611 1.000000
60.576246977 -0.010135 1.017599 0.000000 0.000000 0.000000 0.001022 0.999999
60.661265135 -0.010452 1.019837 0.000000 0.000000 0.000000 0.001561 0.999999
60.720116138 -0.010711 1.020061 0.000000 0.000000 0.000000 0.001412 0.999999
60.806773424 -0.009575 1.019056 0.000000 0.000000 0.000000 0.001364 0.999999
60.856551170 -0.008572 1.018051 0.000000 0.000000 0.000000 0.001751 0.999998
60.954911470 -0.008160 1.018653 0.000000 0.000000 0.000000 0.002109 0.999998
61.012297630 -0.008885 1.020110 0.000000 0.000000 0.000000 0.002420 0.999997
61.109639168 -0.008244 1.020430 0.000000 0.000000 0.000000 0.002956 0.999996
61.157109976 -0.009142 1.021112 0.000000 0.000000 0.000000 0.002846 0.999996
61.239634752 -0.008905 1.020501 0.000000 0.000000 0.000000 0.003145 0.999995
61.291578770 -0.008714 1.020961 0.000000 0.000000 0.000000 0.003091 0.999995
61.377224922 -0.009929 1.021541 0.000000 0.000000 0.000000 0.002774 0.999996
61.424571276 -0.010146 1.023631 0.000000 0.000000 0.000000 0.002906 0.999996
61.517945051 -0.010352 1.023854 0.000000 0.000000 0.000000 0.002498 0.999997
61.571182013 -0.010183 1.026432 0.000000 0.000000 0.000000 0.002342 0.999997
61.674693108 -0.010868 1.026819 0.000000 0.000000 0.000000 0.001786 0.999998
61.731230259 -0.010777 1.025705 0.000000 0.000000 0.000000 0.001746 0.999998
61.823836803 -0.010574 1.027249 0.000000 0.000000 0.000000 0.002028 0.999998
61.867137194 -0.011442 1.027213 0.000000 0.000000 0.000000 0.002212 0.999998
61.957184315 -0.009839 1.027980 0.000000 0.000000 0.000000 0.002401 0.999997
62.007257462 -0.009159 1.026509 0.000000 0.000000 0.000000 0.002329 0.999997
62.096065044 -0.008916 1.026578 0.000000 0.000000 0.000000 0.002305 0.999997
62.149833441 -0.009081 1.025661 0.000000 0.000000 0.000000 0.002077 0.999998
62.231528997 0.007890 1.024700 0.000000 0.000000 0.000000 0.002321 0.999997
62.288254261 0.019784 1.024668 0.000000 0.000000 0.000000 0.002174 0.999998
62.372793436 0.035294 1.024796 0.000000 0.000000 0.000000 0.002010 0.999998
62.437046528 0.046786 1.025530 0.000000 0.000000 0.000000 0.002166 0.999998
62.518205643 0.061243 1.024545 0.000000 0.000000 0.000000 0.002146 0.999998
62.573649645 0.073108 1.025043 0.000000 0.000000 0.000000 0.002737 0.999996
62.658019066 0.088449 1.023095 0.000000 0.000000 0.000000 0.002429 0.999997
62.708748341 0.098190 1.022770 0.000000 0.000000 0.000000 0.002949 0.999996
62.802901506 0.115633 1.023608 0.000000 0.000000 0.000000 0.002934 0.999996
62.862125397 0.129711 1.022245 0.000000 0.000000 0.000000 0.002996 0.999996
62.944721937 0.144416 1.022447 0.000000 0.000000 0.000000 0.003172 0.999995
63.001682520 0.156882 1.024264 0.000000 0.000000 0.000000 0.003606 0.999993
63.096352816 0.175514 1.025703 0.000000 0.000000 0.000000 0.003508 0.999994
63.140980959 0.185351 1.024783 0.000000 0.000000 0.000000 0.003867 0.999993
63.224403381 0.201241 1.022354 0.000000 0.000000 0.000000 0.003530 0.999994
63.278097630 0.210854 1.020190 0.000000 0.000000 0.000000 0.003500 0.999994
63.378735542 0.229808 1.020288 0.000000 0.000000 0.000000 0.003426 0.999994
63.429337263 0.237158 1.021706 0.000000 0.000000 0.000000 0.003509 0.999994
63.507558107 0.251430 1.022556 0.000000 0.000000 0.000000 0.003453 0.999994
63.561244726 0.263770 1.021783 0.000000 0.000000 0.000000 0.003228 0.999995
63.651183605 0.280976 1.021459 0.000000 0.000000 0.000000 0.003276 0.999995
63.722069025 0.294782 1.019290 0.000000 0.000000 0.000000 0.003576 0.999994
63.818211794 0.311559 1.020864 0.000000 0.000000 0.000000 0.004213 0.999991
63.867984533 0.322647 1.019852 0.000000 0.000000 0.000000 0.004503 0.999990
63.954170942 0.339417 1.018579 0.000000 0.000000 0.000000 0.004651 0.999989
64.007827759 0.353077 1.018552 0.000000 0.000000 0.000000 0.004483 0.999990
64.098969221 0.370570 1.018906 0.000000 0.000000 0.000000 0.004322 0.999991
64.150251389 0.380405 1.021043 0.000000 0.000000 0.000000 0.004522 0.999990
64.240028858 0.400132 1.021351 0.000000 0.000000 0.000000 0.004600 0.999989
64.291742325 0.411107 1.020550 0.000000 0.000000 0.000000 0.004123 0.999992
64.384911537 0.428712 1.021319 0.000000 0.000000 0.000000 0.003929 0.999992
64.438662767 0.439454 1.023394 0.000000 0.000000 0.000000 0.003931 0.999992
64.529100657 0.459459 1.021848 0.000000 0.000000 0.000000 0.004184 0.999991
64.581606388 0.470983 1.020770 0.000000 0.000000 0.000000 0.003916 0.999992
64.666499376 0.488365 1.020977 0.000000 0.000000 0.000000 0.004149 0.999991
64.719514608 0.498270 1.022381 0.000000 0.000000 0.000000 0.004092 0.999992
64.801486015 0.514903 1.022052 0.000000 0.000000 0.000000 0.004670 0.999989
64.853920698 0.524256 1.020178 0.000000 0.000000 0.000000 0.004627 0.999989
64.943417788 0.541822 1.022317 0.000000 0.000000 0.000000 0.004274 0.999991
64.995023489 0.551556 1.019443 0.000000 0.000000 0.000000 0.004967 0.999988
65.076430798 0.568021 1.019174 0.000000 0.000000 0.000000 0.005006 0.999987
65.137303352 0.579268 1.020722 0.000000 0.000000 0.000000 0.005162 0.999987
65.235720634 0.599494 1.020545 0.000000 0.000000 0.000000 0.005131 0.999987
65.286878586 0.609478 1.020987 0.000000 0.000000 0.000000 0.004799 0.999988
65.388996363 0.628113 1.021144 0.000000 0.000000 0.000000 0.005097 0.999987
65.443364143 0.638701 1.020664 0.000000 0.000000 0.000000 0.005171 0.999987
65.533442974 0.655880 1.021756 0.000000 0.000000 0.000000 0.005339 0.999986
65.583643198 0.665352 1.022519 0.000000 0.000000 0.000000 0.005157 0.999987
65.666572094 0.682203 1.022958 0.000000 0.000000 0.000000 0.005369 0.999986
65.718314648 0.693328 1.022905 0.000000 0.000000 0.000000 0.005635 0.999984
65.813969851 0.712116 1.023368 0.000000 0.000000 0.000000 0.005566 0.999985
65.860479355 0.720005 1.023928 0.000000 0.000000 0.000000 0.005905 0.999983
65.949100494 0.735760 1.024471 0.000000 0.000000 0.000000 0.006020 0.999982
66.006313324 0.748130 1.024573 0.000000 0.000000 0.000000 0.005823 0.999983
66.091695070 0.763540 1.026662 0.000000 0.000000 0.000000 0.005840 0.999983
66.150105000 0.775382 1.028575 0.000000 0.000000 0.000000 0.005835 0.999983
66.245607138 0.793910 1.029624 0.000000 0.000000 0.000000 0.005762 0.999983
66.289936066 0.802573 1.028529 0.000000 0.000000 0.000000 0.006124 0.999981
66.374847174 0.818781 1.029299 0.000000 0.000000 0.000000 0.006088 0.999981
66.427448988 0.828993 1.031374 0.000000 0.000000 0.000000 0.005617 0.999984
66.515174389 0.845114 1.033171 0.000000 0.000000 0.000000 0.005274 0.999986
66.565155268 0.854948 1.033870 0.000000 0.000000 0.000000 0.005163 0.999987
66.668905973 0.876629 1.033258 0.000000 0.000000 0.000000 0.005356 0.999986
66.720251560 0.888333 1.035118 0.000000 0.000000 0.000000 0.005561 0.999985
66.818524122 0.909498 1.036992 0.000000 0.000000 0.000000 0.005702 0.999984
66.862034321 0.916374 1.037772 0.000000 0.000000 0.000000 0.005630 0.999984
66.948162079 0.932218 1.040002 0.000000 0.000000 0.000000 0.005151 0.999987
66.998103142 0.940723 1.041123 0.000000 0.000000 0.000000 0.005316 0.999986
67.100195885 0.960054 1.041323 0.000000 0.000000 0.000000 0.004908 0.999988
67.157076359 0.971880 1.041491 0.000000 0.000000 0.000000 0.004897 0.999988
67.269846916 0.992153 1.041583 0.000000 0.000000 0.000000 0.005076 0.999987
67.325706720 1.003729 1.041557 0.000000 0.000000 0.000000 0.004772 0.999989
67.417520761 1.023352 1.041572 0.000000 0.000000 0.000000 0.004943 0.999988
67.475314379 1.034656 1.042307 0.000000 0.000000 0.000000 0.004969 0.999988
67.587245464 1.056381 1.043638 0.000000 0.000000 0.000000 0.005077 0.999987
67.657504320 1.071829 1.044869 0.000000 0.000000 0.000000 0.004549 0.999990
67.744100571 1.088940 1.044386 0.000000 0.000000 0.000000 0.004714 0.999989
67.809964418 1.103378 1.043006 0.000000 0.000000 0.000000 0.004893 0.999988
67.907867193 1.124249 1.045221 0.000000 0.000000 0.000000 0.005023 0.999987
67.955658197 1.133608 1.046345 0.000000 0.000000 0.000000 0.004921 0.999988
68.043772697 1.149678 1.046708 0.000000 0.000000 0.000000 0.005223 0.999986
68.092056751 1.159032 1.048422 0.000000 0.000000 0.000000 0.005685 0.999984
68.198954105 1.179642 1.049816 0.000000 0.000000 0.000000 0.005583 0.999984
68.239401817 1.187011 1.049394 0.000000 0.000000 0.000000 0.005210 0.999986
68.334116697 1.204075 1.049605 0.000000 0.000000 0.000000 0.005819 0.999983
68.393169165 1.215764 1.048375 0.000000 0.000000 0.000000 0.005622 0.999984
68.488315105 1.236185 1.048029 0.000000 0.000000 0.000000 0.005177 0.999987
68.548655272 1.249357 1.048254 0.000000 0.000000 0.000000 0.005325 0.999986
68.628951550 1.266172 1.048313 0.000000 0.000000 0.000000 0.005411 0.999985
68.688163757 1.277721 1.048694 0.000000 0.000000 0.000000 0.005483 0.999985
68.771270037 1.294467 1.048129 0.000000 0.000000 0.000000 0.006142 0.999981
68.824939728 1.305805 1.047863 0.000000 0.000000 0.000000 0.006325 0.999980
68.927378178 1.324770 1.048082 0.000000 0.000000 0.000000 0.006295 0.999980
68.988554239 1.337229 1.047168 0.000000 0.000000 0.000000 0.006065 0.999982
69.091393948 1.359908 1.049216 0.000000 0.000000 0.000000 0.006129 0.999981
69.142657280 1.369898 1.049678 0.000000 0.000000 0.000000 0.006622 0.999978
69.226943970 1.387733 1.049658 0.000000 0.000000 0.000000 0.006308 0.999980
69.291504383 1.403186 1.050695 0.000000 0.000000 0.000000 0.006623 0.999978
69.395749092 1.424707 1.052682 0.000000 0.000000 0.000000 0.006529 0.999979
69.444655418 1.434525 1.053617 0.000000 0.000000 0.000000 0.006207 0.999981
69.543005466 1.452341 1.053948 0.000000 0.000000 0.000000 0.006367 0.999980
69.595045090 1.462273 1.051534 0.000000 0.000000 0.000000 0.005964 0.999982
69.695927858 1.482030 1.052388 0.000000 0.000000 0.000000 0.006020 0.999982
69.753221989 1.494452 1.053656 0.000000 0.000000 0.000000 0.006154 0.999981
69.852281094 1.514574 1.054995 0.000000 0.000000 0.000000 0.006278 0.999980
69.909631014 1.525325 1.055757 0.000000 0.000000 0.000000 0.006386 0.999980
70.003495455 1.544237 1.055083 0.000000 0.000000 0.000000 0.006579 0.999978
70.055417776 1.556215 1.058073 0.000000 0.000000 0.000000 0.006812 0.999977
70.137858391 1.573845 1.059986 0.000000 0.000000 0.000000 0.006361 0.999980
70.199167728 1.583077 1.059518 0.000000 0.000000 0.000000 0.005915 0.999983
70.302878618 1.602577 1.059607 0.000000 0.000000 0.000000 0.005617 0.999984
70.369396687 1.616133 1.060520 0.000000 0.000000 0.000000 0.005300 0.999986
70.461210728 1.635416 1.061823 0.000000 0.000000 0.000000 0.005308 0.999986
70.509778738 1.646128 1.061276 0.000000 0.000000 0.000000 0.005333 0.999986
70.599387646 1.664246 1.061770 0.000000 0.000000 0.000000 0.005197 0.999986
70.656033039 1.676282 1.061002 0.000000 0.000000 0.000000 0.004937 0.999988
70.768153429 1.698471 1.061147 0.000000 0.000000 0.000000 0.005368 0.999986
70.815999985 1.707768 1.061788 0.000000 0.000000 0.000000 0.005073 0.999987
70.900581121 1.724993 1.062075 0.000000 0.000000 0.000000 0.004264 0.999991
70.955633402 1.736931 1.063221 0.000000 0.000000 0.000000 0.004366 0.999990
71.042252779 1.752631 1.063271 0.000000 0.000000 0.000000 0.004286 0.999991
71.103641987 1.763708 1.064167 0.000000 0.000000 0.000000 0.004394 0.999990
71.186776161 1.780712 1.063818 0.000000 0.000000 0.000000 0.005099 0.999987
71.250498533 1.790941 1.062392 0.000000 0.000000 0.000000 0.004966 0.999988
71.341936827 1.795520 1.061859 0.000000 0.000000 0.000000 0.013988 0.999902
71.393325806 1.797456 1.062098 0.000000 0.000000 0.000000 0.019321 0.999813
71.487019539 1.803061 1.064023 0.000000 0.000000 0.000000 0.028813 0.999585
71.537977695 1.805866 1.064456 0.000000 0.000000 0.000000 0.033532 0.999438
71.626116753 1.810309 1.065330 0.000000 0.000000 0.000000 0.042555 0.999094
71.682151079 1.813709 1.065853 0.000000 0.000000 0.000000 0.047987 0.998848
71.763496399 1.818483 1.066889 0.000000 0.000000 0.000000 0.055949 0.998434
71.820455313 1.822661 1.066924 0.000000 0.000000 0.000000 0.061587 0.998102
71.918866396 1.828945 1.068636 0.000000 0.000000 0.000000 0.071341 0.997452
71.975845575 1.831931 1.068288 0.000000 0.000000 0.000000 0.076759 0.997050
72.068582535 1.836770 1.067991 0.000000 0.000000 0.000000 0.085594 0.996330
72.122643709 1.840457 1.068183 0.000000 0.000000 0.000000 0.090465 0.995900
72.217851877 1.859140 1.071095 0.000000 0.000000 0.000000 0.090719 0.995877
72.265589714 1.868517 1.073521 0.000000 0.000000 0.000000 0.090809 0.995868
72.354194641 1.885852 1.077850 0.000000 0.000000 0.000000 0.090969 0.995854
72.403216600 1.896141 1.079451 0.000000 0.000000 0.000000 0.090584 0.995889
72.504085302 1.916275 1.083581 0.000000 0.000000 0.000000 0.090720 0.995876
72.559812546 1.928656 1.085175 0.000000 0.000000 0.000000 0.090600 0.995887
72.641114473 1.943767 1.089511 0.000000 0.000000 0.000000 0.090710 0.995877
72.695553064 1.955449 1.094251 0.000000 0.000000 0.000000 0.090639 0.995884
72.784453154 1.973835 1.098590 0.000000 0.000000 0.000000 0.090503 0.995896
72.839464188 1.977962 1.097853 0.000000 0.000000 0.000000 0.095823 0.995398
72.931765556 1.981580 1.102193 0.000000 0.000000 0.000000 0.104519 0.994523
72.986810684 1.984587 1.106231 0.000000 0.000000 0.000000 0.110015 0.993930
73.071648121 1.990404 1.107987 0.000000 0.000000 0.000000 0.118118 0.993000
73.129702330 1.991366 1.110098 0.000000 0.000000 0.000000 0.124170 0.992261
73.227200508 1.995231 1.110408 0.000000 0.000000 0.000000 0.133923 0.990992
73.271549940 1.994690 1.109423 0.000000 0.000000 0.000000 0.138346 0.990384
73.365193605 2.012501 1.115249 0.000000 0.000000 0.000000 0.138089 0.990420
73.410813332 2.022261 1.117663 0.000000 0.000000 0.000000 0.137851 0.990453
73.495560646 2.037471 1.121909 0.000000 0.000000 0.000000 0.138105 0.990418
73.549853325 2.049460 1.125375 0.000000 0.000000 0.000000 0.138180 0.990407
73.635336399 2.064082 1.131048 0.000000 0.000000 0.000000 0.138735 0.990329
73.700213671 2.075744 1.132931 0.000000 0.000000 0.000000 0.138370 0.990381
73.794411182 2.094065 1.138039 0.000000 0.000000 0.000000 0.138425 0.990373
73.851395130 2.105201 1.143127 0.000000 0.000000 0.000000 0.138311 0.990389
73.934927464 2.121857 1.146868 0.000000 0.000000 0.000000 0.137994 0.990433
73.994324923 2.125836 1.145363 0.000000 0.000000 0.000000 0.143962 0.989583
74.076428652 2.128380 1.148060 0.000000 0.000000 0.000000 0.152177 0.988353
74.138641834 2.132544 1.148749 0.000000 0.000000 0.000000 0.157959 0.987446
74.232690811 2.137697 1.149089 0.000000 0.000000 0.000000 0.167026 0.985953
74.284757137 2.140679 1.150649 0.000000 0.000000 0.000000 0.172423 0.985023
74.368963718 2.142957 1.151673 0.000000 0.000000 0.000000 0.180266 0.983618
74.424954653 2.147560 1.151154 0.000000 0.000000 0.000000 0.185919 0.982565
74.512892008 2.152052 1.150604 0.000000 0.000000 0.000000 0.194561 0.980890
74.568120718 2.162576 1.155604 0.000000 0.000000 0.000000 0.194718 0.980859
74.659038782 2.179611 1.161588 0.000000 0.000000 0.000000 0.195043 0.980795
74.720528126 2.189774 1.167010 0.000000 0.000000 0.000000 0.195331 0.980737
74.807915449 2.206150 1.175145 0.000000 0.000000 0.000000 0.195513 0.980701
74.867791891 2.217220 1.180637 0.000000 0.000000 0.000000 0.195909 0.980622
74.956265450 2.233683 1.186538 0.000000 0.000000 0.000000 0.195909 0.980622
75.006022692 2.241771 1.190112 0.000000 0.000000 0.000000 0.196486 0.980507
75.093890429 2.258757 1.197807 0.000000 0.000000 0.000000 0.196205 0.980563
75.151803017 2.269220 1.202560 0.000000 0.000000 0.000000 0.196026 0.980599
75.237923384 2.285350 1.209259 0.000000 0.000000 0.000000 0.196044 0.980595
75.289012432 2.296412 1.214027 0.000000 0.000000 0.000000 0.195675 0.980669
75.377345324 2.308866 1.223732 0.000000 0.000000 0.000000 0.198190 0.980164
75.433693886 2.319320 1.227666 0.000000 0.000000 0.000000 0.198182 0.980165
75.537194490 2.336742 1.235521 0.000000 0.000000 0.000000 0.198206 0.980160
75.586070776 2.345821 1.239292 0.000000 0.000000 0.000000 0.198033 0.980195
75.689361572 2.362860 1.245940 0.000000 0.000000 0.000000 0.197692 0.980264
75.744805098 2.372928 1.250900 0.000000 0.000000 0.000000 0.197838 0.980235
75.826009274 2.387926 1.257210 0.000000 0.000000 0.000000 0.197666 0.980269
75.899021864 2.391283 1.259378 0.000000 0.000000 0.000000 0.204905 0.978782
75.992537260 2.396978 1.261135 0.000000 0.000000 0.000000 0.213992 0.976835
76.056124210 2.399693 1.262741 0.000000 0.000000 0.000000 0.220455 0.975397
76.141805172 2.403034 1.265019 0.000000 0.000000 0.000000 0.228888 0.973453
76.196712971 2.406340 1.264845 0.000000 0.000000 0.000000 0.234075 0.972219
76.279946327 2.409064 1.264354 0.000000 0.000000 0.000000 0.242098 0.970252
76.336917877 2.411956 1.266633 0.000000 0.000000 0.000000 0.247605 0.968861
76.431858301 2.416669 1.268542 0.000000 0.000000 0.000000 0.257087 0.966388
76.487337351 2.427159 1.274797 0.000000 0.000000 0.000000 0.257437 0.966295
76.576975346 2.441945 1.282563 0.000000 0.000000 0.000000 0.257408 0.966303
76.635664701 2.450863 1.288998 0.000000 0.000000 0.000000 0.256924 0.966432
76.736702204 2.467020 1.297321 0.000000 0.000000 0.000000 0.256499 0.966544
76.784813404 2.476780 1.301686 0.000000 0.000000 0.000000 0.256156 0.966636
76.872728825 2.492626 1.311635 0.000000 0.000000 0.000000 0.256003 0.966676
76.940669060 2.505998 1.319096 0.000000 0.000000 0.000000 0.255593 0.966784
77.039191484 2.522678 1.329053 0.000000 0.000000 0.000000 0.255267 0.966871
77.091496944 2.531711 1.335017 0.000000 0.000000 0.000000 0.255198 0.966889
77.178045034 2.535578 1.335608 0.000000 0.000000 0.000000 0.263386 0.964691
77.233334064 2.536940 1.337083 0.000000 0.000000 0.000000 0.269043 0.963128
77.321522951 2.541523 1.339289 0.000000 0.000000 0.000000 0.277241 0.960800
77.385615587 2.544791 1.341499 0.000000 0.000000 0.000000 0.283176 0.959068
77.482558012 2.559600 1.352084 0.000000 0.000000 0.000000 0.282873 0.959157
77.535058022 2.568264 1.357157 0.000000 0.000000 0.000000 0.282864 0.959160
77.635596514 2.583950 1.367772 0.000000 0.000000 0.000000 0.282673 0.959216
77.687636852 2.592769 1.373392 0.000000 0.000000 0.000000 0.282759 0.959191
77.783472538 2.607342 1.384171 0.000000 0.000000 0.000000 0.282734 0.959198
77.833787918 2.615491 1.389190 0.000000 0.000000 0.000000 0.282355 0.959310
77.940711260 2.632848 1.402164 0.000000 0.000000 0.000000 0.282176 0.959363
77.985099792 2.640527 1.406517 0.000000 0.000000 0.000000 0.281513 0.959557
78.074628830 2.654568 1.416940 0.000000 0.000000 0.000000 0.281240 0.959637
78.126539230 2.661667 1.421611 0.000000 0.000000 0.000000 0.281023 0.959701
78.225707769 2.665030 1.423097 0.000000 0.000000 0.000000 0.290287 0.956940
78.287621975 2.667507 1.424641 0.000000 0.000000 0.000000 0.296088 0.955161
78.371752024 2.678655 1.433958 0.000000 0.000000 0.000000 0.296036 0.955177
78.425225496 2.686291 1.438990 0.000000 0.000000 0.000000 0.295899 0.955219
78.525620699 2.704263 1.450790 0.000000 0.000000 0.000000 0.295781 0.955256
78.588539600 2.714041 1.458367 0.000000 0.000000 0.000000 0.295269 0.955414
78.670593977 2.728379 1.466735 0.000000 0.000000 0.000000 0.295351 0.955389
78.735427380 2.738760 1.473299 0.000000 0.000000 0.000000 0.295353 0.955388
78.827690363 2.752745 1.484313 0.000000 0.000000 0.000000 0.295254 0.955419
78.889282465 2.762507 1.492835 0.000000 0.000000 0.000000 0.295083 0.955472
78.986895561 2.778712 1.504167 0.000000 0.000000 0.000000 0.294811 0.955556
79.038242817 2.787683 1.509808 0.000000 0.000000 0.000000 0.294924 0.955521
79.133278370 2.791049 1.512651 0.000000 0.000000 0.000000 0.303697 0.952769
79.188038111 2.793897 1.514050 0.000000 0.000000 0.000000 0.308595 0.951194
79.274859905 2.799922 1.517599 0.000000 0.000000 0.000000 0.316826 0.948484
79.325020790 2.809811 1.522887 0.000000 0.000000 0.000000 0.317038 0.948413
79.419587612 2.823857 1.535357 0.000000 0.000000 0.000000 0.316916 0.948454
79.476016521 2.832916 1.540928 0.000000 0.000000 0.000000 0.316784 0.948498
79.572896481 2.848025 1.552337 0.000000 0.000000 0.000000 0.316534 0.948581
79.625355482 2.856304 1.559436 0.000000 0.000000 0.000000 0.316479 0.948600
79.715934038 2.870947 1.569540 0.000000 0.000000 0.000000 0.316545 0.948578
79.766192913 2.878033 1.576245 0.000000 0.000000 0.000000 0.316356 0.948640
79.851100206 2.890384 1.585218 0.000000 0.000000 0.000000 0.316102 0.948725
79.911969662 2.900705 1.593081 0.000000 0.000000 0.000000 0.315915 0.948788
80.005322218 2.912878 1.604731 0.000000 0.000000 0.000000 0.315842 0.948812
80.049822092 2.920851 1.610475 0.000000 0.000000 0.000000 0.316012 0.948755
80.144307137 2.935958 1.623472 0.000000 0.000000 0.000000 0.316285 0.948664
80.194717646 2.947249 1.628596 0.000000 0.000000 0.000000 0.316646 0.948544
80.283586025 2.953128 1.631829 0.000000 0.000000 0.000000 0.324558 0.945866
80.339012861 2.954721 1.634537 0.000000 0.000000 0.000000 0.329410 0.944187
80.432806969 2.959439 1.638137 0.000000 0.000000 0.000000 0.338647 0.940914
80.481657505 2.961621 1.640436 0.000000 0.000000 0.000000 0.343381 0.939196
80.570667744 2.965405 1.644467 0.000000 0.000000 0.000000 0.351910 0.936034
80.629180193 2.967708 1.646348 0.000000 0.000000 0.000000 0.357175 0.934038
80.725515127 2.974616 1.655805 0.000000 0.000000 0.000000 0.366020 0.930607
80.785824299 2.976407 1.656593 0.000000 0.000000 0.000000 0.371713 0.928348
80.885531425 2.979792 1.660797 0.000000 0.000000 0.000000 0.381243 0.924475
80.931448936 2.980798 1.663218 0.000000 0.000000 0.000000 0.385590 0.922670
81.023196459 2.991901 1.676495 0.000000 0.000000 0.000000 0.385899 0.922541
81.074112654 2.998692 1.683480 0.000000 0.000000 0.000000 0.385983 0.922506
81.169610262 3.010381 1.697023 0.000000 0.000000 0.000000 0.386142 0.922439
81.221564293 3.016660 1.702868 0.000000 0.000000 0.000000 0.385834 0.922568
81.317089081 3.030713 1.716790 0.000000 0.000000 0.000000 0.385817 0.922575
81.373459816 3.037909 1.723695 0.000000 0.000000 0.000000 0.385910 0.922537
81.468533754 3.051885 1.736501 0.000000 0.000000 0.000000 0.385966 0.922513
81.523016691 3.060188 1.745020 0.000000 0.000000 0.000000 0.386036 0.922484
81.598726511 3.069610 1.756859 0.000000 0.000000 0.000000 0.386364 0.922346
81.657386780 3.071700 1.758898 0.000000 0.000000 0.000000 0.391766 0.920065
81.743980408 3.074673 1.762356 0.000000 0.000000 0.000000 0.399738 0.916630
81.802433014 3.073797 1.763930 0.000000 0.000000 0.000000 0.404996 0.914318
81.892469883 3.077072 1.767425 0.000000 0.000000 0.000000 0.413300 0.910595
81.951400280 3.079336 1.770099 0.000000 0.000000 0.000000 0.418753 0.908100
82.051398516 3.081687 1.775537 0.000000 0.000000 0.000000 0.427893 0.903829
82.098116398 3.083870 1.777348 0.000000 0.000000 0.000000 0.432134 0.901809
82.188131332 3.094912 1.791540 0.000000 0.000000 0.000000 0.431926 0.901909
82.248149872 3.102717 1.801591 0.000000 0.000000 0.000000 0.431523 0.902102
82.336132288 3.113677 1.814099 0.000000 0.000000 0.000000 0.431791 0.901974
82.396090031 3.120685 1.822091 0.000000 0.000000 0.000000 0.432030 0.901859
82.493404388 3.132805 1.837298 0.000000 0.000000 0.000000 0.431809 0.901965
82.545469284 3.140029 1.844877 0.000000 0.000000 0.000000 0.431846 0.901948
82.645762682 3.152337 1.860225 0.000000 0.000000 0.000000 0.431715 0.902010
82.703368902 3.159684 1.870310 0.000000 0.000000 0.000000 0.431452 0.902136
82.786747932 3.171101 1.883568 0.000000 0.000000 0.000000 0.431340 0.902190
82.854153395 3.179771 1.894953 0.000000 0.000000 0.000000 0.431357 0.902181
82.943068027 3.190989 1.908998 0.000000 0.000000 0.000000 0.430735 0.902478
83.009804964 3.200317 1.918499 0.000000 0.000000 0.000000 0.430560 0.902562
83.085191727 3.209856 1.928259 0.000000 0.000000 0.000000 0.430716 0.902487
83.153803349 3.219233 1.940524 0.000000 0.000000 0.000000 0.430211 0.902728
83.241653681 3.230646 1.954788 0.000000 0.000000 0.000000 0.430201 0.902733
83.297069788 3.231683 1.957393 0.000000 0.000000 0.000000 0.435026 0.900418
83.389735460 3.236457 1.960554 0.000000 0.000000 0.000000 0.443006 0.896519
83.453119040 3.239540 1.960932 0.000000 0.000000 0.000000 0.448248 0.893909
83.537900448 3.243495 1.965304 0.000000 0.000000 0.000000 0.455707 0.890130
83.597048283 3.245168 1.967937 0.000000 0.000000 0.000000 0.460953 0.887424
83.717325926 3.249523 1.973844 0.000000 0.000000 0.000000 0.471825 0.881692
83.749479055 3.250953 1.974074 0.000000 0.000000 0.000000 0.474647 0.880176
83.838826418 3.253916 1.978739 0.000000 0.000000 0.000000 0.482562 0.875862
83.901724577 3.253688 1.982165 0.000000 0.000000 0.000000 0.487836 0.872935
83.992516994 3.255095 1.988823 0.000000 0.000000 0.000000 0.495631 0.868533
84.051721573 3.255157 1.992592 0.000000 0.000000 0.000000 0.500451 0.865765
84.156426907 3.256388 1.997010 0.000000 0.000000 0.000000 0.509587 0.860419
84.200500965 3.257610 1.997485 0.000000 0.000000 0.000000 0.513326 0.858194
84.283172131 3.263575 2.012337 0.000000 0.000000 0.000000 0.513559 0.858054
84.341853619 3.269215 2.022396 0.000000 0.000000 0.000000 0.513108 0.858324
84.440338135 3.279183 2.036892 0.000000 0.000000 0.000000 0.512940 0.858424
84.490278244 3.283317 2.045202 0.000000 0.000000 0.000000 0.512862 0.858471
84.590413809 3.294294 2.062355 0.000000 0.000000 0.000000 0.512690 0.858574
84.637861252 3.296873 2.066069 0.000000 0.000000 0.000000 0.516461 0.856310
84.731191397 3.300265 2.071788 0.000000 0.000000 0.000000 0.524362 0.851496
84.795961142 3.300530 2.075798 0.000000 0.000000 0.000000 0.529716 0.848175
84.885035038 3.301027 2.078703 0.000000 0.000000 0.000000 0.537557 0.843228
84.942189693 3.304396 2.087999 0.000000 0.000000 0.000000 0.537757 0.843100
85.035698891 3.311737 2.104879 0.000000 0.000000 0.000000 0.538238 0.842793
85.087255955 3.316003 2.112937 0.000000 0.000000 0.000000 0.538084 0.842891
85.177431345 3.323320 2.129492 0.000000 0.000000 0.000000 0.537871 0.843027
85.234461546 3.328753 2.141000 0.000000 0.000000 0.000000 0.537815 0.843063
85.317269802 3.334699 2.157039 0.000000 0.000000 0.000000 0.537527 0.843247
85.371974707 3.340959 2.169068 0.000000 0.000000 0.000000 0.537412 0.843320
85.478625298 3.343415 2.174338 0.000000 0.000000 0.000000 0.546242 0.837628
85.528799295 3.347514 2.176311 0.000000 0.000000 0.000000 0.550794 0.834641
85.623463392 3.348267 2.180766 0.000000 0.000000 0.000000 0.558815 0.829292
85.673765659 3.348467 2.184774 0.000000 0.000000 0.000000 0.562791 0.826599
85.763669968 3.354251 2.202112 0.000000 0.000000 0.000000 0.562863 0.826550
85.820935726 3.357936 2.213859 0.000000 0.000000 0.000000 0.562772 0.826612
85.910727024 3.361800 2.233079 0.000000 0.000000 0.000000 0.563830 0.825891
85.964876890 3.365421 2.243701 0.000000 0.000000 0.000000 0.564000 0.825775
86.051109076 3.371709 2.260637 0.000000 0.000000 0.000000 0.563918 0.825831
86.103527308 3.374327 2.270202 0.000000 0.000000 0.000000 0.564049 0.825741
86.201452255 3.381647 2.287365 0.000000 0.000000 0.000000 0.563975 0.825792
86.242657185 3.385396 2.294861 0.000000 0.000000 0.000000 0.563583 0.826059
86.334985495 3.391906 2.310590 0.000000 0.000000 0.000000 0.563426 0.826167
86.382092714 3.393395 2.313816 0.000000 0.000000 0.000000 0.567138 0.823623
86.472083092 3.393785 2.317857 0.000000 0.000000 0.000000 0.574445 0.818543
86.523828268 3.395068 2.322547 0.000000 0.000000 0.000000 0.578539 0.815655
86.615870237 3.396579 2.326927 0.000000 0.000000 0.000000 0.585620 0.810586
86.670076370 3.398167 2.330887 0.000000 0.000000 0.000000 0.590049 0.807368
86.774803400 3.404886 2.348745 0.000000 0.000000 0.000000 0.589931 0.807454
86.820199966 3.408286 2.357921 0.000000 0.000000 0.000000 0.589984 0.807415
86.919469357 3.413604 2.377534 0.000000 0.000000 0.000000 0.589831 0.807527
86.967871189 3.416298 2.386359 0.000000 0.000000 0.000000 0.589826 0.807530
87.056761026 3.420505 2.403986 0.000000 0.000000 0.000000 0.589650 0.807659
87.109259605 3.423904 2.414701 0.000000 0.000000 0.000000 0.589579 0.807711
87.192007065 3.430211 2.427918 0.000000 0.000000 0.000000 0.589862 0.807504
87.253980637 3.433796 2.440192 0.000000 0.000000 0.000000 0.589794 0.807553
87.349741697 3.435241 2.445676 0.000000 0.000000 0.000000 0.597170 0.802115
87.405018091 3.438366 2.448225 0.000000 0.000000 0.000000 0.601484 0.798885
87.485984564 3.441473 2.452079 0.000000 0.000000 0.000000 0.608113 0.793850
87.543567896 3.442137 2.455756 0.000000 0.000000 0.000000 0.613240 0.789896
87.634330273 3.444716 2.459796 0.000000 0.000000 0.000000 0.620479 0.784223
87.686902761 3.444629 2.461556 0.000000 0.000000 0.000000 0.624622 0.780928
87.787247896 3.446201 2.467804 0.000000 0.000000 0.000000 0.632105 0.774882
87.837472916 3.447418 2.476928 0.000000 0.000000 0.000000 0.632180 0.774821
87.916748285 3.451838 2.492204 0.000000 0.000000 0.000000 0.631922 0.775032
87.986268759 3.454594 2.506278 0.000000 0.000000 0.000000 0.631960 0.775001
88.086726427 3.458328 2.525202 0.000000 0.000000 0.000000 0.632101 0.774886
88.150101423 3.462120 2.537770 0.000000 0.000000 0.000000 0.632142 0.774852
88.240933418 3.463725 2.542558 0.000000 0.000000 0.000000 0.639169 0.769066
88.297403812 3.464077 2.545621 0.000000 0.000000 0.000000 0.643713 0.765267
88.386169910 3.463895 2.549859 0.000000 0.000000 0.000000 0.650440 0.759558
88.450335503 3.462854 2.553412 0.000000 0.000000 0.000000 0.655615 0.755095
88.535275698 3.464232 2.557501 0.000000 0.000000 0.000000 0.662120 0.749398
88.605426788 3.463187 2.561551 0.000000 0.000000 0.000000 0.667398 0.744702
88.683759212 3.464138 2.566352 0.000000 0.000000 0.000000 0.673203 0.739458
88.750116110 3.466732 2.579927 0.000000 0.000000 0.000000 0.673322 0.739350
88.851769447 3.468038 2.601243 0.000000 0.000000 0.000000 0.673286 0.739383
88.916266441 3.468789 2.613633 0.000000 0.000000 0.000000 0.673115 0.739538
89.002526760 3.468177 2.630101 0.000000 0.000000 0.000000 0.673504 0.739184
89.057895184 3.471733 2.640851 0.000000 0.000000 0.000000 0.673695 0.739010
89.140100241 3.473409 2.657208 0.000000 0.000000 0.000000 0.673873 0.738847
89.195465088 3.472964 2.662004 0.000000 0.000000 0.000000 0.677941 0.735116
89.289087772 3.472598 2.668398 0.000000 0.000000 0.000000 0.684665 0.728858
89.344048738 3.470713 2.672416 0.000000 0.000000 0.000000 0.688939 0.724819
89.440391302 3.469711 2.677881 0.000000 0.000000 0.000000 0.695867 0.718171
89.492968559 3.468779 2.679789 0.000000 0.000000 0.000000 0.699829 0.714310
89.607647657 3.468117 2.701992 0.000000 0.000000 0.000000 0.699854 0.714286
89.672281504 3.467883 2.715667 0.000000 0.000000 0.000000 0.699673 0.714463
89.768073082 3.469423 2.737077 0.000000 0.000000 0.000000 0.699685 0.714451
89.829360723 3.469567 2.750152 0.000000 0.000000 0.000000 0.699366 0.714764
89.918611765 3.471680 2.769084 0.000000 0.000000 0.000000 0.699349 0.714781
89.983339548 3.473077 2.781258 0.000000 0.000000 0.000000 0.699441 0.714690
90.075467348 3.475347 2.799967 0.000000 0.000000 0.000000 0.699551 0.714583
90.136802912 3.475081 2.812412 0.000000 0.000000 0.000000 0.699368 0.714762
90.217718840 3.474591 2.826470 0.000000 0.000000 0.000000 0.699311 0.714818
90.282570362 3.475705 2.838896 0.000000 0.000000 0.000000 0.699144 0.714981
90.377734184 3.475293 2.859155 0.000000 0.000000 0.000000 0.698918 0.715202
90.428593874 3.475497 2.868815 0.000000 0.000000 0.000000 0.698873 0.715246
90.510604858 3.476031 2.884213 0.000000 0.000000 0.000000 0.699048 0.715075
90.568803549 3.475109 2.896971 0.000000 0.000000 0.000000 0.698919 0.715201
90.669097900 3.474865 2.917848 0.000000 0.000000 0.000000 0.698638 0.715476
90.734403133 3.474274 2.931559 0.000000 0.000000 0.000000 0.698620 0.715493
90.817264557 3.474978 2.945994 0.000000 0.000000 0.000000 0.698412 0.715696
90.874949217 3.478397 2.958557 0.000000 0.000000 0.000000 0.698655 0.715458
90.977848291 3.478724 2.980166 0.000000 0.000000 0.000000 0.698476 0.715633
91.038990498 3.479741 2.990294 0.000000 0.000000 0.000000 0.698791 0.715326
91.132968187 3.479271 3.014126 0.000000 0.000000 0.000000 0.698936 0.715185
91.184181929 3.478442 3.024244 0.000000 0.000000 0.000000 0.699042 0.715081
91.277483940 3.478768 3.043494 0.000000 0.000000 0.000000 0.698756 0.715360
91.333750963 3.479352 3.054303 0.000000 0.000000 0.000000 0.698945 0.715175
91.435931683 3.480876 3.076116 0.000000 0.000000 0.000000 0.698835 0.715283
91.490885019 3.481255 3.087338 0.000000 0.000000 0.000000 0.698979 0.715142
91.596405983 3.482619 3.108041 0.000000 0.000000 0.000000 0.698932 0.715189
91.657889366 3.482840 3.119703 0.000000 0.000000 0.000000 0.698624 0.715489
91.744920015 3.483052 3.138035 0.000000 0.000000 0.000000 0.698726 0.715390
91.803375244 3.482895 3.149377 0.000000 0.000000 0.000000 0.698726 0.715389
91.889576912 3.483300 3.166796 0.000000 0.000000 0.000000 0.698910 0.715209
91.950321198 3.483040 3.178934 0.000000 0.000000 0.000000 0.698694 0.715421
92.040585995 3.483138 3.197729 0.000000 0.000000 0.000000 0.698674 0.715440
92.095539570 3.482067 3.209909 0.000000 0.000000 0.000000 0.699018 0.715104
92.180634975 3.482009 3.227633 0.000000 0.000000 0.000000 0.699118 0.715007
92.233907700 3.482323 3.237971 0.000000 0.000000 0.000000 0.699103 0.715021
92.324627161 3.483927 3.257140 0.000000 0.000000 0.000000 0.699260 0.714867
92.377721786 3.484917 3.268175 0.000000 0.000000 0.000000 0.699391 0.714739
92.477380037 3.483343 3.288890 0.000000 0.000000 0.000000 0.699413 0.714717
92.527386665 3.482652 3.298386 0.000000 0.000000 0.000000 0.699592 0.714543
92.615924358 3.482727 3.315906 0.000000 0.000000 0.000000 0.699753 0.714385
92.672314167 3.483868 3.327738 0.000000 0.000000 0.000000 0.699856 0.714284
92.773890257 3.484443 3.348420 0.000000 0.000000 0.000000 0.700001 0.714142
92.833395958 3.483371 3.361823 0.000000 0.000000 0.000000 0.699823 0.714316
92.924817085 3.483647 3.381122 0.000000 0.000000 0.000000 0.699636 0.714500
92.988978386 3.483305 3.394111 0.000000 0.000000 0.000000 0.699427 0.714704
93.100240469 3.484297 3.416338 0.000000 0.000000 0.000000 0.699527 0.714606
93.152472734 3.484349 3.427639 0.000000 0.000000 0.000000 0.699471 0.714661
93.248969555 3.484596 3.447601 0.000000 0.000000 0.000000 0.699363 0.714767
93.302347898 3.483530 3.456138 0.000000 0.000000 0.000000 0.699518 0.714615
93.402684212 3.484681 3.474798 0.000000 0.000000 0.000000 0.699619 0.714516
93.454676867 3.484630 3.484931 0.000000 0.000000 0.000000 0.699954 0.714188
93.552758694 3.483429 3.504399 0.000000 0.000000 0.000000 0.700098 0.714047
93.613630056 3.483192 3.517166 0.000000 0.000000 0.000000 0.700136 0.714009
93.707502604 3.482805 3.537577 0.000000 0.000000 0.000000 0.699952 0.714189
93.764230251 3.483592 3.550047 0.000000 0.000000 0.000000 0.700271 0.713877
93.873910427 3.483175 3.572244 0.000000 0.000000 0.000000 0.700286 0.713862
93.914932251 3.483547 3.581495 0.000000 0.000000 0.000000 0.700464 0.713688
94.005584240 3.483202 3.599804 0.000000 0.000000 0.000000 0.700627 0.713528
94.060539484 3.481354 3.611831 0.000000 0.000000 0.000000 0.700854 0.713305
94.156020403 3.479914 3.632903 0.000000 0.000000 0.000000 0.701032 0.713129
94.210253716 3.480776 3.644960 0.000000 0.000000 0.000000 0.701170 0.712994
94.306135893 3.481230 3.665075 0.000000 0.000000 0.000000 0.701127 0.713036
94.372974396 3.480902 3.678896 0.000000 0.000000 0.000000 0.701006 0.713155
94.471097946 3.481384 3.697422 0.000000 0.000000 0.000000 0.700980 0.713181
94.529613972 3.481686 3.708729 0.000000 0.000000 0.000000 0.700599 0.713555
94.627149820 3.483952 3.730272 0.000000 0.000000 0.000000 0.700477 0.713675
94.671769142 3.483907 3.739567 0.000000 0.000000 0.000000 0.700493 0.713659
94.763330460 3.484143 3.760065 0.000000 0.000000 0.000000 0.700286 0.713863
94.822440624 3.484968 3.773348 0.000000 0.000000 0.000000 0.700249 0.713899
94.912670851 3.484673 3.792024 0.000000 0.000000 0.000000 0.700192 0.713955
94.978972197 3.484622 3.808266 0.000000 0.000000 0.000000 0.700393 0.713758
95.068254471 3.484471 3.826233 0.000000 0.000000 0.000000 0.700044 0.714100
95.123470068 3.485514 3.837722 0.000000 0.000000 0.000000 0.700419 0.713732
95.210581541 3.485539 3.857467 0.000000 0.000000 0.000000 0.700547 0.713606
95.261231899 3.487168 3.867575 0.000000 0.000000 0.000000 0.700486 0.713667
95.358219862 3.488621 3.887770 0.000000 0.000000 0.000000 0.700666 0.713490
95.405269146 3.490269 3.896339 0.000000 0.000000 0.000000 0.700926 0.713234
95.495450497 3.489736 3.895502 0.000000 0.000000 0.000000 0.700552 0.713601
95.556711435 3.489465 3.898027 0.000000 0.000000 0.000000 0.700299 0.713849
95.654532194 3.491823 3.898105 0.000000 0.000000 0.000000 0.700771 0.713386
95.718507051 3.489699 3.897271 0.000000 0.000000 0.000000 0.700618 0.713537
95.809733868 3.490622 3.897637 0.000000 0.000000 0.000000 0.701351 0.712816
95.869915009 3.489041 3.896747 0.000000 0.000000 0.000000 0.701663 0.712509
95.968504429 3.489269 3.896821 0.000000 0.000000 0.000000 0.701862 0.712313
96.013655424 3.494199 3.898502 0.000000 0.000000 0.000000 0.701951 0.712225
96.105460644 3.493485 3.898395 0.000000 0.000000 0.000000 0.701920 0.712256
96.151817083 3.494851 3.899307 0.000000 0.000000 0.000000 0.701816 0.712358
96.249305487 3.495154 3.899854 0.000000 0.000000 0.000000 0.702025 0.712153
96.313171148 3.495316 3.899349 0.000000 0.000000 0.000000 0.702313 0.711868
96.411842108 3.496511 3.899592 0.000000 0.000000 0.000000 0.702353 0.711829
96.483254194 3.496234 3.900429 0.000000 0.000000 0.000000 0.702448 0.711735
96.576039553 3.497548 3.901034 0.000000 0.000000 0.000000 0.702441 0.711742
96.634468794 3.497917 3.900890 0.000000 0.000000 0.000000 0.702555 0.711629
96.723625898 3.498126 3.900067 0.000000 0.000000 0.000000 0.702642 0.711544
96.781600475 3.497818 3.900595 0.000000 0.000000 0.000000 0.702749 0.711437
96.866395235 3.496438 3.899668 0.000000 0.000000 0.000000 0.703004 0.711186
96.921135187 3.498766 3.899443 0.000000 0.000000 0.000000 0.703088 0.711103
97.019036293 3.500328 3.898400 0.000000 0.000000 0.000000 0.703381 0.710813
97.060910940 3.500116 3.899688 0.000000 0.000000 0.000000 0.703177 0.711015
97.153807163 3.500910 3.900075 0.000000 0.000000 0.000000 0.703388 0.710806
97.211027622 3.500440 3.899766 0.000000 0.000000 0.000000 0.703257 0.710936
97.305245876 3.502672 3.899343 0.000000 0.000000 0.000000 0.703320 0.710873
97.364989996 3.501151 3.899421 0.000000 0.000000 0.000000 0.703597 0.710599
97.465471268 3.500643 3.899691 0.000000 0.000000 0.000000 0.703829 0.710370
97.531141281 3.501006 3.900015 0.000000 0.000000 0.000000 0.703836 0.710362
97.607466698 3.501489 3.899717 0.000000 0.000000 0.000000 0.703944 0.710256
97.670571327 3.503623 3.901476 0.000000 0.000000 0.000000 0.703980 0.710220
97.761371374 3.503847 3.901623 0.000000 0.000000 0.000000 0.704087 0.710113
97.826786518 3.504916 3.900635 0.000000 0.000000 0.000000 0.704358 0.709845
97.904732704 3.506962 3.898970 0.000000 0.000000 0.000000 0.704641 0.709564
97.972033739 3.507171 3.898131 0.000000 0.000000 0.000000 0.704643 0.709562
98.065672398 3.507483 3.896909 0.000000 0.000000 0.000000 0.704946 0.709261
98.120881319 3.508068 3.897300 0.000000 0.000000 0.000000 0.704873 0.709334
98.209275961 3.507676 3.895595 0.000000 0.000000 0.000000 0.704934 0.709273
98.266049623 3.510970 3.895538 0.000000 0.000000 0.000000 0.705036 0.709172
98.353181839 3.511073 3.893464 0.000000 0.000000 0.000000 0.704890 0.709317
98.403073549 3.511576 3.895165 0.000000 0.000000 0.000000 0.704891 0.709316
98.490382910 3.513350 3.897071 0.000000 0.000000 0.000000 0.704769 0.709437
98.542252064 3.514375 3.898131 0.000000 0.000000 0.000000 0.704890 0.709316
98.624454260 3.514704 3.899843 0.000000 0.000000 0.000000 0.704998 0.709209
98.685510397 3.516290 3.899282 0.000000 0.000000 0.000000 0.705250 0.708959
98.779605627 3.517809 3.899158 0.000000 0.000000 0.000000 0.705069 0.709139
98.838194609 3.518280 3.898992 0.000000 0.000000 0.000000 0.705118 0.709090
98.929908276 3.519800 3.897645 0.000000 0.000000 0.000000 0.704863 0.709343
98.986426353 3.519902 3.898073 0.000000 0.000000 0.000000 0.704737 0.709468
99.090990067 3.519544 3.900759 0.000000 0.000000 0.000000 0.705030 0.709177
99.137984037 3.519332 3.900258 0.000000 0.000000 0.000000 0.705021 0.709186
99.222180128 3.517869 3.899509 0.000000 0.000000 0.000000 0.704849 0.709357
99.274515629 3.517607 3.901736 0.000000 0.000000 0.000000 0.704795 0.709411
99.372492313 3.517445 3.902314 0.000000 0.000000 0.000000 0.704784 0.709422
99.430688858 3.518535 3.902653 0.000000 0.000000 0.000000 0.704987 0.709221
99.544572830 3.518026 3.902334 0.000000 0.000000 0.000000 0.704891 0.709315
99.586899042 3.518945 3.900513 0.000000 0.000000 0.000000 0.704964 0.709243
99.684531927 3.517681 3.899400 0.000000 0.000000 0.000000 0.705047 0.709160
99.732462883 3.519968 3.898992 0.000000 0.000000 0.000000 0.704866 0.709341
99.817482233 3.518820 3.901782 0.000000 0.000000 0.000000 0.705143 0.709065
99.865893364 3.520418 3.902761 0.000000 0.000000 0.000000 0.705508 0.708702
99.974117994 3.520602 3.903220 0.000000 0.000000 0.000000 0.705510 0.708700
100.008396149 3.519366 3.902515 0.000000 0.000000 0.000000 0.705488 0.708722
100.099959850 3.519183 3.900693 0.000000 0.000000 0.000000 0.705488 0.708722
100.157341719 3.519100 3.899844 0.000000 0.000000 0.000000 0.705950 0.708262
100.251402378 3.518769 3.900627 0.000000 0.000000 0.000000 0.706133 0.708079
100.296842813 3.517446 3.900282 0.000000 0.000000 0.000000 0.706211 0.708002
100.386153460 3.517203 3.900355 0.000000 0.000000 0.000000 0.706426 0.707787
100.438560963 3.518298 3.901261 0.000000 0.000000 0.000000 0.706509 0.707704
100.523025513 3.517998 3.901224 0.000000 0.000000 0.000000 0.706557 0.707656
100.578892708 3.515673 3.901545 0.000000 0.000000 0.000000 0.706623 0.707590
100.666844606 3.512570 3.908501 0.000000 0.000000 0.000000 0.708212 0.706000
100.717916250 3.512304 3.908578 0.000000 0.000000 0.000000 0.708320 0.705892
100.814438343 3.513213 3.906685 0.000000 0.000000 0.000000 0.708297 0.705915
100.859156370 3.512047 3.906025 0.000000 0.000000 0.000000 0.708382 0.705829
100.952885628 3.512412 3.905573 0.000000 0.000000 0.000000 0.708288 0.705924
101.000487804 3.513067 3.905277 0.000000 0.000000 0.000000 0.708250 0.705962
101.085479736 3.511963 3.906064 0.000000 0.000000 0.000000 0.708195 0.706017
101.136031866 3.510677 3.906379 0.000000 0.000000 0.000000 0.708104 0.706108
101.229514122 3.512240 3.905418 0.000000 0.000000 0.000000 0.708024 0.706188
101.274351120 3.512838 3.904329 0.000000 0.000000 0.000000 0.707940 0.706273
101.373620749 3.512189 3.903870 0.000000 0.000000 0.000000 0.708266 0.705946
101.426921129 3.512848 3.904233 0.000000 0.000000 0.000000 0.708119 0.706094
101.521782160 3.511855 3.905708 0.000000 0.000000 0.000000 0.708220 0.705992
101.570658922 3.511694 3.904425 0.000000 0.000000 0.000000 0.708233 0.705979
101.657437325 3.510362 3.903866 0.000000 0.000000 0.000000 0.708367 0.705844
101.713495970 3.511921 3.902798 0.000000 0.000000 0.000000 0.708278 0.705933
101.799236774 3.511965 3.903894 0.000000 0.000000 0.000000 0.708412 0.705799
101.849389791 3.511001 3.903990 0.000000 0.000000 0.000000 0.708586 0.705625
101.945839167 3.509871 3.904104 0.000000 0.000000 0.000000 0.708752 0.705458
101.999189854 3.509574 3.903106 0.000000 0.000000 0.000000 0.708718 0.705492
102.086042404 3.509878 3.901666 0.000000 0.000000 0.000000 0.708726 0.705484
102.136522293 3.510014 3.900113 0.000000 0.000000 0.000000 0.708790 0.705419
102.221495152 3.510185 3.900201 0.000000 0.000000 0.000000 0.708634 0.705576
102.276251078 3.509607 3.899790 0.000000 0.000000 0.000000 0.708633 0.705577
102.367645025 3.510849 3.899898 0.000000 0.000000 0.000000 0.708671 0.705539
102.423708200 3.510710 3.898405 0.000000 0.000000 0.000000 0.708631 0.705579
102.525077105 3.509588 3.898683 0.000000 0.000000 0.000000 0.708816 0.705393
102.574762106 3.510410 3.898251 0.000000 0.000000 0.000000 0.709099 0.705109
102.674291134 3.511799 3.898748 0.000000 0.000000 0.000000 0.708964 0.705245
