56.000000000 0.005037 0.996155 0.000000 0.000000 0.000000 0.007114 0.999975
56.092626333 0.001792 0.996129 0.000000 0.000000 0.000000 0.004624 0.999989
56.136488199 0.000105 0.996371 0.000000 0.000000 0.000000 0.002658 0.999996
56.234569073 -0.000848 0.997849 0.000000 0.000000 0.000000 0.001585 0.999999
56.291095257 -0.002144 0.998919 0.000000 0.000000 0.000000 0.000717 1.000000
56.384810448 -0.004039 0.999133 0.000000 0.000000 0.000000 0.000102 1.000000
56.432573795 -0.005705 0.999124 0.000000 0.000000 0.000000 -0.000727 1.000000
56.517774343 -0.005144 0.999895 0.000000 0.000000 0.000000 -0.000956 1.000000
56.566277504 -0.006071 1.000260 0.000000 0.000000 0.000000 -0.000688 1.000000
56.658776283 -0.008487 1.002345 0.000000 0.000000 0.000000 0.000310 1.000000
56.719421625 -0.009011 1.004028 0.000000 0.000000 0.000000 0.000635 1.000000
56.806190968 -0.008827 1.005390 0.000000 0.000000 0.000000 0.000385 1.000000
56.859033823 -0.008736 1.005276 0.000000 0.000000 0.000000 0.000205 1.000000
56.956225157 -0.009224 1.003953 0.000000 0.000000 0.000000 0.000530 1.000000
56.992516994 -0.009659 1.005344 0.000000 0.000000 0.000000 0.000550 1.000000
57.085117579 -0.009655 1.007596 0.000000 0.000000 0.000000 0.000353 1.000000
57.135342836 -0.009297 1.008970 0.000000 0.000000 0.000000 0.000515 1.000000
57.226917267 -0.010721 1.008276 0.000000 0.000000 0.000000 0.000511 1.000000
57.280653477 -0.009267 1.008304 0.000000 0.000000 0.000000 0.000509 1.000000
57.376023293 -0.009112 1.007389 0.000000 0.000000 0.000000 0.000112 1.000000
57.421943903 -0.009267 1.007375 0.000000 0.000000 0.000000 0.000232 1.000000
57.506844759 -0.007571 1.008349 0.000000 0.000000 0.000000 0.000061 1.000000
57.561612844 -0.008946 1.009086 0.000000 0.000000 0.000000 0.000132 1.000000
57.661116600 -0.007566 1.007552 0.000000 0.000000 0.000000 -0.000021 1.000000
57.713097334 -0.006491 1.009253 0.000000 0.000000 0.000000 -0.000095 1.000000
57.818692207 -0.006381 1.009845 0.000000 0.000000 0.000000 0.000523 1.000000
57.857132435 -0.008250 1.008879 0.000000 0.000000 0.000000 0.000883 1.000000
57.942367077 -0.007221 1.008902 0.000000 0.000000 0.000000 0.000715 1.000000
57.993121147 -0.007954 1.008662 0.000000 0.000000 0.000000 0.000566 1.000000
58.084053516 -0.007332 1.007689 0.000000 0.000000 0.000000 0.000729 1.000000
58.134043932 -0.008429 1.008769 0.000000 0.000000 0.000000 0.001268 0.999999
58.226578236 -0.007198 1.009554 0.000000 0.000000 0.000000 0.001504 0.999999
58.278188705 -0.006597 1.009897 0.000000 0.000000 0.000000 0.001501 0.999999
58.375108480 -0.007035 1.009849 0.000000 0.000000 0.000000 0.001606 0.999999
58.432198524 -0.004538 1.011398 0.000000 0.000000 0.000000 0.001662 0.999999
58.513686180 -0.004475 1.011475 0.000000 0.000000 0.000000 0.001964 0.999998
58.577755451 -0.005354 1.011708 0.000000 0.000000 0.000000 0.002298 0.999997
58.663658381 -0.003697 1.011293 0.000000 0.000000 0.000000 0.002042 0.999998
58.721382856 -0.001706 1.011847 0.000000 0.000000 0.000000 0.002270 0.999997
58.811643362 0.000289 1.010198 0.000000 0.000000 0.000000 0.002542 0.999997
58.859117508 0.001239 1.010613 0.000000 0.000000 0.000000 0.002829 0.999996
58.954252720 0.003026 1.011754 0.000000 0.000000 0.000000 0.002761 0.999996
59.016629219 0.002535 1.011890 0.000000 0.000000 0.000000 0.002907 0.999996
59.106379747 0.002456 1.011852 0.000000 0.000000 0.000000 0.002869 0.999996
59.158839226 0.001985 1.012834 0.000000 0.000000 0.000000 0.003046 0.999995
59.239713192 0.003011 1.012412 0.000000 0.000000 0.000000 0.003151 0.999995
59.295119047 0.002345 1.013480 0.000000 0.000000 0.000000 0.003276 0.999995
59.400145054 0.003554 1.012467 0.000000 0.000000 0.000000 0.003340 0.999994
59.447155952 0.004297 1.014420 0.000000 0.000000 0.000000 0.003554 0.999994
59.543852329 0.005026 1.014997 0.000000 0.000000 0.000000 0.003768 0.999993
59.590034962 0.007193 1.015551 0.000000 0.000000 0.000000 0.003675 0.999993
59.665421247 0.008243 1.016476 0.000000 0.000000 0.000000 0.003681 0.999993
59.720851421 0.009748 1.016871 0.000000 0.000000 0.000000 0.003762 0.999993
59.805132151 0.010625 1.017090 0.000000 0.000000 0.000000 0.003661 0.999993
59.860359430 0.011564 1.017663 0.000000 0.000000 0.000000 0.003631 0.999993
59.957119226 0.012862 1.018659 0.000000 0.000000 0.000000 0.003658 0.999993
60.005816936 0.013027 1.017941 0.000000 0.000000 0.000000 0.003424 0.999994
60.089397669 0.012419 1.017833 0.000000 0.000000 0.000000 0.003601 0.999994
60.138172865 0.013098 1.017932 0.000000 0.000000 0.000000 0.003410 0.999994
60.220950127 0.012922 1.019442 0.000000 0.000000 0.000000 0.003622 0.999993
60.272440672 0.014065 1.018823 0.000000 0.000000 0.000000 0.003633 0.999993
60.365985632 0.014724 1.018886 0.000000 0.000000 0.000000 0.003891 0.999992
60.419920921 0.014775 1.019587 0.000000 0.000000 0.000000 0.003941 0.999992
60.517887354 0.016429 1.018165 0.000000 0.000000 0.000000 0.003618 0.999993
60.576246977 0.017783 1.018711 0.000000 0.000000 0.000000 0.003492 0.999994
60.661265135 0.018937 1.018065 0.000000 0.000000 0.000000 0.004025 0.999992
60.720116138 0.018680 1.018343 0.000000 0.000000 0.000000 0.003681 0.999993
60.806773424 0.017972 1.017353 0.000000 0.000000 0.000000 0.003637 0.999993
60.856551170 0.017504 1.018039 0.000000 0.000000 0.000000 0.003167 0.999995
60.954911470 0.017016 1.017880 0.000000 0.000000 0.000000 0.003275 0.999995
61.012297630 0.017660 1.015808 0.000000 0.000000 0.000000 0.003333 0.999994
61.109639168 0.018396 1.015846 0.000000 0.000000 0.000000 0.003431 0.999994
61.157109976 0.017919 1.015382 0.000000 0.000000 0.000000 0.003059 0.999995
61.239634752 0.018964 1.013699 0.000000 0.000000 0.000000 0.002666 0.999996
61.291578770 0.018011 1.014213 0.000000 0.000000 0.000000 0.002742 0.999996
61.377224922 0.016159 1.013303 0.000000 0.000000 0.000000 0.002990 0.999996
61.424571276 0.017518 1.012274 0.000000 0.000000 0.000000 0.002565 0.999997
61.517945051 0.019074 1.013008 0.000000 0.000000 0.000000 0.002694 0.999996
61.571182013 0.021549 1.014649 0.000000 0.000000 0.000000 0.002143 0.999998
61.674693108 0.023180 1.015828 0.000000 0.000000 0.000000 0.002436 0.999997
61.731230259 0.023632 1.014755 0.000000 0.000000 0.000000 0.002038 0.999998
61.823836803 0.026061 1.014950 0.000000 0.000000 0.000000 0.001626 0.999999
61.867137194 0.025986 1.013264 0.000000 0.000000 0.000000 0.001566 0.999999
61.957184315 0.025532 1.012486 0.000000 0.000000 0.000000 0.001840 0.999998
62.007257462 0.028352 1.011582 0.000000 0.000000 0.000000 0.002235 0.999998
62.096065044 0.028955 1.010395 0.000000 0.000000 0.000000 0.002352 0.999997
62.149833441 0.027661 1.007859 0.000000 0.000000 0.000000 0.002417 0.999997
62.231528997 0.044450 1.008107 0.000000 0.000000 0.000000 0.002312 0.999997
62.288254261 0.054089 1.009982 0.000000 0.000000 0.000000 0.002365 0.999997
62.372793436 0.073862 1.008524 0.000000 0.000000 0.000000 0.002101 0.999998
62.437046528 0.085548 1.008932 0.000000 0.000000 0.000000 0.002146 0.999998
62.518205643 0.099638 1.012986 0.000000 0.000000 0.000000 0.000444 1.000000
62.573649645 0.110385 1.010778 0.000000 0.000000 0.000000 0.000440 1.000000
62.658019066 0.127698 1.009620 0.000000 0.000000 0.000000 0.000452 1.000000
62.708748341 0.138121 1.008995 0.000000 0.000000 0.000000 0.000086 1.000000
62.802901506 0.158121 1.009854 0.000000 0.000000 0.000000 0.000418 1.000000
62.862125397 0.168579 1.011090 0.000000 0.000000 0.000000 0.000442 1.000000
62.944721937 0.184019 1.011148 0.000000 0.000000 0.000000 0.000493 1.000000
63.001682520 0.195260 1.011237 0.000000 0.000000 0.000000 0.001016 0.999999
63.096352816 0.212888 1.010095 0.000000 0.000000 0.000000 0.000862 1.000000
63.140980959 0.221823 1.010693 0.000000 0.000000 0.000000 0.000814 1.000000
63.224403381 0.237900 1.011245 0.000000 0.000000 0.000000 0.001122 0.999999
63.278097630 0.249783 1.012528 0.000000 0.000000 0.000000 0.000832 1.000000
63.378735542 0.268614 1.010060 0.000000 0.000000 0.000000 0.001001 0.999999
63.429337263 0.277977 1.008527 0.000000 0.000000 0.000000 0.000752 1.000000
63.507558107 0.292505 1.008472 0.000000 0.000000 0.000000 0.001308 0.999999
63.561244726 0.305041 1.006431 0.000000 0.000000 0.000000 0.001155 0.999999
63.651183605 0.322210 1.006277 0.000000 0.000000 0.000000 0.001030 0.999999
63.722069025 0.337652 1.006220 0.000000 0.000000 0.000000 0.000850 1.000000
63.818211794 0.357517 1.006043 0.000000 0.000000 0.000000 0.000790 1.000000
63.867984533 0.366316 1.006269 0.000000 0.000000 0.000000 0.000945 1.000000
63.954170942 0.383725 1.004929 0.000000 0.000000 0.000000 0.001180 0.999999
64.007827759 0.394062 1.004519 0.000000 0.000000 0.000000 0.000881 1.000000
64.098969221 0.413606 1.004064 0.000000 0.000000 0.000000 0.000812 1.000000
64.150251389 0.422485 1.002684 0.000000 0.000000 0.000000 0.000991 1.000000
64.240028858 0.441228 1.001532 0.000000 0.000000 0.000000 0.000782 1.000000
64.291742325 0.451578 0.999956 0.000000 0.000000 0.000000 0.001342 0.999999
64.384911537 0.468870 0.998956 0.000000 0.000000 0.000000 0.001236 0.999999
64.438662767 0.478554 0.998496 0.000000 0.000000 0.000000 0.001072 0.999999
64.529100657 0.494945 0.997463 0.000000 0.000000 0.000000 0.001035 0.999999
64.581606388 0.504373 0.996091 0.000000 0.000000 0.000000 0.001154 0.999999
64.666499376 0.522324 0.996055 0.000000 0.000000 0.000000 0.000935 1.000000
64.719514608 0.532481 0.994231 0.000000 0.000000 0.000000 0.000663 1.000000
64.801486015 0.547344 0.993131 0.000000 0.000000 0.000000 0.000423 1.000000
64.853920698 0.558396 0.991810 0.000000 0.000000 0.000000 0.000323 1.000000
64.943417788 0.575604 0.990478 0.000000 0.000000 0.000000 0.000249 1.000000
64.995023489 0.584978 0.989166 0.000000 0.000000 0.000000 0.000643 1.000000
65.076430798 0.600815 0.988351 0.000000 0.000000 0.000000 0.000489 1.000000
65.137303352 0.611541 0.988925 0.000000 0.000000 0.000000 0.000661 1.000000
65.235720634 0.629972 0.991807 0.000000 0.000000 0.000000 0.000903 1.000000
65.286878586 0.637206 0.990169 0.000000 0.000000 0.000000 0.000872 1.000000
65.388996363 0.655783 0.992100 0.000000 0.000000 0.000000 0.001092 0.999999
65.443364143 0.667566 0.990777 0.000000 0.000000 0.000000 0.001166 0.999999
65.533442974 0.684896 0.991260 0.000000 0.000000 0.000000 0.001177 0.999999
65.583643198 0.693814 0.991501 0.000000 0.000000 0.000000 0.000860 1.000000
65.666572094 0.708393 0.991761 0.000000 0.000000 0.000000 0.001146 0.999999
65.718314648 0.717282 0.991872 0.000000 0.000000 0.000000 0.001113 0.999999
65.813969851 0.736096 0.991083 0.000000 0.000000 0.000000 0.000974 1.000000
65.860479355 0.743240 0.990975 0.000000 0.000000 0.000000 0.000655 1.000000
65.949100494 0.762109 0.989779 0.000000 0.000000 0.000000 0.000780 1.000000
66.006313324 0.773521 0.990544 0.000000 0.000000 0.000000 0.001075 0.999999
66.091695070 0.792331 0.989535 0.000000 0.000000 0.000000 0.000839 1.000000
66.150105000 0.803544 0.988858 0.000000 0.000000 0.000000 0.001195 0.999999
66.245607138 0.823257 0.988987 0.000000 0.000000 0.000000 0.001030 0.999999
66.289936066 0.830042 0.989720 0.000000 0.000000 0.000000 0.000619 1.000000
66.374847174 0.843664 0.990778 0.000000 0.000000 0.000000 0.000865 1.000000
66.427448988 0.854066 0.990327 0.000000 0.000000 0.000000 0.000918 1.000000
66.515174389 0.869930 0.989278 0.000000 0.000000 0.000000 0.000831 1.000000
66.565155268 0.879319 0.988916 0.000000 0.000000 0.000000 0.000979 1.000000
66.668905973 0.899028 0.989958 0.000000 0.000000 0.000000 0.001125 0.999999
66.720251560 0.908456 0.989720 0.000000 0.000000 0.000000 0.000704 1.000000
66.818524122 0.927005 0.989405 0.000000 0.000000 0.000000 0.000663 1.000000
66.862034321 0.936370 0.989156 0.000000 0.000000 0.000000 0.000658 1.000000
66.948162079 0.953389 0.990518 0.000000 0.000000 0.000000 0.000682 1.000000
66.998103142 0.961934 0.990574 0.000000 0.000000 0.000000 0.000500 1.000000
67.100195885 0.981411 0.991366 0.000000 0.000000 0.000000 0.000549 1.000000
67.157076359 0.992188 0.991641 0.000000 0.000000 0.000000 0.000421 1.000000
67.269846916 1.014318 0.992533 0.000000 0.000000 0.000000 -0.000092 1.000000
67.325706720 1.026357 0.991427 0.000000 0.000000 0.000000 0.000075 1.000000
67.417520761 1.045694 0.993148 0.000000 0.000000 0.000000 0.000400 1.000000
67.475314379 1.057604 0.992101 0.000000 0.000000 0.000000 0.000178 1.000000
67.587245464 1.079145 0.991061 0.000000 0.000000 0.000000 0.000114 1.000000
67.657504320 1.091920 0.991269 0.000000 0.000000 0.000000 0.000337 1.000000
67.744100571 1.108724 0.991016 0.000000 0.000000 0.000000 0.000056 1.000000
67.809964418 1.121418 0.990046 0.000000 0.000000 0.000000 0.000109 1.000000
67.907867193 1.139354 0.988901 0.000000 0.000000 0.000000 0.000139 1.000000
67.955658197 1.149120 0.986968 0.000000 0.000000 0.000000 0.000044 1.000000
68.043772697 1.168294 0.986613 0.000000 0.000000 0.000000 -0.000076 1.000000
68.092056751 1.177557 0.988142 0.000000 0.000000 0.000000 -0.000830 1.000000
68.198954105 1.199668 0.990000 0.000000 0.000000 0.000000 -0.000735 1.000000
68.239401817 1.206779 0.988782 0.000000 0.000000 0.000000 -0.000799 1.000000
68.334116697 1.227441 0.988950 0.000000 0.000000 0.000000 -0.001146 0.999999
68.393169165 1.239295 0.988237 0.000000 0.000000 0.000000 -0.001273 0.999999
68.488315105 1.259560 0.988264 0.000000 0.000000 0.000000 -0.001471 0.999999
68.548655272 1.270669 0.989912 0.000000 0.000000 0.000000 -0.001662 0.999999
68.628951550 1.286837 0.989136 0.000000 0.000000 0.000000 -0.001268 0.999999
68.688163757 1.295904 0.990093 0.000000 0.000000 0.000000 -0.001031 0.999999
68.771270037 1.312109 0.990307 0.000000 0.000000 0.000000 -0.000859 1.000000
68.824939728 1.322025 0.990425 0.000000 0.000000 0.000000 -0.001462 0.999999
68.927378178 1.340870 0.990593 0.000000 0.000000 0.000000 -0.001536 0.999999
68.988554239 1.353052 0.990672 0.000000 0.000000 0.000000 -0.001392 0.999999
69.091393948 1.372414 0.989991 0.000000 0.000000 0.000000 -0.001217 0.999999
69.142657280 1.381566 0.991546 0.000000 0.000000 0.000000 -0.001070 0.999999
69.226943970 1.397130 0.991908 0.000000 0.000000 0.000000 -0.000847 1.000000
69.291504383 1.409955 0.992667 0.000000 0.000000 0.000000 -0.000955 1.000000
69.395749092 1.430008 0.992080 0.000000 0.000000 0.000000 -0.000956 1.000000
69.444655418 1.440428 0.993741 0.000000 0.000000 0.000000 -0.001328 0.999999
69.543005466 1.458052 0.994320 0.000000 0.000000 0.000000 -0.001364 0.999999
69.595045090 1.469663 0.994653 0.000000 0.000000 0.000000 -0.001477 0.999999
69.695927858 1.489374 0.994527 0.000000 0.000000 0.000000 -0.001506 0.999999
69.753221989 1.502140 0.993160 0.000000 0.000000 0.000000 -0.001839 0.999998
69.852281094 1.520795 0.994192 0.000000 0.000000 0.000000 -0.002064 0.999998
69.909631014 1.531567 0.994340 0.000000 0.000000 0.000000 -0.002602 0.999997
70.003495455 1.550439 0.994423 0.000000 0.000000 0.000000 -0.002793 0.999996
70.055417776 1.561769 0.991952 0.000000 0.000000 0.000000 -0.003519 0.999994
70.137858391 1.579484 0.992678 0.000000 0.000000 0.000000 -0.003308 0.999995
70.199167728 1.591532 0.990595 0.000000 0.000000 0.000000 -0.003369 0.999994
70.302878618 1.613419 0.990491 0.000000 0.000000 0.000000 -0.003332 0.999994
70.369396687 1.627841 0.984645 0.000000 0.000000 0.000000 -0.003021 0.999995
70.461210728 1.647084 0.983932 0.000000 0.000000 0.000000 -0.003173 0.999995
70.509778738 1.656800 0.985648 0.000000 0.000000 0.000000 -0.002875 0.999996
70.599387646 1.674659 0.985850 0.000000 0.000000 0.000000 -0.002952 0.999996
70.656033039 1.684195 0.985039 0.000000 0.000000 0.000000 -0.003077 0.999995
70.768153429 1.705855 0.983958 0.000000 0.000000 0.000000 -0.002833 0.999996
70.815999985 1.716177 0.986111 0.000000 0.000000 0.000000 -0.002615 0.999997
70.900581121 1.732977 0.986335 0.000000 0.000000 0.000000 -0.002432 0.999997
70.955633402 1.743009 0.985197 0.000000 0.000000 0.000000 -0.002572 0.999997
71.042252779 1.759106 0.983644 0.000000 0.000000 0.000000 -0.002439 0.999997
71.103641987 1.770298 0.984659 0.000000 0.000000 0.000000 -0.002600 0.999997
71.186776161 1.787541 0.985071 0.000000 0.000000 0.000000 -0.002391 0.999997
71.250498533 1.799794 0.984250 0.000000 0.000000 0.000000 -0.002144 0.999998
71.341936827 1.805337 0.984727 0.000000 0.000000 0.000000 0.006815 0.999977
71.393325806 1.808625 0.984247 0.000000 0.000000 0.000000 0.011813 0.999930
71.487019539 1.813670 0.985102 0.000000 0.000000 0.000000 0.021144 0.999776
71.537977695 1.817096 0.984178 0.000000 0.000000 0.000000 0.025921 0.999664
71.626116753 1.822552 0.984533 0.000000 0.000000 0.000000 0.034437 0.999407
71.682151079 1.825407 0.983981 0.000000 0.000000 0.000000 0.039605 0.999215
71.763496399 1.828457 0.984165 0.000000 0.000000 0.000000 0.047457 0.998873
71.820455313 1.830673 0.983518 0.000000 0.000000 0.000000 0.052969 0.998596
71.918866396 1.836025 0.984000 0.000000 0.000000 0.000000 0.062420 0.998050
71.975845575 1.840485 0.984794 0.000000 0.000000 0.000000 0.068047 0.997682
72.068582535 1.844786 0.986705 0.000000 0.000000 0.000000 0.077679 0.996978
72.122643709 1.846330 0.988546 0.000000 0.000000 0.000000 0.083067 0.996544
72.217851877 1.865927 0.991503 0.000000 0.000000 0.000000 0.083186 0.996534
72.265589714 1.874544 0.993430 0.000000 0.000000 0.000000 0.083354 0.996520
72.354194641 1.890560 0.994902 0.000000 0.000000 0.000000 0.083587 0.996500
72.403216600 1.900414 0.995491 0.000000 0.000000 0.000000 0.083336 0.996521
72.504085302 1.919853 0.997609 0.000000 0.000000 0.000000 0.083177 0.996535
72.559812546 1.932270 0.999836 0.000000 0.000000 0.000000 0.083407 0.996516
72.641114473 1.946058 1.001988 0.000000 0.000000 0.000000 0.083954 0.996470
72.695553064 1.957409 1.004326 0.000000 0.000000 0.000000 0.084092 0.996458
72.784453154 1.975292 1.008631 0.000000 0.000000 0.000000 0.084245 0.996445
72.839464188 1.979942 1.010303 0.000000 0.000000 0.000000 0.089326 0.996002
72.931765556 1.986378 1.010698 0.000000 0.000000 0.000000 0.097747 0.995211
72.986810684 1.988776 1.010276 0.000000 0.000000 0.000000 0.103363 0.994644
73.071648121 1.993670 1.010778 0.000000 0.000000 0.000000 0.111030 0.993817
73.129702330 1.999226 1.013165 0.000000 0.000000 0.000000 0.116798 0.993156
73.227200508 2.004899 1.013466 0.000000 0.000000 0.000000 0.126243 0.991999
73.271549940 2.006878 1.014809 0.000000 0.000000 0.000000 0.130098 0.991501
73.365193605 2.025597 1.021752 0.000000 0.000000 0.000000 0.129968 0.991518
73.410813332 2.033266 1.024138 0.000000 0.000000 0.000000 0.129488 0.991581
73.495560646 2.051910 1.029004 0.000000 0.000000 0.000000 0.129241 0.991613
73.549853325 2.062842 1.033137 0.000000 0.000000 0.000000 0.129347 0.991599
73.635336399 2.078904 1.036436 0.000000 0.000000 0.000000 0.128713 0.991682
73.700213671 2.092475 1.037912 0.000000 0.000000 0.000000 0.128555 0.991702
73.794411182 2.110629 1.044519 0.000000 0.000000 0.000000 0.128072 0.991765
73.851395130 2.122758 1.046657 0.000000 0.000000 0.000000 0.127781 0.991802
73.934927464 2.140732 1.051455 0.000000 0.000000 0.000000 0.127606 0.991825
73.994324923 2.141354 1.042203 0.000000 0.000000 0.000000 0.132689 0.991158
74.076428652 2.146740 1.044065 0.000000 0.000000 0.000000 0.140469 0.990085
74.138641834 2.149871 1.047502 0.000000 0.000000 0.000000 0.146312 0.989239
74.232690811 2.154911 1.048579 0.000000 0.000000 0.000000 0.155507 0.987835
74.284757137 2.156356 1.049916 0.000000 0.000000 0.000000 0.160568 0.987025
74.368963718 2.160516 1.051659 0.000000 0.000000 0.000000 0.169077 0.985603
74.424954653 2.160968 1.052526 0.000000 0.000000 0.000000 0.174701 0.984622
74.512892008 2.165073 1.055063 0.000000 0.000000 0.000000 0.183347 0.983048
74.568120718 2.174979 1.059173 0.000000 0.000000 0.000000 0.183169 0.983081
74.659038782 2.191198 1.067218 0.000000 0.000000 0.000000 0.183049 0.983104
74.720528126 2.201579 1.070483 0.000000 0.000000 0.000000 0.183091 0.983096
74.807915449 2.217822 1.077078 0.000000 0.000000 0.000000 0.182950 0.983122
74.867791891 2.229195 1.081887 0.000000 0.000000 0.000000 0.183087 0.983097
74.956265450 2.247495 1.087564 0.000000 0.000000 0.000000 0.182728 0.983163
75.006022692 2.257750 1.092149 0.000000 0.000000 0.000000 0.182608 0.983186
75.093890429 2.274155 1.098853 0.000000 0.000000 0.000000 0.182577 0.983192
75.151803017 2.283750 1.105009 0.000000 0.000000 0.000000 0.182315 0.983240
75.237923384 2.300695 1.110140 0.000000 0.000000 0.000000 0.182385 0.983227
75.289012432 2.311452 1.114263 0.000000 0.000000 0.000000 0.182244 0.983253
75.377345324 2.328289 1.120486 0.000000 0.000000 0.000000 0.181993 0.983300
75.433693886 2.337414 1.124838 0.000000 0.000000 0.000000 0.181666 0.983360
75.537194490 2.356657 1.132024 0.000000 0.000000 0.000000 0.181437 0.983403
75.586070776 2.366293 1.135437 0.000000 0.000000 0.000000 0.181265 0.983434
75.689361572 2.386315 1.143152 0.000000 0.000000 0.000000 0.181039 0.983476
75.744805098 2.396854 1.147366 0.000000 0.000000 0.000000 0.181324 0.983423
75.826009274 2.412813 1.155231 0.000000 0.000000 0.000000 0.181136 0.983458
75.899021864 2.416657 1.157415 0.000000 0.000000 0.000000 0.188133 0.982144
75.992537260 2.420907 1.159158 0.000000 0.000000 0.000000 0.197223 0.980359
76.056124210 2.423982 1.159046 0.000000 0.000000 0.000000 0.204010 0.978969
76.141805172 2.430416 1.159221 0.000000 0.000000 0.000000 0.212049 0.977259
76.196712971 2.434769 1.158683 0.000000 0.000000 0.000000 0.217675 0.976021
76.279946327 2.439250 1.159814 0.000000 0.000000 0.000000 0.226001 0.974127
76.336917877 2.442042 1.161285 0.000000 0.000000 0.000000 0.230968 0.972961
76.431858301 2.448568 1.164900 0.000000 0.000000 0.000000 0.239494 0.970898
76.487337351 2.457873 1.169052 0.000000 0.000000 0.000000 0.239505 0.970895
76.576975346 2.474490 1.179222 0.000000 0.000000 0.000000 0.239578 0.970877
76.635664701 2.484193 1.185535 0.000000 0.000000 0.000000 0.239714 0.970844
76.736702204 2.503343 1.194500 0.000000 0.000000 0.000000 0.239879 0.970803
76.784813404 2.511707 1.199710 0.000000 0.000000 0.000000 0.239436 0.970912
76.872728825 2.527852 1.208346 0.000000 0.000000 0.000000 0.239690 0.970849
76.940669060 2.538189 1.214538 0.000000 0.000000 0.000000 0.239527 0.970890
77.039191484 2.556309 1.224484 0.000000 0.000000 0.000000 0.239702 0.970847
77.091496944 2.567725 1.229223 0.000000 0.000000 0.000000 0.240002 0.970772
77.178045034 2.572370 1.231774 0.000000 0.000000 0.000000 0.248402 0.968657
77.233334064 2.575700 1.233704 0.000000 0.000000 0.000000 0.253255 0.967400
77.321522951 2.581655 1.238059 0.000000 0.000000 0.000000 0.261193 0.965287
77.385615587 2.586101 1.238159 0.000000 0.000000 0.000000 0.266900 0.963724
77.482558012 2.600858 1.248300 0.000000 0.000000 0.000000 0.267206 0.963639
77.535058022 2.611830 1.252920 0.000000 0.000000 0.000000 0.267300 0.963613
77.635596514 2.625533 1.261615 0.000000 0.000000 0.000000 0.266723 0.963773
77.687636852 2.634811 1.265285 0.000000 0.000000 0.000000 0.266754 0.963765
77.783472538 2.652637 1.274367 0.000000 0.000000 0.000000 0.266641 0.963796
77.833787918 2.662449 1.279627 0.000000 0.000000 0.000000 0.266757 0.963764
77.940711260 2.681031 1.289386 0.000000 0.000000 0.000000 0.266784 0.963756
77.985099792 2.689049 1.293620 0.000000 0.000000 0.000000 0.266431 0.963854
78.074628830 2.705873 1.300660 0.000000 0.000000 0.000000 0.266505 0.963834
78.126539230 2.714623 1.305982 0.000000 0.000000 0.000000 0.266691 0.963782
78.225707769 2.720349 1.309548 0.000000 0.000000 0.000000 0.275661 0.961255
78.287621975 2.722644 1.310882 0.000000 0.000000 0.000000 0.281446 0.959577
78.371752024 2.738584 1.318863 0.000000 0.000000 0.000000 0.281223 0.959643
78.425225496 2.748728 1.324467 0.000000 0.000000 0.000000 0.280844 0.959753
78.525620699 2.765801 1.335178 0.000000 0.000000 0.000000 0.280680 0.959801
78.588539600 2.775028 1.342365 0.000000 0.000000 0.000000 0.280432 0.959874
78.670593977 2.790542 1.351066 0.000000 0.000000 0.000000 0.280253 0.959926
78.735427380 2.801014 1.358774 0.000000 0.000000 0.000000 0.280031 0.959991
78.827690363 2.816022 1.369110 0.000000 0.000000 0.000000 0.279978 0.960006
78.889282465 2.826083 1.376395 0.000000 0.000000 0.000000 0.279812 0.960055
78.986895561 2.841123 1.385443 0.000000 0.000000 0.000000 0.280045 0.959987
79.038242817 2.852047 1.392530 0.000000 0.000000 0.000000 0.280311 0.959909
79.133278370 2.855122 1.393910 0.000000 0.000000 0.000000 0.289339 0.957227
79.188038111 2.856827 1.395003 0.000000 0.000000 0.000000 0.294276 0.955720
79.274859905 2.858613 1.398851 0.000000 0.000000 0.000000 0.302099 0.953276
79.325020790 2.866566 1.402322 0.000000 0.000000 0.000000 0.302362 0.953193
79.419587612 2.881553 1.414433 0.000000 0.000000 0.000000 0.302152 0.953260
79.476016521 2.890232 1.419808 0.000000 0.000000 0.000000 0.302026 0.953300
79.572896481 2.905340 1.430930 0.000000 0.000000 0.000000 0.302085 0.953281
79.625355482 2.913151 1.437232 0.000000 0.000000 0.000000 0.302568 0.953128
79.715934038 2.927225 1.448537 0.000000 0.000000 0.000000 0.302160 0.953257
79.766192913 2.937483 1.453053 0.000000 0.000000 0.000000 0.301779 0.953378
79.851100206 2.950135 1.461933 0.000000 0.000000 0.000000 0.301540 0.953453
79.911969662 2.958450 1.469913 0.000000 0.000000 0.000000 0.301157 0.953575
80.005322218 2.972236 1.480014 0.000000 0.000000 0.000000 0.301049 0.953609
80.049822092 2.976000 1.484996 0.000000 0.000000 0.000000 0.301168 0.953571
80.144307137 2.993464 1.495630 0.000000 0.000000 0.000000 0.301325 0.953521
80.194717646 2.999457 1.501936 0.000000 0.000000 0.000000 0.301172 0.953570
80.283586025 3.004075 1.503505 0.000000 0.000000 0.000000 0.309143 0.951015
80.339012861 3.006191 1.504554 0.000000 0.000000 0.000000 0.314142 0.949376
80.432806969 3.012007 1.508209 0.000000 0.000000 0.000000 0.322552 0.946552
80.481657505 3.014340 1.511367 0.000000 0.000000 0.000000 0.327276 0.944929
80.570667744 3.017439 1.514086 0.000000 0.000000 0.000000 0.335291 0.942114
80.629180193 3.020051 1.515050 0.000000 0.000000 0.000000 0.340806 0.940134
80.725515127 3.024029 1.518588 0.000000 0.000000 0.000000 0.350338 0.936623
80.785824299 3.025570 1.521956 0.000000 0.000000 0.000000 0.355867 0.934536
80.885531425 3.026638 1.526660 0.000000 0.000000 0.000000 0.364541 0.931187
80.931448936 3.027231 1.529603 0.000000 0.000000 0.000000 0.368918 0.929462
81.023196459 3.040862 1.543822 0.000000 0.000000 0.000000 0.368718 0.929541
81.074112654 3.047493 1.553771 0.000000 0.000000 0.000000 0.368605 0.929586
81.169610262 3.060258 1.568173 0.000000 0.000000 0.000000 0.368590 0.929592
81.221564293 3.068285 1.573745 0.000000 0.000000 0.000000 0.368756 0.929526
81.317089081 3.082460 1.586817 0.000000 0.000000 0.000000 0.369152 0.929369
81.373459816 3.090930 1.595358 0.000000 0.000000 0.000000 0.369165 0.929364
81.468533754 3.106545 1.608597 0.000000 0.000000 0.000000 0.369032 0.929417
81.523016691 3.112319 1.617602 0.000000 0.000000 0.000000 0.369080 0.929398
81.598726511 3.123918 1.628419 0.000000 0.000000 0.000000 0.368892 0.929472
81.657386780 3.127698 1.630950 0.000000 0.000000 0.000000 0.374162 0.927363
81.743980408 3.129927 1.634652 0.000000 0.000000 0.000000 0.382015 0.924156
81.802433014 3.129603 1.638123 0.000000 0.000000 0.000000 0.387239 0.921979
81.892469883 3.133661 1.642048 0.000000 0.000000 0.000000 0.395289 0.918557
81.951400280 3.136878 1.643450 0.000000 0.000000 0.000000 0.400465 0.916312
82.051398516 3.139736 1.646845 0.000000 0.000000 0.000000 0.408868 0.912594
82.098116398 3.142623 1.646498 0.000000 0.000000 0.000000 0.413207 0.910637
82.188131332 3.155008 1.660242 0.000000 0.000000 0.000000 0.413275 0.910606
82.248149872 3.162972 1.667498 0.000000 0.000000 0.000000 0.413634 0.910443
82.336132288 3.173841 1.679585 0.000000 0.000000 0.000000 0.413633 0.910444
82.396090031 3.179809 1.688147 0.000000 0.000000 0.000000 0.413855 0.910343
82.493404388 3.191257 1.704026 0.000000 0.000000 0.000000 0.413836 0.910351
82.545469284 3.197066 1.713269 0.000000 0.000000 0.000000 0.413788 0.910373
82.645762682 3.211994 1.728180 0.000000 0.000000 0.000000 0.413766 0.910383
82.703368902 3.218449 1.738441 0.000000 0.000000 0.000000 0.413622 0.910449
82.786747932 3.230607 1.751697 0.000000 0.000000 0.000000 0.413252 0.910617
82.854153395 3.240124 1.762791 0.000000 0.000000 0.000000 0.413051 0.910708
82.943068027 3.252069 1.775602 0.000000 0.000000 0.000000 0.413227 0.910628
83.009804964 3.261734 1.787718 0.000000 0.000000 0.000000 0.413423 0.910539
83.085191727 3.272306 1.798815 0.000000 0.000000 0.000000 0.413573 0.910471
83.153803349 3.281525 1.809169 0.000000 0.000000 0.000000 0.413135 0.910670
83.241653681 3.292435 1.823616 0.000000 0.000000 0.000000 0.412855 0.910797
83.297069788 3.293607 1.825831 0.000000 0.000000 0.000000 0.417838 0.908522
83.389735460 3.297903 1.830796 0.000000 0.000000 0.000000 0.425916 0.904763
83.453119040 3.299680 1.833709 0.000000 0.000000 0.000000 0.431486 0.902120
83.537900448 3.298635 1.837198 0.000000 0.000000 0.000000 0.438871 0.898550
83.597048283 3.298908 1.840477 0.000000 0.000000 0.000000 0.444186 0.895934
83.717325926 3.301469 1.844539 0.000000 0.000000 0.000000 0.454339 0.890829
83.749479055 3.301311 1.845316 0.000000 0.000000 0.000000 0.457340 0.889292
83.838826418 3.305742 1.850488 0.000000 0.000000 0.000000 0.465050 0.885284
83.901724577 3.306414 1.853081 0.000000 0.000000 0.000000 0.470460 0.882421
83.992516994 3.308012 1.857575 0.000000 0.000000 0.000000 0.478406 0.878139
84.051721573 3.308229 1.862886 0.000000 0.000000 0.000000 0.483341 0.875432
84.156426907 3.310581 1.868693 0.000000 0.000000 0.000000 0.492067 0.870557
84.200500965 3.312499 1.872118 0.000000 0.000000 0.000000 0.495788 0.868443
84.283172131 3.320251 1.885820 0.000000 0.000000 0.000000 0.495915 0.868371
84.341853619 3.326471 1.897530 0.000000 0.000000 0.000000 0.495613 0.868544
84.440338135 3.333866 1.915676 0.000000 0.000000 0.000000 0.495536 0.868588
84.490278244 3.345162 1.920834 0.000000 0.000000 0.000000 0.494805 0.869004
84.590413809 3.354939 1.937525 0.000000 0.000000 0.000000 0.494286 0.869300
84.637861252 3.355981 1.940777 0.000000 0.000000 0.000000 0.498079 0.867132
84.731191397 3.359066 1.944087 0.000000 0.000000 0.000000 0.506018 0.862523
84.795961142 3.360167 1.946017 0.000000 0.000000 0.000000 0.511496 0.859285
84.885035038 3.363139 1.949196 0.000000 0.000000 0.000000 0.519028 0.854757
84.942189693 3.367828 1.959613 0.000000 0.000000 0.000000 0.519132 0.854694
85.035698891 3.375666 1.976399 0.000000 0.000000 0.000000 0.519193 0.854657
85.087255955 3.379766 1.987623 0.000000 0.000000 0.000000 0.519000 0.854774
85.177431345 3.386461 2.003452 0.000000 0.000000 0.000000 0.518906 0.854831
85.234461546 3.392686 2.013344 0.000000 0.000000 0.000000 0.518983 0.854785
85.317269802 3.400445 2.026376 0.000000 0.000000 0.000000 0.519040 0.854750
85.371974707 3.404330 2.035532 0.000000 0.000000 0.000000 0.518908 0.854830
85.478625298 3.408813 2.039461 0.000000 0.000000 0.000000 0.528035 0.849223
85.528799295 3.409858 2.042533 0.000000 0.000000 0.000000 0.531888 0.846815
85.623463392 3.411700 2.046837 0.000000 0.000000 0.000000 0.539725 0.841841
85.673765659 3.412105 2.049200 0.000000 0.000000 0.000000 0.543541 0.839383
85.763669968 3.420318 2.065750 0.000000 0.000000 0.000000 0.543461 0.839434
85.820935726 3.423825 2.075159 0.000000 0.000000 0.000000 0.543422 0.839460
85.910727024 3.431828 2.091525 0.000000 0.000000 0.000000 0.543824 0.839199
85.964876890 3.437732 2.102259 0.000000 0.000000 0.000000 0.543771 0.839234
86.051109076 3.443160 2.119261 0.000000 0.000000 0.000000 0.543567 0.839366
86.103527308 3.446761 2.126802 0.000000 0.000000 0.000000 0.543464 0.839432
86.201452255 3.454086 2.144000 0.000000 0.000000 0.000000 0.543130 0.839649
86.242657185 3.458697 2.151844 0.000000 0.000000 0.000000 0.542981 0.839745
86.334985495 3.465172 2.169420 0.000000 0.000000 0.000000 0.543136 0.839645
86.382092714 3.464040 2.170777 0.000000 0.000000 0.000000 0.547085 0.837077
86.472083092 3.465055 2.174627 0.000000 0.000000 0.000000 0.554199 0.832384
86.523828268 3.466147 2.178210 0.000000 0.000000 0.000000 0.558477 0.829520
86.615870237 3.467601 2.183200 0.000000 0.000000 0.000000 0.565746 0.824580
86.670076370 3.467356 2.185745 0.000000 0.000000 0.000000 0.570220 0.821492
86.774803400 3.474699 2.204683 0.000000 0.000000 0.000000 0.570423 0.821351
86.820199966 3.477488 2.212707 0.000000 0.000000 0.000000 0.570517 0.821286
86.919469357 3.485291 2.230878 0.000000 0.000000 0.000000 0.570967 0.820973
86.967871189 3.488364 2.240375 0.000000 0.000000 0.000000 0.571358 0.820701
87.056761026 3.492930 2.256472 0.000000 0.000000 0.000000 0.571505 0.820598
87.109259605 3.496183 2.265696 0.000000 0.000000 0.000000 0.571646 0.820500
87.192007065 3.502304 2.281148 0.000000 0.000000 0.000000 0.571669 0.820484
87.253980637 3.505534 2.290586 0.000000 0.000000 0.000000 0.571796 0.820396
87.349741697 3.506425 2.294935 0.000000 0.000000 0.000000 0.579994 0.814621
87.405018091 3.509059 2.297456 0.000000 0.000000 0.000000 0.584080 0.811696
87.485984564 3.510701 2.301451 0.000000 0.000000 0.000000 0.590903 0.806743
87.543567896 3.511202 2.302476 0.000000 0.000000 0.000000 0.595460 0.803385
87.634330273 3.512093 2.306762 0.000000 0.000000 0.000000 0.602505 0.798115
87.686902761 3.511617 2.308462 0.000000 0.000000 0.000000 0.606616 0.794995
87.787247896 3.514121 2.314551 0.000000 0.000000 0.000000 0.614495 0.788920
87.837472916 3.515949 2.324701 0.000000 0.000000 0.000000 0.614412 0.788986
87.916748285 3.519796 2.341953 0.000000 0.000000 0.000000 0.614332 0.789048
87.986268759 3.518673 2.357731 0.000000 0.000000 0.000000 0.614513 0.788907
88.086726427 3.523802 2.376651 0.000000 0.000000 0.000000 0.614379 0.789011
88.150101423 3.524666 2.388942 0.000000 0.000000 0.000000 0.614486 0.788928
88.240933418 3.525945 2.394848 0.000000 0.000000 0.000000 0.621441 0.783461
88.297403812 3.527382 2.397661 0.000000 0.000000 0.000000 0.625975 0.779843
88.386169910 3.528329 2.400682 0.000000 0.000000 0.000000 0.632868 0.774259
88.450335503 3.527521 2.404097 0.000000 0.000000 0.000000 0.637978 0.770054
88.535275698 3.529126 2.408189 0.000000 0.000000 0.000000 0.644365 0.764718
88.605426788 3.530254 2.411899 0.000000 0.000000 0.000000 0.649654 0.760230
88.683759212 3.529900 2.414768 0.000000 0.000000 0.000000 0.655471 0.755220
88.750116110 3.531230 2.428003 0.000000 0.000000 0.000000 0.655412 0.755272
88.851769447 3.533446 2.448959 0.000000 0.000000 0.000000 0.655311 0.755359
88.916266441 3.535405 2.461418 0.000000 0.000000 0.000000 0.655384 0.755296
89.002526760 3.538464 2.478005 0.000000 0.000000 0.000000 0.655176 0.755476
89.057895184 3.540634 2.489760 0.000000 0.000000 0.000000 0.655151 0.755498
89.140100241 3.543619 2.507005 0.000000 0.000000 0.000000 0.655147 0.755501
89.195465088 3.542931 2.510389 0.000000 0.000000 0.000000 0.659507 0.751698
89.289087772 3.544505 2.514117 0.000000 0.000000 0.000000 0.666636 0.745383
89.344048738 3.545449 2.517091 0.000000 0.000000 0.000000 0.671037 0.741424
89.440391302 3.546172 2.520686 0.000000 0.000000 0.000000 0.678364 0.734726
89.492968559 3.546993 2.523831 0.000000 0.000000 0.000000 0.682249 0.731120
89.607647657 3.547695 2.547186 0.000000 0.000000 0.000000 0.682057 0.731299
89.672281504 3.548561 2.558040 0.000000 0.000000 0.000000 0.681930 0.731417
89.768073082 3.550682 2.575862 0.000000 0.000000 0.000000 0.681966 0.731384
89.829360723 3.550066 2.587825 0.000000 0.000000 0.000000 0.682049 0.731306
89.918611765 3.551359 2.605919 0.000000 0.000000 0.000000 0.682071 0.731286
89.983339548 3.553460 2.618712 0.000000 0.000000 0.000000 0.682514 0.730873
90.075467348 3.554712 2.637328 0.000000 0.000000 0.000000 0.682579 0.730812
90.136802912 3.555299 2.650884 0.000000 0.000000 0.000000 0.682436 0.730945
90.217718840 3.555937 2.665669 0.000000 0.000000 0.000000 0.682648 0.730747
90.282570362 3.557415 2.676705 0.000000 0.000000 0.000000 0.682816 0.730590
90.377734184 3.559068 2.693802 0.000000 0.000000 0.000000 0.682914 0.730498
90.428593874 3.559098 2.705900 0.000000 0.000000 0.000000 0.683350 0.730091
90.510604858 3.560676 2.722315 0.000000 0.000000 0.000000 0.683309 0.730130
90.568803549 3.560879 2.732805 0.000000 0.000000 0.000000 0.683156 0.730273
90.669097900 3.562877 2.754358 0.000000 0.000000 0.000000 0.683166 0.730263
90.734403133 3.565591 2.767199 0.000000 0.000000 0.000000 0.683473 0.729976
90.817264557 3.567011 2.785132 0.000000 0.000000 0.000000 0.683771 0.729697
90.874949217 3.568035 2.796740 0.000000 0.000000 0.000000 0.683699 0.729764
90.977848291 3.571934 2.817556 0.000000 0.000000 0.000000 0.683761 0.729706
91.038990498 3.571929 2.828838 0.000000 0.000000 0.000000 0.683426 0.730020
91.132968187 3.570817 2.846746 0.000000 0.000000 0.000000 0.683407 0.730038
91.184181929 3.572250 2.855916 0.000000 0.000000 0.000000 0.683409 0.730035
91.277483940 3.575263 2.872621 0.000000 0.000000 0.000000 0.683556 0.729898
91.333750963 3.576413 2.882790 0.000000 0.000000 0.000000 0.683242 0.730192
91.435931683 3.577489 2.903773 0.000000 0.000000 0.000000 0.683140 0.730288
91.490885019 3.577720 2.913636 0.000000 0.000000 0.000000 0.682861 0.730549
91.596405983 3.578715 2.933401 0.000000 0.000000 0.000000 0.683002 0.730416
91.657889366 3.578033 2.945779 0.000000 0.000000 0.000000 0.682827 0.730580
91.744920015 3.579358 2.959701 0.000000 0.000000 0.000000 0.682444 0.730938
91.803375244 3.579245 2.971851 0.000000 0.000000 0.000000 0.682571 0.730819
91.889576912 3.580107 2.988795 0.000000 0.000000 0.000000 0.682610 0.730783
91.950321198 3.579601 3.001353 0.000000 0.000000 0.000000 0.682461 0.730922
92.040585995 3.582616 3.020037 0.000000 0.000000 0.000000 0.682681 0.730716
92.095539570 3.584160 3.030137 0.000000 0.000000 0.000000 0.682485 0.730900
92.180634975 3.586218 3.047218 0.000000 0.000000 0.000000 0.682400 0.730979
92.233907700 3.586219 3.057596 0.000000 0.000000 0.000000 0.682761 0.730642
92.324627161 3.586933 3.075447 0.000000 0.000000 0.000000 0.683184 0.730247
92.377721786 3.588416 3.084543 0.000000 0.000000 0.000000 0.683236 0.730197
92.477380037 3.589306 3.104992 0.000000 0.000000 0.000000 0.683455 0.729993
92.527386665 3.590896 3.115453 0.000000 0.000000 0.000000 0.683373 0.730070
92.615924358 3.591272 3.133128 0.000000 0.000000 0.000000 0.683682 0.729780
92.672314167 3.592540 3.145278 0.000000 0.000000 0.000000 0.683866 0.729608
92.773890257 3.593112 3.165431 0.000000 0.000000 0.000000 0.683689 0.729774
92.833395958 3.593989 3.178058 0.000000 0.000000 0.000000 0.683763 0.729704
92.924817085 3.596412 3.196804 0.000000 0.000000 0.000000 0.683984 0.729497
92.988978386 3.595373 3.210910 0.000000 0.000000 0.000000 0.683997 0.729485
93.100240469 3.597815 3.231833 0.000000 0.000000 0.000000 0.683712 0.729752
93.152472734 3.596270 3.242201 0.000000 0.000000 0.000000 0.683750 0.729717
93.248969555 3.597489 3.261792 0.000000 0.000000 0.000000 0.683855 0.729618
93.302347898 3.597696 3.271813 0.000000 0.000000 0.000000 0.683855 0.729617
93.402684212 3.598962 3.291025 0.000000 0.000000 0.000000 0.684083 0.729404
93.454676867 3.599280 3.302085 0.000000 0.000000 0.000000 0.684351 0.729152
93.552758694 3.599136 3.321113 0.000000 0.000000 0.000000 0.684413 0.729094
93.613630056 3.599485 3.335208 0.000000 0.000000 0.000000 0.684347 0.729157
93.707502604 3.602051 3.353351 0.000000 0.000000 0.000000 0.684153 0.729339
93.764230251 3.602753 3.363738 0.000000 0.000000 0.000000 0.684200 0.729294
93.873910427 3.603224 3.384130 0.000000 0.000000 0.000000 0.684058 0.729428
93.914932251 3.603721 3.392692 0.000000 0.000000 0.000000 0.683813 0.729657
94.005584240 3.603179 3.412501 0.000000 0.000000 0.000000 0.683997 0.729485
94.060539484 3.601352 3.423185 0.000000 0.000000 0.000000 0.684167 0.729325
94.156020403 3.601120 3.442735 0.000000 0.000000 0.000000 0.684158 0.729333
94.210253716 3.603000 3.454280 0.000000 0.000000 0.000000 0.684446 0.729064
94.306135893 3.604035 3.473393 0.000000 0.000000 0.000000 0.684250 0.729247
94.372974396 3.604773 3.485926 0.000000 0.000000 0.000000 0.684484 0.729028
94.471097946 3.605701 3.506025 0.000000 0.000000 0.000000 0.684633 0.728888
94.529613972 3.606327 3.519100 0.000000 0.000000 0.000000 0.685023 0.728522
94.627149820 3.606805 3.537116 0.000000 0.000000 0.000000 0.684980 0.728562
94.671769142 3.607348 3.545103 0.000000 0.000000 0.000000 0.684910 0.728628
94.763330460 3.609531 3.564926 0.000000 0.000000 0.000000 0.685231 0.728326
94.822440624 3.609888 3.576678 0.000000 0.000000 0.000000 0.685188 0.728366
94.912670851 3.609562 3.594339 0.000000 0.000000 0.000000 0.684961 0.728580
94.978972197 3.610244 3.607574 0.000000 0.000000 0.000000 0.684990 0.728552
95.068254471 3.612342 3.623469 0.000000 0.000000 0.000000 0.684682 0.728842
95.123470068 3.615475 3.633676 0.000000 0.000000 0.000000 0.684991 0.728551
95.210581541 3.613884 3.650325 0.000000 0.000000 0.000000 0.685014 0.728530
95.261231899 3.612011 3.659582 0.000000 0.000000 0.000000 0.685165 0.728388
95.358219862 3.612666 3.684845 0.000000 0.000000 0.000000 0.684932 0.728607
95.405269146 3.612526 3.694470 0.000000 0.000000 0.000000 0.685014 0.728529
95.495450497 3.612146 3.696343 0.000000 0.000000 0.000000 0.684842 0.728692
95.556711435 3.612036 3.696053 0.000000 0.000000 0.000000 0.684627 0.728893
95.654532194 3.612375 3.695895 0.000000 0.000000 0.000000 0.684789 0.728741
95.718507051 3.611960 3.694048 0.000000 0.000000 0.000000 0.685187 0.728367
95.809733868 3.612163 3.694043 0.000000 0.000000 0.000000 0.685456 0.728114
95.869915009 3.612208 3.694099 0.000000 0.000000 0.000000 0.685559 0.728017
95.968504429 3.611793 3.693711 0.000000 0.000000 0.000000 0.685413 0.728154
96.013655424 3.612224 3.695108 0.000000 0.000000 0.000000 0.685557 0.728019
96.105460644 3.612522 3.695448 0.000000 0.000000 0.000000 0.685648 0.727933
96.151817083 3.611318 3.694131 0.000000 0.000000 0.000000 0.685844 0.727748
96.249305487 3.612123 3.696090 0.000000 0.000000 0.000000 0.685918 0.727679
96.313171148 3.612758 3.695154 0.000000 0.000000 0.000000 0.686045 0.727559
96.411842108 3.612834 3.694488 0.000000 0.000000 0.000000 0.685960 0.727639
96.483254194 3.612765 3.693526 0.000000 0.000000 0.000000 0.685937 0.727661
96.576039553 3.612570 3.694313 0.000000 0.000000 0.000000 0.685958 0.727641
96.634468794 3.612745 3.696342 0.000000 0.000000 0.000000 0.685611 0.727968
96.723625898 3.612754 3.696780 0.000000 0.000000 0.000000 0.685728 0.727858
96.781600475 3.612430 3.697646 0.000000 0.000000 0.000000 0.685883 0.727712
96.866395235 3.613176 3.697234 0.000000 0.000000 0.000000 0.685708 0.727877
96.921135187 3.614320 3.697809 0.000000 0.000000 0.000000 0.685649 0.727932
97.019036293 3.614182 3.697273 0.000000 0.000000 0.000000 0.685708 0.727877
97.060910940 3.613564 3.697751 0.000000 0.000000 0.000000 0.685644 0.727937
97.153807163 3.615015 3.698440 0.000000 0.000000 0.000000 0.685847 0.727745
97.211027622 3.615574 3.698080 0.000000 0.000000 0.000000 0.685835 0.727758
97.305245876 3.615065 3.698308 0.000000 0.000000 0.000000 0.685684 0.727899
97.364989996 3.614883 3.696806 0.000000 0.000000 0.000000 0.685664 0.727918
97.465471268 3.614224 3.696263 0.000000 0.000000 0.000000 0.685703 0.727881
97.531141281 3.613644 3.696982 0.000000 0.000000 0.000000 0.685608 0.727971
97.607466698 3.612320 3.697482 0.000000 0.000000 0.000000 0.685788 0.727802
97.670571327 3.613512 3.697623 0.000000 0.000000 0.000000 0.686065 0.727541
97.761371374 3.612976 3.696186 0.000000 0.000000 0.000000 0.685863 0.727731
97.826786518 3.612011 3.693575 0.000000 0.000000 0.000000 0.685845 0.727748
97.904732704 3.612217 3.692821 0.000000 0.000000 0.000000 0.685794 0.727796
97.972033739 3.611691 3.694634 0.000000 0.000000 0.000000 0.685809 0.727781
98.065672398 3.611406 3.694135 0.000000 0.000000 0.000000 0.685891 0.727705
98.120881319 3.610045 3.696029 0.000000 0.000000 0.000000 0.686060 0.727545
98.209275961 3.609812 3.698260 0.000000 0.000000 0.000000 0.686231 0.727384
98.266049623 3.609940 3.699022 0.000000 0.000000 0.000000 0.686064 0.727541
98.353181839 3.607958 3.699002 0.000000 0.000000 0.000000 0.686026 0.727577
98.403073549 3.605699 3.697852 0.000000 0.000000 0.000000 0.685540 0.728034
98.490382910 3.605086 3.698583 0.000000 0.000000 0.000000 0.685397 0.728169
98.542252064 3.604684 3.697920 0.000000 0.000000 0.000000 0.685312 0.728250
98.624454260 3.604955 3.696896 0.000000 0.000000 0.000000 0.685176 0.728377
98.685510397 3.606801 3.695305 0.000000 0.000000 0.000000 0.685123 0.728427
98.779605627 3.605135 3.694727 0.000000 0.000000 0.000000 0.684835 0.728698
98.838194609 3.607052 3.694961 0.000000 0.000000 0.000000 0.684756 0.728772
98.929908276 3.604621 3.693411 0.000000 0.000000 0.000000 0.684744 0.728784
98.986426353 3.609560 3.691392 0.000000 0.000000 0.000000 0.684252 0.729246
99.090990067 3.609210 3.689553 0.000000 0.000000 0.000000 0.684305 0.729196
99.137984037 3.607728 3.689092 0.000000 0.000000 0.000000 0.684212 0.729283
99.222180128 3.606200 3.688830 0.000000 0.000000 0.000000 0.684128 0.729362
99.274515629 3.604731 3.689328 0.000000 0.000000 0.000000 0.683842 0.729630
99.372492313 3.605671 3.689803 0.000000 0.000000 0.000000 0.683774 0.729694
99.430688858 3.604871 3.689280 0.000000 0.000000 0.000000 0.683837 0.729635
99.544572830 3.603932 3.688741 0.000000 0.000000 0.000000 0.683752 0.729715
99.586899042 3.605444 3.687573 0.000000 0.000000 0.000000 0.683744 0.729722
99.684531927 3.604287 3.686453 0.000000 0.000000 0.000000 0.683751 0.729716
99.732462883 3.603068 3.685921 0.000000 0.000000 0.000000 0.683848 0.729625
99.817482233 3.602366 3.685527 0.000000 0.000000 0.000000 0.683888 0.729587
99.865893364 3.601095 3.686866 0.000000 0.000000 0.000000 0.683938 0.729540
99.974117994 3.599408 3.687170 0.000000 0.000000 0.000000 0.683702 0.729761
100.008396149 3.600138 3.686407 0.000000 0.000000 0.000000 0.683689 0.729773
100.099959850 3.600677 3.684871 0.000000 0.000000 0.000000 0.683549 0.729904
100.157341719 3.601056 3.684422 0.000000 0.000000 0.000000 0.683864 0.729610
100.251402378 3.601224 3.684875 0.000000 0.000000 0.000000 0.683828 0.729643
100.296842813 3.600623 3.685295 0.000000 0.000000 0.000000 0.683798 0.729671
100.386153460 3.600209 3.685136 0.000000 0.000000 0.000000 0.683964 0.729516
100.438560963 3.599639 3.684778 0.000000 0.000000 0.000000 0.684077 0.729409
100.523025513 3.599120 3.684264 0.000000 0.000000 0.000000 0.683964 0.729516
100.578892708 3.598730 3.684861 0.000000 0.000000 0.000000 0.683878 0.729596
100.666844606 3.597525 3.683478 0.000000 0.000000 0.000000 0.684088 0.729399
100.717916250 3.596909 3.683526 0.000000 0.000000 0.000000 0.683840 0.729632
100.814438343 3.596060 3.681758 0.000000 0.000000 0.000000 0.683881 0.729593
100.859156370 3.594929 3.680190 0.000000 0.000000 0.000000 0.683600 0.729857
100.952885628 3.594998 3.680266 0.000000 0.000000 0.000000 0.683620 0.729838
101.000487804 3.593534 3.681909 0.000000 0.000000 0.000000 0.683708 0.729756
101.085479736 3.592630 3.680311 0.000000 0.000000 0.000000 0.683451 0.729997
101.136031866 3.591988 3.678105 0.000000 0.000000 0.000000 0.683434 0.730012
101.229514122 3.591712 3.678973 0.000000 0.000000 0.000000 0.683523 0.729929
101.274351120 3.592123 3.681482 0.000000 0.000000 0.000000 0.683540 0.729913
101.373620749 3.591836 3.680429 0.000000 0.000000 0.000000 0.683944 0.729535
101.426921129 3.593421 3.681729 0.000000 0.000000 0.000000 0.684063 0.729423
101.521782160 3.592544 3.682675 0.000000 0.000000 0.000000 0.683937 0.729541
101.570658922 3.592730 3.683026 0.000000 0.000000 0.000000 0.683682 0.729780
101.657437325 3.593893 3.685317 0.000000 0.000000 0.000000 0.683742 0.729723
101.713495970 3.593742 3.685345 0.000000 0.000000 0.000000 0.683693 0.729770
101.799236774 3.592949 3.683708 0.000000 0.000000 0.000000 0.683754 0.729713
101.849389791 3.592553 3.683918 0.000000 0.000000 0.000000 0.683802 0.729667
101.945839167 3.594232 3.683652 0.000000 0.000000 0.000000 0.683336 0.730104
101.999189854 3.593147 3.685378 0.000000 0.000000 0.000000 0.683500 0.729950
102.086042404 3.593277 3.684537 0.000000 0.000000 0.000000 0.683102 0.730323
102.136522293 3.593758 3.684156 0.000000 0.000000 0.000000 0.683067 0.730356
102.221495152 3.593379 3.684104 0.000000 0.000000 0.000000 0.682950 0.730465
102.276251078 3.594451 3.685246 0.000000 0.000000 0.000000 0.682969 0.730448
102.367645025 3.593340 3.688818 0.000000 0.000000 0.000000 0.682945 0.730470
102.423708200 3.591971 3.687265 0.000000 0.000000 0.000000 0.682835 0.730573
102.525077105 3.591275 3.686590 0.000000 0.000000 0.000000 0.682712 0.730688
102.574762106 3.587157 3.690919 0.000000 0.000000 0.000000 0.682360 0.731016
102.674291134 3.587397 3.691137 0.000000 0.000000 0.000000 0.682629 0.730765
