56.000000000 -0.005067 0.999297 0.000000 0.000000 0.000000 0.010022 0.999950
56.092626333 -0.007257 0.999582 0.000000 0.000000 0.000000 0.012134 0.999926
56.136488199 -0.006067 0.999738 0.000000 0.000000 0.000000 0.013500 0.999909
56.234569073 -0.006640 0.999780 0.000000 0.000000 0.000000 0.014316 0.999898
56.291095257 -0.006765 1.000528 0.000000 0.000000 0.000000 0.014834 0.999890
56.384810448 -0.007786 0.999481 0.000000 0.000000 0.000000 0.015320 0.999883
56.432573795 -0.007884 0.999258 0.000000 0.000000 0.000000 0.015055 0.999887
56.517774343 -0.008484 1.000720 0.000000 0.000000 0.000000 0.014731 0.999891
56.566277504 -0.007050 1.000572 0.000000 0.000000 0.000000 0.014396 0.999896
56.658776283 -0.006343 1.000140 0.000000 0.000000 0.000000 0.014174 0.999900
56.719421625 -0.004646 0.998931 0.000000 0.000000 0.000000 0.013905 0.999903
56.806190968 -0.004286 0.996406 0.000000 0.000000 0.000000 0.011295 0.999936
56.859033823 -0.003453 0.996039 0.000000 0.000000 0.000000 0.011146 0.999938
56.956225157 -0.004944 0.996798 0.000000 0.000000 0.000000 0.010321 0.999947
56.992516994 -0.004628 0.998530 0.000000 0.000000 0.000000 0.009791 0.999952
57.085117579 -0.005468 0.998734 0.000000 0.000000 0.000000 0.009630 0.999954
57.135342836 -0.007386 0.998519 0.000000 0.000000 0.000000 0.009204 0.999958
57.226917267 -0.007992 0.999994 0.000000 0.000000 0.000000 0.009254 0.999957
57.280653477 -0.007976 0.999630 0.000000 0.000000 0.000000 0.008945 0.999960
57.376023293 -0.008526 0.999788 0.000000 0.000000 0.000000 0.008275 0.999966
57.421943903 -0.009316 1.000235 0.000000 0.000000 0.000000 0.007744 0.999970
57.506844759 -0.008551 1.000286 0.000000 0.000000 0.000000 0.007225 0.999974
57.561612844 -0.009598 0.999906 0.000000 0.000000 0.000000 0.007004 0.999975
57.661116600 -0.009397 0.998013 0.000000 0.000000 0.000000 0.006510 0.999979
57.713097334 -0.008163 0.997938 0.000000 0.000000 0.000000 0.006120 0.999981
57.818692207 -0.009260 0.999854 0.000000 0.000000 0.000000 0.005665 0.999984
57.857132435 -0.009986 0.999974 0.000000 0.000000 0.000000 0.005561 0.999985
57.942367077 -0.010686 0.999599 0.000000 0.000000 0.000000 0.005150 0.999987
57.993121147 -0.011674 1.000931 0.000000 0.000000 0.000000 0.005350 0.999986
58.084053516 -0.010494 1.003041 0.000000 0.000000 0.000000 0.005240 0.999986
58.134043932 -0.010202 1.003365 0.000000 0.000000 0.000000 0.004849 0.999988
58.226578236 -0.010190 1.003190 0.000000 0.000000 0.000000 0.004464 0.999990
58.278188705 -0.009083 1.004077 0.000000 0.000000 0.000000 0.004034 0.999992
58.375108480 -0.009158 1.003371 0.000000 0.000000 0.000000 0.003907 0.999992
58.432198524 -0.009040 1.001386 0.000000 0.000000 0.000000 0.003580 0.999994
58.513686180 -0.008324 1.001682 0.000000 0.000000 0.000000 0.003537 0.999994
58.577755451 -0.007027 1.002217 0.000000 0.000000 0.000000 0.002727 0.999996
58.663658381 -0.008784 1.002139 0.000000 0.000000 0.000000 0.002455 0.999997
58.721382856 -0.009564 1.002328 0.000000 0.000000 0.000000 0.002394 0.999997
58.811643362 -0.010831 1.002725 0.000000 0.000000 0.000000 0.001522 0.999999
58.859117508 -0.010231 1.001649 0.000000 0.000000 0.000000 0.001057 0.999999
58.954252720 -0.010211 1.000997 0.000000 0.000000 0.000000 0.001051 0.999999
59.016629219 -0.011854 1.000546 0.000000 0.000000 0.000000 0.000145 1.000000
59.106379747 -0.012671 0.998998 0.000000 0.000000 0.000000 -0.000435 1.000000
59.158839226 -0.013533 0.998803 0.000000 0.000000 0.000000 -0.000917 1.000000
59.239713192 -0.014379 0.998685 0.000000 0.000000 0.000000 -0.001365 0.999999
59.295119047 -0.014400 0.998910 0.000000 0.000000 0.000000 -0.001600 0.999999
59.400145054 -0.014671 0.999206 0.000000 0.000000 0.000000 -0.001758 0.999998
59.447155952 -0.015003 0.997646 0.000000 0.000000 0.000000 -0.002119 0.999998
59.543852329 -0.015540 0.997798 0.000000 0.000000 0.000000 -0.002276 0.999997
59.590034962 -0.017346 0.998786 0.000000 0.000000 0.000000 -0.002300 0.999997
59.665421247 -0.016851 0.998633 0.000000 0.000000 0.000000 -0.002145 0.999998
59.720851421 -0.019031 0.997606 0.000000 0.000000 0.000000 -0.002349 0.999997
59.805132151 -0.018429 0.997466 0.000000 0.000000 0.000000 -0.002368 0.999997
59.860359430 -0.019753 0.997727 0.000000 0.000000 0.000000 -0.002464 0.999997
59.957119226 -0.020875 0.995631 0.000000 0.000000 0.000000 -0.002226 0.999998
60.005816936 -0.021543 0.995223 0.000000 0.000000 0.000000 -0.002687 0.999996
60.089397669 -0.022840 0.995777 0.000000 0.000000 0.000000 -0.002526 0.999997
60.138172865 -0.021833 0.997189 0.000000 0.000000 0.000000 -0.002896 0.999996
60.220950127 -0.022344 0.998517 0.000000 0.000000 0.000000 -0.003015 0.999995
60.272440672 -0.024204 0.999779 0.000000 0.000000 0.000000 -0.003054 0.999995
60.365985632 -0.024791 0.998970 0.000000 0.000000 0.000000 -0.003668 0.999993
60.419920921 -0.025132 1.000344 0.000000 0.000000 0.000000 -0.003998 0.999992
60.517887354 -0.027528 1.000739 0.000000 0.000000 0.000000 -0.004024 0.999992
60.576246977 -0.029226 0.999931 0.000000 0.000000 0.000000 -0.004076 0.999992
60.661265135 -0.027776 1.000926 0.000000 0.000000 0.000000 -0.004332 0.999991
60.720116138 -0.028870 1.001929 0.000000 0.000000 0.000000 -0.004958 0.999988
60.806773424 -0.027623 1.002131 0.000000 0.000000 0.000000 -0.006132 0.999981
60.856551170 -0.026854 1.001802 0.000000 0.000000 0.000000 -0.006273 0.999980
60.954911470 -0.027830 1.001375 0.000000 0.000000 0.000000 -0.006378 0.999980
61.012297630 -0.030161 1.001911 0.000000 0.000000 0.000000 -0.006190 0.999981
61.109639168 -0.030151 1.000738 0.000000 0.000000 0.000000 -0.006221 0.999981
61.157109976 -0.029525 1.001616 0.000000 0.000000 0.000000 -0.006296 0.999980
61.239634752 -0.029241 1.000726 0.000000 0.000000 0.000000 -0.006430 0.999979
61.291578770 -0.028025 1.001500 0.000000 0.000000 0.000000 -0.006304 0.999980
61.377224922 -0.027369 1.001707 0.000000 0.000000 0.000000 -0.006290 0.999980
61.424571276 -0.025754 1.000776 0.000000 0.000000 0.000000 -0.006497 0.999979
61.517945051 -0.026788 1.000637 0.000000 0.000000 0.000000 -0.006692 0.999978
61.571182013 -0.027340 1.001845 0.000000 0.000000 0.000000 -0.006832 0.999977
61.674693108 -0.028574 1.000654 0.000000 0.000000 0.000000 -0.006987 0.999976
61.731230259 -0.025082 1.000702 0.000000 0.000000 0.000000 -0.006632 0.999978
61.823836803 -0.025280 0.999875 0.000000 0.000000 0.000000 -0.006867 0.999976
61.867137194 -0.024994 1.000154 0.000000 0.000000 0.000000 -0.006839 0.999977
61.957184315 -0.024179 1.000629 0.000000 0.000000 0.000000 -0.006800 0.999977
62.007257462 -0.024947 1.000681 0.000000 0.000000 0.000000 -0.006601 0.999978
62.096065044 -0.024829 1.001597 0.000000 0.000000 0.000000 -0.006240 0.999981
62.149833441 -0.025524 1.002585 0.000000 0.000000 0.000000 -0.006264 0.999980
62.231528997 -0.008286 1.001400 0.000000 0.000000 0.000000 -0.005923 0.999982
62.288254261 0.001716 1.000165 0.000000 0.000000 0.000000 -0.005947 0.999982
62.372793436 0.018930 0.998650 0.000000 0.000000 0.000000 -0.005552 0.999985
62.437046528 0.030410 0.997862 0.000000 0.000000 0.000000 -0.005646 0.999984
62.518205643 0.046023 0.997399 0.000000 0.000000 0.000000 -0.005632 0.999984
62.573649645 0.056836 0.997462 0.000000 0.000000 0.000000 -0.005683 0.999984
62.658019066 0.074463 0.996313 0.000000 0.000000 0.000000 -0.006302 0.999980
62.708748341 0.085024 0.997862 0.000000 0.000000 0.000000 -0.006110 0.999981
62.802901506 0.103065 0.997230 0.000000 0.000000 0.000000 -0.006175 0.999981
62.862125397 0.114567 0.996749 0.000000 0.000000 0.000000 -0.006069 0.999982
62.944721937 0.131047 0.997632 0.000000 0.000000 0.000000 -0.006055 0.999982
63.001682520 0.141863 0.997722 0.000000 0.000000 0.000000 -0.006332 0.999980
63.096352816 0.159969 0.997812 0.000000 0.000000 0.000000 -0.006427 0.999979
63.140980959 0.168893 0.997983 0.000000 0.000000 0.000000 -0.006569 0.999978
63.224403381 0.184203 0.997820 0.000000 0.000000 0.000000 -0.006682 0.999978
63.278097630 0.196014 0.998599 0.000000 0.000000 0.000000 -0.006438 0.999979
63.378735542 0.216223 0.999928 0.000000 0.000000 0.000000 -0.006692 0.999978
63.429337263 0.227105 1.000012 0.000000 0.000000 0.000000 -0.007004 0.999975
63.507558107 0.239980 0.998598 0.000000 0.000000 0.000000 -0.006997 0.999976
63.561244726 0.251866 0.999504 0.000000 0.000000 0.000000 -0.007081 0.999975
63.651183605 0.267259 0.998161 0.000000 0.000000 0.000000 -0.006892 0.999976
63.722069025 0.281775 0.998529 0.000000 0.000000 0.000000 -0.007012 0.999975
63.818211794 0.300282 1.000173 0.000000 0.000000 0.000000 -0.006975 0.999976
63.867984533 0.310158 1.001391 0.000000 0.000000 0.000000 -0.007201 0.999974
63.954170942 0.326894 1.000306 0.000000 0.000000 0.000000 -0.007379 0.999973
64.007827759 0.336108 1.001490 0.000000 0.000000 0.000000 -0.007327 0.999973
64.098969221 0.352720 1.003003 0.000000 0.000000 0.000000 -0.007023 0.999975
64.150251389 0.363538 1.002501 0.000000 0.000000 0.000000 -0.007003 0.999975
64.240028858 0.381248 1.002631 0.000000 0.000000 0.000000 -0.007069 0.999975
64.291742325 0.392750 1.002058 0.000000 0.000000 0.000000 -0.007101 0.999975
64.384911537 0.411318 1.001545 0.000000 0.000000 0.000000 -0.006866 0.999976
64.438662767 0.421784 1.001315 0.000000 0.000000 0.000000 -0.007100 0.999975
64.529100657 0.440448 1.002382 0.000000 0.000000 0.000000 -0.006864 0.999976
64.581606388 0.450986 1.002276 0.000000 0.000000 0.000000 -0.007094 0.999975
64.666499376 0.466075 1.001268 0.000000 0.000000 0.000000 -0.007418 0.999972
64.719514608 0.477816 1.000720 0.000000 0.000000 0.000000 -0.007938 0.999968
64.801486015 0.494493 1.001182 0.000000 0.000000 0.000000 -0.007769 0.999970
64.853920698 0.504133 1.001849 0.000000 0.000000 0.000000 -0.007823 0.999969
64.943417788 0.522558 1.002393 0.000000 0.000000 0.000000 -0.007811 0.999969
64.995023489 0.531798 1.003145 0.000000 0.000000 0.000000 -0.008107 0.999967
65.076430798 0.547458 1.002459 0.000000 0.000000 0.000000 -0.008059 0.999968
65.137303352 0.558161 1.001909 0.000000 0.000000 0.000000 -0.007975 0.999968
65.235720634 0.578285 1.001455 0.000000 0.000000 0.000000 -0.008057 0.999968
65.286878586 0.587806 1.002437 0.000000 0.000000 0.000000 -0.008345 0.999965
65.388996363 0.609676 1.002561 0.000000 0.000000 0.000000 -0.008670 0.999962
65.443364143 0.619873 1.003315 0.000000 0.000000 0.000000 -0.008629 0.999963
65.533442974 0.636792 1.003254 0.000000 0.000000 0.000000 -0.008765 0.999962
65.583643198 0.644719 1.005103 0.000000 0.000000 0.000000 -0.009450 0.999955
65.666572094 0.660376 1.004962 0.000000 0.000000 0.000000 -0.009877 0.999951
65.718314648 0.671003 1.004858 0.000000 0.000000 0.000000 -0.010140 0.999949
65.813969851 0.690191 1.003908 0.000000 0.000000 0.000000 -0.010797 0.999942
65.860479355 0.701019 1.007120 0.000000 0.000000 0.000000 -0.010932 0.999940
65.949100494 0.718575 1.007885 0.000000 0.000000 0.000000 -0.010703 0.999943
66.006313324 0.730649 1.009209 0.000000 0.000000 0.000000 -0.011202 0.999937
66.091695070 0.746491 1.009004 0.000000 0.000000 0.000000 -0.011589 0.999933
66.150105000 0.758405 1.009660 0.000000 0.000000 0.000000 -0.011448 0.999934
66.245607138 0.775838 1.011694 0.000000 0.000000 0.000000 -0.011304 0.999936
66.289936066 0.784163 1.012372 0.000000 0.000000 0.000000 -0.011781 0.999931
66.374847174 0.801127 1.013245 0.000000 0.000000 0.000000 -0.011962 0.999928
66.427448988 0.811746 1.015963 0.000000 0.000000 0.000000 -0.011973 0.999928
66.515174389 0.830188 1.014611 0.000000 0.000000 0.000000 -0.011772 0.999931
66.565155268 0.839217 1.016859 0.000000 0.000000 0.000000 -0.011310 0.999936
66.668905973 0.861759 1.016468 0.000000 0.000000 0.000000 -0.011100 0.999938
66.720251560 0.878513 1.012608 0.000000 0.000000 0.000000 -0.010744 0.999942
66.818524122 0.899237 1.012299 0.000000 0.000000 0.000000 -0.010626 0.999944
66.862034321 0.908137 1.013494 0.000000 0.000000 0.000000 -0.010579 0.999944
66.948162079 0.923610 1.013644 0.000000 0.000000 0.000000 -0.010770 0.999942
66.998103142 0.932872 1.014178 0.000000 0.000000 0.000000 -0.010714 0.999943
67.100195885 0.953061 1.013889 0.000000 0.000000 0.000000 -0.010883 0.999941
67.157076359 0.963540 1.012634 0.000000 0.000000 0.000000 -0.010834 0.999941
67.269846916 0.985981 1.013247 0.000000 0.000000 0.000000 -0.010859 0.999941
67.325706720 0.996274 1.011800 0.000000 0.000000 0.000000 -0.010999 0.999940
67.417520761 1.014033 1.011181 0.000000 0.000000 0.000000 -0.011159 0.999938
67.475314379 1.026871 1.011737 0.000000 0.000000 0.000000 -0.010945 0.999940
67.587245464 1.049054 1.012169 0.000000 0.000000 0.000000 -0.010875 0.999941
67.657504320 1.063609 1.012288 0.000000 0.000000 0.000000 -0.010611 0.999944
67.744100571 1.081308 1.010770 0.000000 0.000000 0.000000 -0.010575 0.999944
67.809964418 1.094273 1.010926 0.000000 0.000000 0.000000 -0.010751 0.999942
67.907867193 1.112797 1.010524 0.000000 0.000000 0.000000 -0.010539 0.999944
67.955658197 1.121263 1.009570 0.000000 0.000000 0.000000 -0.010634 0.999943
68.043772697 1.137953 1.010748 0.000000 0.000000 0.000000 -0.010620 0.999944
68.092056751 1.146152 1.012120 0.000000 0.000000 0.000000 -0.010823 0.999941
68.198954105 1.167138 1.012059 0.000000 0.000000 0.000000 -0.011162 0.999938
68.239401817 1.175821 1.012453 0.000000 0.000000 0.000000 -0.011047 0.999939
68.334116697 1.193855 1.013482 0.000000 0.000000 0.000000 -0.011234 0.999937
68.393169165 1.206751 1.011859 0.000000 0.000000 0.000000 -0.011636 0.999932
68.488315105 1.225204 1.011209 0.000000 0.000000 0.000000 -0.011647 0.999932
68.548655272 1.237297 1.011770 0.000000 0.000000 0.000000 -0.011855 0.999930
68.628951550 1.255200 1.011601 0.000000 0.000000 0.000000 -0.011932 0.999929
68.688163757 1.268465 1.011046 0.000000 0.000000 0.000000 -0.012023 0.999928
68.771270037 1.284436 1.010626 0.000000 0.000000 0.000000 -0.011916 0.999929
68.824939728 1.296086 1.009974 0.000000 0.000000 0.000000 -0.012344 0.999924
68.927378178 1.316036 1.008159 0.000000 0.000000 0.000000 -0.012447 0.999923
68.988554239 1.327778 1.007538 0.000000 0.000000 0.000000 -0.012351 0.999924
69.091393948 1.348273 1.006579 0.000000 0.000000 0.000000 -0.012475 0.999922
69.142657280 1.358548 1.007004 0.000000 0.000000 0.000000 -0.012532 0.999921
69.226943970 1.374934 1.008482 0.000000 0.000000 0.000000 -0.012334 0.999924
69.291504383 1.386924 1.007624 0.000000 0.000000 0.000000 -0.012451 0.999922
69.395749092 1.406397 1.008064 0.000000 0.000000 0.000000 -0.012126 0.999926
69.444655418 1.417239 1.007013 0.000000 0.000000 0.000000 -0.012456 0.999922
69.543005466 1.437163 1.005911 0.000000 0.000000 0.000000 -0.012396 0.999923
69.595045090 1.446383 1.005719 0.000000 0.000000 0.000000 -0.012400 0.999923
69.695927858 1.465987 1.005745 0.000000 0.000000 0.000000 -0.012655 0.999920
69.753221989 1.476353 1.005421 0.000000 0.000000 0.000000 -0.012535 0.999921
69.852281094 1.498330 1.005750 0.000000 0.000000 0.000000 -0.012360 0.999924
69.909631014 1.509086 1.004658 0.000000 0.000000 0.000000 -0.013013 0.999915
70.003495455 1.527493 1.005219 0.000000 0.000000 0.000000 -0.012980 0.999916
70.055417776 1.538808 1.005472 0.000000 0.000000 0.000000 -0.013084 0.999914
70.137858391 1.557177 1.005037 0.000000 0.000000 0.000000 -0.012530 0.999921
70.199167728 1.571104 1.006047 0.000000 0.000000 0.000000 -0.011918 0.999929
70.302878618 1.590427 1.003324 0.000000 0.000000 0.000000 -0.011782 0.999931
70.369396687 1.602602 1.003086 0.000000 0.000000 0.000000 -0.011240 0.999937
70.461210728 1.620326 1.002858 0.000000 0.000000 0.000000 -0.011564 0.999933
70.509778738 1.631258 1.001155 0.000000 0.000000 0.000000 -0.011626 0.999932
70.599387646 1.650087 1.001214 0.000000 0.000000 0.000000 -0.011573 0.999933
70.656033039 1.661861 1.000937 0.000000 0.000000 0.000000 -0.011526 0.999934
70.768153429 1.684227 1.000048 0.000000 0.000000 0.000000 -0.011674 0.999932
70.815999985 1.696108 1.000152 0.000000 0.000000 0.000000 -0.011394 0.999935
70.900581121 1.713831 1.000156 0.000000 0.000000 0.000000 -0.011067 0.999939
70.955633402 1.723364 1.000066 0.000000 0.000000 0.000000 -0.010658 0.999943
71.042252779 1.738814 1.000909 0.000000 0.000000 0.000000 -0.010635 0.999943
71.103641987 1.751630 1.001849 0.000000 0.000000 0.000000 -0.010507 0.999945
71.186776161 1.769462 1.000482 0.000000 0.000000 0.000000 -0.010829 0.999941
71.250498533 1.782916 1.002875 0.000000 0.000000 0.000000 -0.010677 0.999943
71.341936827 1.788841 1.002994 0.000000 0.000000 0.000000 -0.002083 0.999998
71.393325806 1.791206 1.001467 0.000000 0.000000 0.000000 0.003006 0.999995
71.487019539 1.796598 1.002204 0.000000 0.000000 0.000000 0.012606 0.999921
71.537977695 1.799968 1.002845 0.000000 0.000000 0.000000 0.018406 0.999831
71.626116753 1.805398 1.003161 0.000000 0.000000 0.000000 0.027467 0.999623
71.682151079 1.807770 1.003505 0.000000 0.000000 0.000000 0.033129 0.999451
71.763496399 1.811129 1.003021 0.000000 0.000000 0.000000 0.041469 0.999140
71.820455313 1.815413 1.003051 0.000000 0.000000 0.000000 0.047587 0.998867
71.918866396 1.820144 1.001601 0.000000 0.000000 0.000000 0.057420 0.998350
71.975845575 1.823604 1.001272 0.000000 0.000000 0.000000 0.063270 0.997996
72.068582535 1.828369 1.003083 0.000000 0.000000 0.000000 0.073002 0.997332
72.122643709 1.830159 1.005021 0.000000 0.000000 0.000000 0.078084 0.996947
72.217851877 1.850354 1.011277 0.000000 0.000000 0.000000 0.078094 0.996946
72.265589714 1.855500 1.011964 0.000000 0.000000 0.000000 0.078131 0.996943
72.354194641 1.872402 1.014955 0.000000 0.000000 0.000000 0.078204 0.996937
72.403216600 1.881524 1.018315 0.000000 0.000000 0.000000 0.078357 0.996925
72.504085302 1.902787 1.022576 0.000000 0.000000 0.000000 0.078038 0.996950
72.559812546 1.913583 1.023521 0.000000 0.000000 0.000000 0.077714 0.996976
72.641114473 1.930061 1.024897 0.000000 0.000000 0.000000 0.077475 0.996994
72.695553064 1.941939 1.025320 0.000000 0.000000 0.000000 0.078010 0.996953
72.784453154 1.963694 1.028371 0.000000 0.000000 0.000000 0.078697 0.996899
72.839464188 1.967257 1.028034 0.000000 0.000000 0.000000 0.083996 0.996466
72.931765556 1.971401 1.029920 0.000000 0.000000 0.000000 0.093376 0.995631
72.986810684 1.973704 1.031984 0.000000 0.000000 0.000000 0.098895 0.995098
73.071648121 1.978618 1.033125 0.000000 0.000000 0.000000 0.107492 0.994206
73.129702330 1.983034 1.035854 0.000000 0.000000 0.000000 0.113319 0.993559
73.227200508 1.986471 1.036224 0.000000 0.000000 0.000000 0.122669 0.992448
73.271549940 1.990546 1.037434 0.000000 0.000000 0.000000 0.127102 0.991890
73.365193605 2.008958 1.042504 0.000000 0.000000 0.000000 0.127631 0.991822
73.410813332 2.017188 1.044942 0.000000 0.000000 0.000000 0.127340 0.991859
73.495560646 2.034035 1.048133 0.000000 0.000000 0.000000 0.126991 0.991904
73.549853325 2.044252 1.050563 0.000000 0.000000 0.000000 0.126808 0.991927
73.635336399 2.060650 1.056070 0.000000 0.000000 0.000000 0.126317 0.991990
73.700213671 2.073379 1.060680 0.000000 0.000000 0.000000 0.126224 0.992002
73.794411182 2.092239 1.064023 0.000000 0.000000 0.000000 0.126440 0.991974
73.851395130 2.101307 1.067588 0.000000 0.000000 0.000000 0.126804 0.991928
73.934927464 2.115466 1.072199 0.000000 0.000000 0.000000 0.127066 0.991894
73.994324923 2.118520 1.073408 0.000000 0.000000 0.000000 0.132696 0.991157
74.076428652 2.122779 1.072208 0.000000 0.000000 0.000000 0.140817 0.990036
74.138641834 2.126472 1.073299 0.000000 0.000000 0.000000 0.146898 0.989152
74.232690811 2.131637 1.074178 0.000000 0.000000 0.000000 0.156094 0.987742
74.284757137 2.132610 1.075409 0.000000 0.000000 0.000000 0.161469 0.986878
74.368963718 2.135655 1.077341 0.000000 0.000000 0.000000 0.170169 0.985415
74.424954653 2.138901 1.080222 0.000000 0.000000 0.000000 0.175668 0.984450
74.512892008 2.144188 1.081622 0.000000 0.000000 0.000000 0.184628 0.982808
74.568120718 2.155970 1.086893 0.000000 0.000000 0.000000 0.185076 0.982724
74.659038782 2.170876 1.094045 0.000000 0.000000 0.000000 0.185386 0.982666
74.720528126 2.181658 1.098080 0.000000 0.000000 0.000000 0.185629 0.982620
74.807915449 2.197891 1.103114 0.000000 0.000000 0.000000 0.185588 0.982628
74.867791891 2.208291 1.107078 0.000000 0.000000 0.000000 0.185388 0.982665
74.956265450 2.223288 1.113894 0.000000 0.000000 0.000000 0.185304 0.982681
75.006022692 2.233397 1.116128 0.000000 0.000000 0.000000 0.185392 0.982665
75.093890429 2.248960 1.123472 0.000000 0.000000 0.000000 0.185424 0.982659
75.151803017 2.258624 1.128429 0.000000 0.000000 0.000000 0.185347 0.982673
75.237923384 2.275001 1.137643 0.000000 0.000000 0.000000 0.185150 0.982710
75.289012432 2.284932 1.142357 0.000000 0.000000 0.000000 0.185223 0.982697
75.377345324 2.300745 1.152015 0.000000 0.000000 0.000000 0.184825 0.982772
75.433693886 2.310950 1.157137 0.000000 0.000000 0.000000 0.184943 0.982749
75.537194490 2.331102 1.166335 0.000000 0.000000 0.000000 0.184960 0.982746
75.586070776 2.341579 1.170352 0.000000 0.000000 0.000000 0.184728 0.982790
75.689361572 2.361183 1.178199 0.000000 0.000000 0.000000 0.184970 0.982744
75.744805098 2.370469 1.181270 0.000000 0.000000 0.000000 0.185118 0.982716
75.826009274 2.386406 1.186928 0.000000 0.000000 0.000000 0.185055 0.982728
75.899021864 2.391004 1.189269 0.000000 0.000000 0.000000 0.192272 0.981342
75.992537260 2.395984 1.192398 0.000000 0.000000 0.000000 0.201562 0.979476
76.056124210 2.399936 1.193671 0.000000 0.000000 0.000000 0.207728 0.978187
76.141805172 2.404743 1.194084 0.000000 0.000000 0.000000 0.216339 0.976318
76.196712971 2.405978 1.196160 0.000000 0.000000 0.000000 0.221386 0.975186
76.279946327 2.409271 1.196871 0.000000 0.000000 0.000000 0.229458 0.973319
76.336917877 2.410550 1.199036 0.000000 0.000000 0.000000 0.234912 0.972017
76.431858301 2.414022 1.202172 0.000000 0.000000 0.000000 0.244298 0.969700
76.487337351 2.422692 1.207377 0.000000 0.000000 0.000000 0.244885 0.969552
76.576975346 2.438815 1.216063 0.000000 0.000000 0.000000 0.245460 0.969407
76.635664701 2.451774 1.221536 0.000000 0.000000 0.000000 0.245434 0.969413
76.736702204 2.470892 1.232497 0.000000 0.000000 0.000000 0.245709 0.969344
76.784813404 2.478604 1.236209 0.000000 0.000000 0.000000 0.245404 0.969421
76.872728825 2.494009 1.243039 0.000000 0.000000 0.000000 0.245275 0.969453
76.940669060 2.505045 1.249187 0.000000 0.000000 0.000000 0.245599 0.969372
77.039191484 2.522575 1.258420 0.000000 0.000000 0.000000 0.245470 0.969404
77.091496944 2.531316 1.261392 0.000000 0.000000 0.000000 0.245656 0.969357
77.178045034 2.534628 1.263552 0.000000 0.000000 0.000000 0.254023 0.967198
77.233334064 2.538630 1.265744 0.000000 0.000000 0.000000 0.259981 0.965614
77.321522951 2.542435 1.270396 0.000000 0.000000 0.000000 0.268542 0.963268
77.385615587 2.545997 1.271987 0.000000 0.000000 0.000000 0.274735 0.961520
77.482558012 2.562711 1.282533 0.000000 0.000000 0.000000 0.275397 0.961331
77.535058022 2.571658 1.288477 0.000000 0.000000 0.000000 0.275595 0.961274
77.635596514 2.590649 1.299679 0.000000 0.000000 0.000000 0.275321 0.961352
77.687636852 2.596531 1.304328 0.000000 0.000000 0.000000 0.275295 0.961360
77.783472538 2.610947 1.313284 0.000000 0.000000 0.000000 0.275099 0.961416
77.833787918 2.619205 1.314714 0.000000 0.000000 0.000000 0.275030 0.961436
77.940711260 2.638123 1.328803 0.000000 0.000000 0.000000 0.275372 0.961338
77.985099792 2.646574 1.333335 0.000000 0.000000 0.000000 0.275517 0.961296
78.074628830 2.660093 1.343186 0.000000 0.000000 0.000000 0.275740 0.961232
78.126539230 2.668784 1.350588 0.000000 0.000000 0.000000 0.275651 0.961258
78.225707769 2.671632 1.353574 0.000000 0.000000 0.000000 0.284870 0.958566
78.287621975 2.671383 1.356262 0.000000 0.000000 0.000000 0.290902 0.956753
78.371752024 2.685457 1.364443 0.000000 0.000000 0.000000 0.291217 0.956657
78.425225496 2.693457 1.372039 0.000000 0.000000 0.000000 0.291615 0.956536
78.525620699 2.711066 1.383062 0.000000 0.000000 0.000000 0.291567 0.956550
78.588539600 2.720339 1.389438 0.000000 0.000000 0.000000 0.291641 0.956528
78.670593977 2.734551 1.400110 0.000000 0.000000 0.000000 0.291770 0.956488
78.735427380 2.745706 1.407730 0.000000 0.000000 0.000000 0.292063 0.956399
78.827690363 2.762564 1.418276 0.000000 0.000000 0.000000 0.293259 0.956033
78.889282465 2.771781 1.424466 0.000000 0.000000 0.000000 0.293613 0.955924
78.986895561 2.786325 1.436546 0.000000 0.000000 0.000000 0.293655 0.955911
79.038242817 2.795989 1.444461 0.000000 0.000000 0.000000 0.293720 0.955891
79.133278370 2.799092 1.445131 0.000000 0.000000 0.000000 0.302679 0.953093
79.188038111 2.801829 1.446813 0.000000 0.000000 0.000000 0.307842 0.951438
79.274859905 2.805352 1.450840 0.000000 0.000000 0.000000 0.316199 0.948693
79.325020790 2.814289 1.455619 0.000000 0.000000 0.000000 0.316317 0.948654
79.419587612 2.829851 1.465300 0.000000 0.000000 0.000000 0.316693 0.948528
79.476016521 2.838573 1.471847 0.000000 0.000000 0.000000 0.317366 0.948303
79.572896481 2.854229 1.485188 0.000000 0.000000 0.000000 0.317280 0.948332
79.625355482 2.862109 1.491423 0.000000 0.000000 0.000000 0.317529 0.948249
79.715934038 2.876571 1.502513 0.000000 0.000000 0.000000 0.317463 0.948271
79.766192913 2.884561 1.509483 0.000000 0.000000 0.000000 0.317628 0.948216
79.851100206 2.899410 1.520175 0.000000 0.000000 0.000000 0.317875 0.948132
79.911969662 2.908612 1.528900 0.000000 0.000000 0.000000 0.317782 0.948164
80.005322218 2.923911 1.540598 0.000000 0.000000 0.000000 0.317817 0.948152
80.049822092 2.931948 1.545655 0.000000 0.000000 0.000000 0.317793 0.948160
80.144307137 2.947425 1.556848 0.000000 0.000000 0.000000 0.317874 0.948133
80.194717646 2.955272 1.562914 0.000000 0.000000 0.000000 0.318148 0.948041
80.283586025 2.958228 1.564892 0.000000 0.000000 0.000000 0.326924 0.945051
80.339012861 2.959721 1.567422 0.000000 0.000000 0.000000 0.332138 0.943231
80.432806969 2.963997 1.571226 0.000000 0.000000 0.000000 0.341000 0.940063
80.481657505 2.965112 1.572537 0.000000 0.000000 0.000000 0.345695 0.938347
80.570667744 2.967951 1.574245 0.000000 0.000000 0.000000 0.353936 0.935270
80.629180193 2.970948 1.575276 0.000000 0.000000 0.000000 0.359941 0.932975
80.725515127 2.975932 1.578349 0.000000 0.000000 0.000000 0.368737 0.929534
80.785824299 2.978977 1.579423 0.000000 0.000000 0.000000 0.374332 0.927295
80.885531425 2.984307 1.583426 0.000000 0.000000 0.000000 0.383986 0.923339
80.931448936 2.987917 1.585345 0.000000 0.000000 0.000000 0.388177 0.921585
81.023196459 3.001354 1.597210 0.000000 0.000000 0.000000 0.388577 0.921416
81.074112654 3.009306 1.604859 0.000000 0.000000 0.000000 0.388982 0.921245
81.169610262 3.024288 1.618637 0.000000 0.000000 0.000000 0.388955 0.921257
81.221564293 3.033858 1.625582 0.000000 0.000000 0.000000 0.388735 0.921350
81.317089081 3.048228 1.640273 0.000000 0.000000 0.000000 0.388861 0.921296
81.373459816 3.057943 1.646825 0.000000 0.000000 0.000000 0.388893 0.921283
81.468533754 3.071601 1.660542 0.000000 0.000000 0.000000 0.389025 0.921227
81.523016691 3.078956 1.667836 0.000000 0.000000 0.000000 0.388857 0.921298
81.598726511 3.089701 1.677701 0.000000 0.000000 0.000000 0.388559 0.921424
81.657386780 3.092258 1.679926 0.000000 0.000000 0.000000 0.393769 0.919210
81.743980408 3.095579 1.683422 0.000000 0.000000 0.000000 0.401846 0.915707
81.802433014 3.099409 1.685369 0.000000 0.000000 0.000000 0.407172 0.913351
81.892469883 3.105002 1.689389 0.000000 0.000000 0.000000 0.415104 0.909774
81.951400280 3.107390 1.690265 0.000000 0.000000 0.000000 0.420307 0.907382
82.051398516 3.111048 1.692846 0.000000 0.000000 0.000000 0.429649 0.902996
82.098116398 3.113600 1.696269 0.000000 0.000000 0.000000 0.433912 0.900955
82.188131332 3.124229 1.712383 0.000000 0.000000 0.000000 0.433949 0.900937
82.248149872 3.131625 1.721448 0.000000 0.000000 0.000000 0.434318 0.900759
82.336132288 3.143633 1.733920 0.000000 0.000000 0.000000 0.434587 0.900630
82.396090031 3.149498 1.741708 0.000000 0.000000 0.000000 0.434656 0.900597
82.493404388 3.163088 1.756765 0.000000 0.000000 0.000000 0.434308 0.900764
82.545469284 3.171703 1.766345 0.000000 0.000000 0.000000 0.434513 0.900666
82.645762682 3.183646 1.782261 0.000000 0.000000 0.000000 0.434253 0.900791
82.703368902 3.190609 1.792124 0.000000 0.000000 0.000000 0.434114 0.900858
82.786747932 3.200888 1.804958 0.000000 0.000000 0.000000 0.434308 0.900765
82.854153395 3.210461 1.815681 0.000000 0.000000 0.000000 0.434624 0.900612
82.943068027 3.221013 1.829530 0.000000 0.000000 0.000000 0.434696 0.900577
83.009804964 3.230385 1.839209 0.000000 0.000000 0.000000 0.434554 0.900646
83.085191727 3.239485 1.850242 0.000000 0.000000 0.000000 0.434487 0.900678
83.153803349 3.248643 1.862090 0.000000 0.000000 0.000000 0.434609 0.900619
83.241653681 3.259269 1.874695 0.000000 0.000000 0.000000 0.434676 0.900587
83.297069788 3.260745 1.876755 0.000000 0.000000 0.000000 0.439312 0.898335
83.389735460 3.262724 1.879120 0.000000 0.000000 0.000000 0.447242 0.894413
83.453119040 3.265514 1.881949 0.000000 0.000000 0.000000 0.452948 0.891537
83.537900448 3.266709 1.887368 0.000000 0.000000 0.000000 0.460682 0.887565
83.597048283 3.268084 1.892082 0.000000 0.000000 0.000000 0.466003 0.884783
83.717325926 3.272714 1.895227 0.000000 0.000000 0.000000 0.475898 0.879501
83.749479055 3.275620 1.897143 0.000000 0.000000 0.000000 0.478783 0.877933
83.838826418 3.276424 1.900682 0.000000 0.000000 0.000000 0.486512 0.873674
83.901724577 3.279074 1.902108 0.000000 0.000000 0.000000 0.491818 0.870698
83.992516994 3.279499 1.907054 0.000000 0.000000 0.000000 0.499799 0.866141
84.051721573 3.283349 1.910282 0.000000 0.000000 0.000000 0.505171 0.863019
84.156426907 3.284414 1.913674 0.000000 0.000000 0.000000 0.514183 0.857681
84.200500965 3.278921 1.917390 0.000000 0.000000 0.000000 0.517892 0.855446
84.283172131 3.287646 1.930560 0.000000 0.000000 0.000000 0.517813 0.855494
84.341853619 3.293524 1.942214 0.000000 0.000000 0.000000 0.517580 0.855635
84.440338135 3.301283 1.961056 0.000000 0.000000 0.000000 0.517719 0.855551
84.490278244 3.306954 1.971408 0.000000 0.000000 0.000000 0.517548 0.855654
84.590413809 3.317434 1.990076 0.000000 0.000000 0.000000 0.517600 0.855622
84.637861252 3.318590 1.992915 0.000000 0.000000 0.000000 0.521382 0.853323
84.731191397 3.322324 1.998017 0.000000 0.000000 0.000000 0.528966 0.848643
84.795961142 3.324036 1.999526 0.000000 0.000000 0.000000 0.534662 0.845066
84.885035038 3.324956 2.002680 0.000000 0.000000 0.000000 0.542107 0.840310
84.942189693 3.329824 2.013173 0.000000 0.000000 0.000000 0.542138 0.840289
85.035698891 3.338259 2.030747 0.000000 0.000000 0.000000 0.542452 0.840087
85.087255955 3.341321 2.039763 0.000000 0.000000 0.000000 0.542408 0.840115
85.177431345 3.347822 2.056121 0.000000 0.000000 0.000000 0.542285 0.840195
85.234461546 3.352427 2.067364 0.000000 0.000000 0.000000 0.542365 0.840143
85.317269802 3.359407 2.081971 0.000000 0.000000 0.000000 0.542059 0.840341
85.371974707 3.363378 2.091661 0.000000 0.000000 0.000000 0.542164 0.840273
85.478625298 3.365083 2.096292 0.000000 0.000000 0.000000 0.550977 0.834520
85.528799295 3.365831 2.099892 0.000000 0.000000 0.000000 0.554987 0.831859
85.623463392 3.366260 2.103001 0.000000 0.000000 0.000000 0.562593 0.826734
85.673765659 3.368025 2.104318 0.000000 0.000000 0.000000 0.567018 0.823705
85.763669968 3.374410 2.120893 0.000000 0.000000 0.000000 0.567219 0.823567
85.820935726 3.378322 2.131900 0.000000 0.000000 0.000000 0.567253 0.823544
85.910727024 3.386201 2.148832 0.000000 0.000000 0.000000 0.567056 0.823680
85.964876890 3.390107 2.158172 0.000000 0.000000 0.000000 0.567130 0.823628
86.051109076 3.395929 2.173101 0.000000 0.000000 0.000000 0.566817 0.823843
86.103527308 3.399294 2.182537 0.000000 0.000000 0.000000 0.566950 0.823752
86.201452255 3.406020 2.199699 0.000000 0.000000 0.000000 0.567119 0.823636
86.242657185 3.410358 2.206098 0.000000 0.000000 0.000000 0.567364 0.823467
86.334985495 3.417524 2.223982 0.000000 0.000000 0.000000 0.567477 0.823389
86.382092714 3.417519 2.226558 0.000000 0.000000 0.000000 0.571575 0.820550
86.472083092 3.419986 2.231192 0.000000 0.000000 0.000000 0.578737 0.815514
86.523828268 3.419805 2.235141 0.000000 0.000000 0.000000 0.583073 0.812420
86.615870237 3.422606 2.240806 0.000000 0.000000 0.000000 0.590553 0.806999
86.670076370 3.424102 2.244074 0.000000 0.000000 0.000000 0.594796 0.803877
86.774803400 3.430117 2.263544 0.000000 0.000000 0.000000 0.594753 0.803909
86.820199966 3.432176 2.272803 0.000000 0.000000 0.000000 0.594797 0.803876
86.919469357 3.437588 2.291054 0.000000 0.000000 0.000000 0.594603 0.804020
86.967871189 3.439694 2.300691 0.000000 0.000000 0.000000 0.594980 0.803740
87.056761026 3.445466 2.317605 0.000000 0.000000 0.000000 0.595382 0.803443
87.109259605 3.449923 2.328756 0.000000 0.000000 0.000000 0.595567 0.803305
87.192007065 3.452859 2.343742 0.000000 0.000000 0.000000 0.595820 0.803118
87.253980637 3.458171 2.354550 0.000000 0.000000 0.000000 0.596137 0.802883
87.349741697 3.457084 2.356653 0.000000 0.000000 0.000000 0.603983 0.796997
87.405018091 3.458392 2.358508 0.000000 0.000000 0.000000 0.608174 0.793804
87.485984564 3.460117 2.361137 0.000000 0.000000 0.000000 0.614583 0.788852
87.543567896 3.461696 2.363247 0.000000 0.000000 0.000000 0.619126 0.785292
87.634330273 3.461379 2.368324 0.000000 0.000000 0.000000 0.626265 0.779610
87.686902761 3.462927 2.368167 0.000000 0.000000 0.000000 0.630323 0.776333
87.787247896 3.463620 2.374106 0.000000 0.000000 0.000000 0.638231 0.769845
87.837472916 3.463032 2.385877 0.000000 0.000000 0.000000 0.638437 0.769674
87.916748285 3.466882 2.401412 0.000000 0.000000 0.000000 0.638609 0.769532
87.986268759 3.469326 2.412870 0.000000 0.000000 0.000000 0.638718 0.769441
88.086726427 3.474165 2.432471 0.000000 0.000000 0.000000 0.638506 0.769617
88.150101423 3.476066 2.445720 0.000000 0.000000 0.000000 0.638681 0.769472
88.240933418 3.477874 2.450454 0.000000 0.000000 0.000000 0.645568 0.763703
88.297403812 3.480197 2.452053 0.000000 0.000000 0.000000 0.649609 0.760269
88.386169910 3.480567 2.456647 0.000000 0.000000 0.000000 0.656382 0.754428
88.450335503 3.481852 2.458711 0.000000 0.000000 0.000000 0.661243 0.750172
88.535275698 3.482851 2.462899 0.000000 0.000000 0.000000 0.667584 0.744534
88.605426788 3.481473 2.466762 0.000000 0.000000 0.000000 0.673027 0.739618
88.683759212 3.483611 2.470156 0.000000 0.000000 0.000000 0.679131 0.734017
88.750116110 3.485057 2.483165 0.000000 0.000000 0.000000 0.678703 0.734413
88.851769447 3.485057 2.504718 0.000000 0.000000 0.000000 0.678700 0.734416
88.916266441 3.487643 2.518318 0.000000 0.000000 0.000000 0.679014 0.734125
89.002526760 3.492605 2.537527 0.000000 0.000000 0.000000 0.678958 0.734177
89.057895184 3.492221 2.546664 0.000000 0.000000 0.000000 0.679262 0.733896
89.140100241 3.494719 2.562673 0.000000 0.000000 0.000000 0.679073 0.734071
89.195465088 3.496546 2.566009 0.000000 0.000000 0.000000 0.683130 0.730297
89.289087772 3.500134 2.572184 0.000000 0.000000 0.000000 0.690487 0.723344
89.344048738 3.499658 2.574435 0.000000 0.000000 0.000000 0.694653 0.719345
89.440391302 3.500292 2.579010 0.000000 0.000000 0.000000 0.701612 0.712559
89.492968559 3.500890 2.581246 0.000000 0.000000 0.000000 0.705233 0.708975
89.607647657 3.501981 2.601789 0.000000 0.000000 0.000000 0.705428 0.708782
89.672281504 3.501794 2.613195 0.000000 0.000000 0.000000 0.705561 0.708649
89.768073082 3.502214 2.632042 0.000000 0.000000 0.000000 0.705640 0.708571
89.829360723 3.501045 2.642745 0.000000 0.000000 0.000000 0.705779 0.708432
89.918611765 3.501313 2.659211 0.000000 0.000000 0.000000 0.705915 0.708297
89.983339548 3.501540 2.671554 0.000000 0.000000 0.000000 0.705894 0.708317
90.075467348 3.499793 2.689429 0.000000 0.000000 0.000000 0.705822 0.708389
90.136802912 3.499628 2.700710 0.000000 0.000000 0.000000 0.705530 0.708680
90.217718840 3.498129 2.716505 0.000000 0.000000 0.000000 0.705854 0.708358
90.282570362 3.496362 2.729152 0.000000 0.000000 0.000000 0.705588 0.708623
90.377734184 3.495021 2.750018 0.000000 0.000000 0.000000 0.705638 0.708573
90.428593874 3.493803 2.759891 0.000000 0.000000 0.000000 0.705506 0.708704
90.510604858 3.493691 2.774809 0.000000 0.000000 0.000000 0.705496 0.708714
90.568803549 3.493609 2.788215 0.000000 0.000000 0.000000 0.705494 0.708716
90.669097900 3.493288 2.808553 0.000000 0.000000 0.000000 0.705556 0.708654
90.734403133 3.493307 2.820018 0.000000 0.000000 0.000000 0.705394 0.708815
90.817264557 3.494845 2.835443 0.000000 0.000000 0.000000 0.705316 0.708893
90.874949217 3.493972 2.846104 0.000000 0.000000 0.000000 0.705390 0.708820
90.977848291 3.493911 2.867454 0.000000 0.000000 0.000000 0.705746 0.708465
91.038990498 3.494006 2.880551 0.000000 0.000000 0.000000 0.705574 0.708636
91.132968187 3.494610 2.899458 0.000000 0.000000 0.000000 0.705573 0.708638
91.184181929 3.496214 2.909614 0.000000 0.000000 0.000000 0.705224 0.708984
91.277483940 3.497549 2.927006 0.000000 0.000000 0.000000 0.705377 0.708833
91.333750963 3.497278 2.938686 0.000000 0.000000 0.000000 0.705529 0.708681
91.435931683 3.497579 2.960157 0.000000 0.000000 0.000000 0.705674 0.708537
91.490885019 3.499122 2.972424 0.000000 0.000000 0.000000 0.705708 0.708502
91.596405983 3.499524 2.992458 0.000000 0.000000 0.000000 0.705587 0.708623
91.657889366 3.499369 3.005758 0.000000 0.000000 0.000000 0.705949 0.708262
91.744920015 3.500707 3.023092 0.000000 0.000000 0.000000 0.705870 0.708341
91.803375244 3.501286 3.034240 0.000000 0.000000 0.000000 0.706228 0.707985
91.889576912 3.499798 3.052636 0.000000 0.000000 0.000000 0.706183 0.708029
91.950321198 3.498784 3.066437 0.000000 0.000000 0.000000 0.706269 0.707943
92.040585995 3.498525 3.085193 0.000000 0.000000 0.000000 0.706087 0.708125
92.095539570 3.498244 3.093004 0.000000 0.000000 0.000000 0.705879 0.708332
92.180634975 3.496605 3.110537 0.000000 0.000000 0.000000 0.705829 0.708382
92.233907700 3.498053 3.121389 0.000000 0.000000 0.000000 0.705943 0.708269
92.324627161 3.498081 3.139678 0.000000 0.000000 0.000000 0.706178 0.708034
92.377721786 3.499597 3.152023 0.000000 0.000000 0.000000 0.706558 0.707655
92.477380037 3.499518 3.171942 0.000000 0.000000 0.000000 0.706239 0.707973
92.527386665 3.498183 3.181153 0.000000 0.000000 0.000000 0.706317 0.707896
92.615924358 3.499919 3.199338 0.000000 0.000000 0.000000 0.706528 0.707685
92.672314167 3.501037 3.211305 0.000000 0.000000 0.000000 0.706332 0.707881
92.773890257 3.500986 3.231684 0.000000 0.000000 0.000000 0.706284 0.707929
92.833395958 3.502113 3.243443 0.000000 0.000000 0.000000 0.706478 0.707735
92.924817085 3.501288 3.261557 0.000000 0.000000 0.000000 0.706666 0.707547
92.988978386 3.500885 3.274683 0.000000 0.000000 0.000000 0.706478 0.707735
93.100240469 3.498915 3.294982 0.000000 0.000000 0.000000 0.706450 0.707763
93.152472734 3.498753 3.304261 0.000000 0.000000 0.000000 0.705937 0.708275
93.248969555 3.498942 3.324184 0.000000 0.000000 0.000000 0.706366 0.707847
93.302347898 3.498784 3.336099 0.000000 0.000000 0.000000 0.706138 0.708074
93.402684212 3.497660 3.357372 0.000000 0.000000 0.000000 0.706035 0.708177
93.454676867 3.499417 3.366727 0.000000 0.000000 0.000000 0.705858 0.708354
93.552758694 3.499829 3.386493 0.000000 0.000000 0.000000 0.706093 0.708119
93.613630056 3.499940 3.398184 0.000000 0.000000 0.000000 0.705660 0.708550
93.707502604 3.499895 3.416644 0.000000 0.000000 0.000000 0.705582 0.708628
93.764230251 3.501254 3.427895 0.000000 0.000000 0.000000 0.705481 0.708729
93.873910427 3.501557 3.450934 0.000000 0.000000 0.000000 0.705230 0.708979
93.914932251 3.500445 3.458335 0.000000 0.000000 0.000000 0.705165 0.709043
94.005584240 3.499995 3.477205 0.000000 0.000000 0.000000 0.705560 0.708650
94.060539484 3.499359 3.487818 0.000000 0.000000 0.000000 0.705699 0.708512
94.156020403 3.499342 3.506730 0.000000 0.000000 0.000000 0.705602 0.708608
94.210253716 3.499098 3.516473 0.000000 0.000000 0.000000 0.705761 0.708450
94.306135893 3.496117 3.535733 0.000000 0.000000 0.000000 0.705587 0.708623
94.372974396 3.494620 3.548520 0.000000 0.000000 0.000000 0.705710 0.708501
94.471097946 3.495469 3.570386 0.000000 0.000000 0.000000 0.706070 0.708142
94.529613972 3.494756 3.581386 0.000000 0.000000 0.000000 0.705876 0.708335
94.627149820 3.495209 3.600492 0.000000 0.000000 0.000000 0.705877 0.708335
94.671769142 3.496245 3.608013 0.000000 0.000000 0.000000 0.705900 0.708311
94.763330460 3.495324 3.628337 0.000000 0.000000 0.000000 0.705575 0.708635
94.822440624 3.494733 3.639214 0.000000 0.000000 0.000000 0.705399 0.708811
94.912670851 3.496564 3.654763 0.000000 0.000000 0.000000 0.705420 0.708790
94.978972197 3.496988 3.668306 0.000000 0.000000 0.000000 0.705400 0.708810
95.068254471 3.497279 3.687543 0.000000 0.000000 0.000000 0.705513 0.708697
95.123470068 3.496161 3.699370 0.000000 0.000000 0.000000 0.705448 0.708761
95.210581541 3.494998 3.716022 0.000000 0.000000 0.000000 0.705459 0.708750
95.261231899 3.494559 3.725981 0.000000 0.000000 0.000000 0.705725 0.708486
95.358219862 3.493714 3.745832 0.000000 0.000000 0.000000 0.705775 0.708436
95.405269146 3.492743 3.754837 0.000000 0.000000 0.000000 0.705761 0.708450
95.495450497 3.491314 3.754171 0.000000 0.000000 0.000000 0.705881 0.708330
95.556711435 3.489264 3.753967 0.000000 0.000000 0.000000 0.705860 0.708351
95.654532194 3.490149 3.753448 0.000000 0.000000 0.000000 0.706016 0.708196
95.718507051 3.488741 3.752469 0.000000 0.000000 0.000000 0.706058 0.708154
95.809733868 3.488196 3.752345 0.000000 0.000000 0.000000 0.706407 0.707806
95.869915009 3.486758 3.752393 0.000000 0.000000 0.000000 0.706430 0.707782
95.968504429 3.486261 3.751215 0.000000 0.000000 0.000000 0.706714 0.707499
96.013655424 3.485335 3.750953 0.000000 0.000000 0.000000 0.706661 0.707552
96.105460644 3.484655 3.751190 0.000000 0.000000 0.000000 0.706956 0.707258
96.151817083 3.484428 3.751507 0.000000 0.000000 0.000000 0.707005 0.707208
96.249305487 3.484261 3.753516 0.000000 0.000000 0.000000 0.706984 0.707230
96.313171148 3.484886 3.753356 0.000000 0.000000 0.000000 0.707106 0.707108
96.411842108 3.485835 3.752028 0.000000 0.000000 0.000000 0.707009 0.707204
96.483254194 3.485045 3.752077 0.000000 0.000000 0.000000 0.707026 0.707187
96.576039553 3.483802 3.751943 0.000000 0.000000 0.000000 0.707004 0.707209
96.634468794 3.485029 3.753035 0.000000 0.000000 0.000000 0.706768 0.707445
96.723625898 3.485045 3.754664 0.000000 0.000000 0.000000 0.706704 0.707509
96.781600475 3.483189 3.755169 0.000000 0.000000 0.000000 0.706753 0.707461
96.866395235 3.483760 3.753366 0.000000 0.000000 0.000000 0.706903 0.707311
96.921135187 3.484559 3.754232 0.000000 0.000000 0.000000 0.706685 0.707528
97.019036293 3.484375 3.754551 0.000000 0.000000 0.000000 0.706917 0.707296
97.060910940 3.482299 3.753701 0.000000 0.000000 0.000000 0.707226 0.706988
97.153807163 3.480672 3.754760 0.000000 0.000000 0.000000 0.707237 0.706977
97.211027622 3.479916 3.754503 0.000000 0.000000 0.000000 0.707231 0.706982
97.305245876 3.479361 3.754051 0.000000 0.000000 0.000000 0.707310 0.706903
97.364989996 3.478360 3.753977 0.000000 0.000000 0.000000 0.707168 0.707045
97.465471268 3.477520 3.754542 0.000000 0.000000 0.000000 0.707383 0.706831
97.531141281 3.477995 3.754715 0.000000 0.000000 0.000000 0.707505 0.706709
97.607466698 3.477837 3.756435 0.000000 0.000000 0.000000 0.707574 0.706639
97.670571327 3.479020 3.755750 0.000000 0.000000 0.000000 0.707578 0.706635
97.761371374 3.480518 3.755890 0.000000 0.000000 0.000000 0.707294 0.706920
97.826786518 3.480379 3.755447 0.000000 0.000000 0.000000 0.707230 0.706984
97.904732704 3.482199 3.755620 0.000000 0.000000 0.000000 0.707404 0.706809
97.972033739 3.483395 3.755670 0.000000 0.000000 0.000000 0.707277 0.706937
98.065672398 3.484248 3.754987 0.000000 0.000000 0.000000 0.707188 0.707025
98.120881319 3.483266 3.754082 0.000000 0.000000 0.000000 0.707230 0.706984
98.209275961 3.484310 3.753844 0.000000 0.000000 0.000000 0.707181 0.707032
98.266049623 3.484718 3.754328 0.000000 0.000000 0.000000 0.707066 0.707148
98.353181839 3.483752 3.752502 0.000000 0.000000 0.000000 0.707178 0.707035
98.403073549 3.484381 3.752772 0.000000 0.000000 0.000000 0.706740 0.707473
98.490382910 3.483946 3.753259 0.000000 0.000000 0.000000 0.706920 0.707293
98.542252064 3.484514 3.754187 0.000000 0.000000 0.000000 0.707089 0.707125
98.624454260 3.485367 3.754348 0.000000 0.000000 0.000000 0.707527 0.706686
98.685510397 3.483717 3.754538 0.000000 0.000000 0.000000 0.707961 0.706251
98.779605627 3.482698 3.754699 0.000000 0.000000 0.000000 0.708002 0.706210
98.838194609 3.482800 3.754880 0.000000 0.000000 0.000000 0.707947 0.706265
98.929908276 3.482156 3.754746 0.000000 0.000000 0.000000 0.707966 0.706247
98.986426353 3.481754 3.753789 0.000000 0.000000 0.000000 0.707922 0.706291
99.090990067 3.480694 3.753901 0.000000 0.000000 0.000000 0.707943 0.706270
99.137984037 3.482426 3.756751 0.000000 0.000000 0.000000 0.707656 0.706557
99.222180128 3.481415 3.757027 0.000000 0.000000 0.000000 0.707519 0.706694
99.274515629 3.481944 3.755741 0.000000 0.000000 0.000000 0.707565 0.706648
99.372492313 3.482152 3.758958 0.000000 0.000000 0.000000 0.707604 0.706609
99.430688858 3.481517 3.757970 0.000000 0.000000 0.000000 0.707570 0.706643
99.544572830 3.480461 3.759156 0.000000 0.000000 0.000000 0.707648 0.706565
99.586899042 3.480956 3.758678 0.000000 0.000000 0.000000 0.707882 0.706331
99.684531927 3.481098 3.758743 0.000000 0.000000 0.000000 0.708418 0.705794
99.732462883 3.480422 3.759238 0.000000 0.000000 0.000000 0.708718 0.705491
99.817482233 3.479407 3.760124 0.000000 0.000000 0.000000 0.708466 0.705745
99.865893364 3.480366 3.757566 0.000000 0.000000 0.000000 0.708274 0.705938
99.974117994 3.483504 3.756451 0.000000 0.000000 0.000000 0.708294 0.705918
100.008396149 3.481512 3.756600 0.000000 0.000000 0.000000 0.708375 0.705836
100.099959850 3.483472 3.756810 0.000000 0.000000 0.000000 0.708316 0.705896
100.157341719 3.481179 3.756613 0.000000 0.000000 0.000000 0.708022 0.706191
100.251402378 3.479331 3.757992 0.000000 0.000000 0.000000 0.708065 0.706148
100.296842813 3.478271 3.761402 0.000000 0.000000 0.000000 0.708872 0.705337
100.386153460 3.478254 3.760538 0.000000 0.000000 0.000000 0.708863 0.705347
100.438560963 3.477335 3.761479 0.000000 0.000000 0.000000 0.708943 0.705266
100.523025513 3.476679 3.764305 0.000000 0.000000 0.000000 0.708840 0.705369
100.578892708 3.474954 3.763828 0.000000 0.000000 0.000000 0.708768 0.705442
100.666844606 3.476033 3.762284 0.000000 0.000000 0.000000 0.708704 0.705506
100.717916250 3.475558 3.762065 0.000000 0.000000 0.000000 0.708554 0.705657
100.814438343 3.475911 3.762734 0.000000 0.000000 0.000000 0.708304 0.705907
100.859156370 3.475204 3.762794 0.000000 0.000000 0.000000 0.708262 0.705949
100.952885628 3.475131 3.763378 0.000000 0.000000 0.000000 0.708144 0.706068
101.000487804 3.474388 3.764396 0.000000 0.000000 0.000000 0.708234 0.705978
101.085479736 3.475143 3.765381 0.000000 0.000000 0.000000 0.708279 0.705932
101.136031866 3.474328 3.765473 0.000000 0.000000 0.000000 0.708177 0.706035
101.229514122 3.473928 3.765375 0.000000 0.000000 0.000000 0.708070 0.706142
101.274351120 3.472859 3.765900 0.000000 0.000000 0.000000 0.708151 0.706061
101.373620749 3.473167 3.766761 0.000000 0.000000 0.000000 0.707915 0.706298
101.426921129 3.475080 3.766447 0.000000 0.000000 0.000000 0.707907 0.706306
101.521782160 3.474076 3.767172 0.000000 0.000000 0.000000 0.708029 0.706184
101.570658922 3.473842 3.769341 0.000000 0.000000 0.000000 0.708075 0.706137
101.657437325 3.472248 3.767954 0.000000 0.000000 0.000000 0.707809 0.706403
101.713495970 3.470816 3.768486 0.000000 0.000000 0.000000 0.707687 0.706526
101.799236774 3.470722 3.769184 0.000000 0.000000 0.000000 0.707806 0.706407
101.849389791 3.469650 3.769603 0.000000 0.000000 0.000000 0.707710 0.706503
101.945839167 3.469803 3.770346 0.000000 0.000000 0.000000 0.707671 0.706542
101.999189854 3.470454 3.771211 0.000000 0.000000 0.000000 0.707738 0.706475
102.086042404 3.470539 3.770971 0.000000 0.000000 0.000000 0.707745 0.706468
102.136522293 3.469910 3.772393 0.000000 0.000000 0.000000 0.708006 0.706207
102.221495152 3.467695 3.773943 0.000000 0.000000 0.000000 0.707747 0.706466
102.276251078 3.467163 3.773954 0.000000 0.000000 0.000000 0.707823 0.706390
102.367645025 3.468435 3.776153 0.000000 0.000000 0.000000 0.707862 0.706351
102.423708200 3.468915 3.779114 0.000000 0.000000 0.000000 0.707815 0.706398
102.525077105 3.468566 3.779787 0.000000 0.000000 0.000000 0.708033 0.706179
102.574762106 3.469572 3.779728 0.000000 0.000000 0.000000 0.708297 0.705914
102.674291134 3.469564 3.779520 0.000000 0.000000 0.000000 0.708087 0.706125
