56.000000000 -0.004092 0.998365 0.000000 0.000000 0.000000 0.002757 0.999996
56.092626333 -0.005127 0.998283 0.000000 0.000000 0.000000 -0.000122 1.000000
56.136488199 -0.013207 0.997658 0.000000 0.000000 0.000000 0.000851 1.000000
56.234569073 -0.020105 0.997923 0.000000 0.000000 0.000000 0.001375 0.999999
56.291095257 -0.022606 0.996781 0.000000 0.000000 0.000000 0.001799 0.999998
56.384810448 -0.025410 0.996266 0.000000 0.000000 0.000000 0.002348 0.999997
56.432573795 -0.026921 0.997661 0.000000 0.000000 0.000000 0.002371 0.999997
56.517774343 -0.030107 0.997860 0.000000 0.000000 0.000000 0.002384 0.999997
56.566277504 -0.031083 0.999358 0.000000 0.000000 0.000000 0.002640 0.999997
56.658776283 -0.031824 0.999260 0.000000 0.000000 0.000000 0.002892 0.999996
56.719421625 -0.031639 0.999485 0.000000 0.000000 0.000000 0.003424 0.999994
56.806190968 -0.033678 1.000809 0.000000 0.000000 0.000000 0.003944 0.999992
56.859033823 -0.037779 1.002276 0.000000 0.000000 0.000000 0.003894 0.999992
56.956225157 -0.041650 1.000602 0.000000 0.000000 0.000000 0.003601 0.999994
56.992516994 -0.042977 1.001412 0.000000 0.000000 0.000000 0.003426 0.999994
57.085117579 -0.044995 1.001002 0.000000 0.000000 0.000000 0.003405 0.999994
57.135342836 -0.044059 0.999759 0.000000 0.000000 0.000000 0.003926 0.999992
57.226917267 -0.045433 0.999541 0.000000 0.000000 0.000000 0.004070 0.999992
57.280653477 -0.045451 0.999745 0.000000 0.000000 0.000000 0.003779 0.999993
57.376023293 -0.045022 0.998510 0.000000 0.000000 0.000000 0.003871 0.999993
57.421943903 -0.042723 0.996574 0.000000 0.000000 0.000000 0.004243 0.999991
57.506844759 -0.041432 0.996797 0.000000 0.000000 0.000000 0.004083 0.999992
57.561612844 -0.041745 0.997324 0.000000 0.000000 0.000000 0.003750 0.999993
57.661116600 -0.041640 0.998416 0.000000 0.000000 0.000000 0.003624 0.999993
57.713097334 -0.040763 1.000698 0.000000 0.000000 0.000000 0.003528 0.999994
57.818692207 -0.040965 1.002117 0.000000 0.000000 0.000000 0.003710 0.999993
57.857132435 -0.039844 1.001414 0.000000 0.000000 0.000000 0.003722 0.999993
57.942367077 -0.041265 1.003196 0.000000 0.000000 0.000000 0.003839 0.999993
57.993121147 -0.040967 1.002762 0.000000 0.000000 0.000000 0.003784 0.999993
58.084053516 -0.039741 1.002976 0.000000 0.000000 0.000000 0.004051 0.999992
58.134043932 -0.040684 1.002353 0.000000 0.000000 0.000000 0.004313 0.999991
58.226578236 -0.041499 1.002199 0.000000 0.000000 0.000000 0.004189 0.999991
58.278188705 -0.039379 1.004074 0.000000 0.000000 0.000000 0.004680 0.999989
58.375108480 -0.038977 1.004275 0.000000 0.000000 0.000000 0.004784 0.999989
58.432198524 -0.038476 1.004441 0.000000 0.000000 0.000000 0.005237 0.999986
58.513686180 -0.038075 1.005548 0.000000 0.000000 0.000000 0.005452 0.999985
58.577755451 -0.036870 1.003712 0.000000 0.000000 0.000000 0.005050 0.999987
58.663658381 -0.036210 1.005167 0.000000 0.000000 0.000000 0.004560 0.999990
58.721382856 -0.034859 1.006402 0.000000 0.000000 0.000000 0.004364 0.999990
58.811643362 -0.034093 1.006912 0.000000 0.000000 0.000000 0.004324 0.999991
58.859117508 -0.034023 1.007345 0.000000 0.000000 0.000000 0.004105 0.999992
58.954252720 -0.034553 1.009709 0.000000 0.000000 0.000000 0.004198 0.999991
59.016629219 -0.034869 1.011823 0.000000 0.000000 0.000000 0.004096 0.999992
59.106379747 -0.035787 1.012057 0.000000 0.000000 0.000000 0.004382 0.999990
59.158839226 -0.035412 1.010705 0.000000 0.000000 0.000000 0.004480 0.999990
59.239713192 -0.035923 1.010022 0.000000 0.000000 0.000000 0.004237 0.999991
59.295119047 -0.035894 1.009881 0.000000 0.000000 0.000000 0.004121 0.999992
59.400145054 -0.036070 1.012648 0.000000 0.000000 0.000000 0.003325 0.999994
59.447155952 -0.037666 1.011837 0.000000 0.000000 0.000000 0.002922 0.999996
59.543852329 -0.037341 1.011765 0.000000 0.000000 0.000000 0.003121 0.999995
59.590034962 -0.036788 1.010118 0.000000 0.000000 0.000000 0.003274 0.999995
59.665421247 -0.034521 1.010122 0.000000 0.000000 0.000000 0.002986 0.999996
59.720851421 -0.035745 1.009466 0.000000 0.000000 0.000000 0.002614 0.999997
59.805132151 -0.035254 1.009534 0.000000 0.000000 0.000000 0.002847 0.999996
59.860359430 -0.036491 1.009312 0.000000 0.000000 0.000000 0.002991 0.999996
59.957119226 -0.037452 1.010537 0.000000 0.000000 0.000000 0.003096 0.999995
60.005816936 -0.036059 1.010589 0.000000 0.000000 0.000000 0.002883 0.999996
60.089397669 -0.037302 1.009399 0.000000 0.000000 0.000000 0.002898 0.999996
60.138172865 -0.036061 1.008558 0.000000 0.000000 0.000000 0.002998 0.999996
60.220950127 -0.034818 1.007367 0.000000 0.000000 0.000000 0.003004 0.999995
60.272440672 -0.033980 1.006151 0.000000 0.000000 0.000000 0.003216 0.999995
60.365985632 -0.034781 1.004549 0.000000 0.000000 0.000000 0.003183 0.999995
60.419920921 -0.033593 1.003900 0.000000 0.000000 0.000000 0.003413 0.999994
60.517887354 -0.032068 1.003542 0.000000 0.000000 0.000000 0.003015 0.999995
60.576246977 -0.031820 1.003545 0.000000 0.000000 0.000000 0.002973 0.999996
60.661265135 -0.031157 1.004770 0.000000 0.000000 0.000000 0.003359 0.999994
60.720116138 -0.032011 1.002682 0.000000 0.000000 0.000000 0.003650 0.999993
60.806773424 -0.031563 1.000549 0.000000 0.000000 0.000000 0.003617 0.999993
60.856551170 -0.030790 0.999950 0.000000 0.000000 0.000000 0.003718 0.999993
60.954911470 -0.030225 1.000696 0.000000 0.000000 0.000000 0.004206 0.999991
61.012297630 -0.030275 0.999902 0.000000 0.000000 0.000000 0.004311 0.999991
61.109639168 -0.029592 0.999322 0.000000 0.000000 0.000000 0.004602 0.999989
61.157109976 -0.029045 0.999511 0.000000 0.000000 0.000000 0.004654 0.999989
61.239634752 -0.028821 0.999679 0.000000 0.000000 0.000000 0.004742 0.999989
61.291578770 -0.029628 0.998982 0.000000 0.000000 0.000000 0.004634 0.999989
61.377224922 -0.030191 0.999661 0.000000 0.000000 0.000000 0.004489 0.999990
61.424571276 -0.028894 1.001435 0.000000 0.000000 0.000000 0.004722 0.999989
61.517945051 -0.027372 1.002353 0.000000 0.000000 0.000000 0.004649 0.999989
61.571182013 -0.027245 1.003893 0.000000 0.000000 0.000000 0.004718 0.999989
61.674693108 -0.027652 1.004760 0.000000 0.000000 0.000000 0.004829 0.999988
61.731230259 -0.027377 1.007988 0.000000 0.000000 0.000000 0.004773 0.999989
61.823836803 -0.027864 1.010314 0.000000 0.000000 0.000000 0.004907 0.999988
61.867137194 -0.025712 1.011204 0.000000 0.000000 0.000000 0.005013 0.999987
61.957184315 -0.026115 1.011593 0.000000 0.000000 0.000000 0.005073 0.999987
62.007257462 -0.026476 1.012102 0.000000 0.000000 0.000000 0.005058 0.999987
62.096065044 -0.026805 1.011743 0.000000 0.000000 0.000000 0.005139 0.999987
62.149833441 -0.026202 1.011344 0.000000 0.000000 0.000000 0.005069 0.999987
62.231528997 -0.012958 1.009633 0.000000 0.000000 0.000000 0.005564 0.999985
62.288254261 -0.002798 1.010216 0.000000 0.000000 0.000000 0.005465 0.999985
62.372793436 0.012283 1.010253 0.000000 0.000000 0.000000 0.005572 0.999984
62.437046528 0.024139 1.011195 0.000000 0.000000 0.000000 0.005814 0.999983
62.518205643 0.038006 1.013091 0.000000 0.000000 0.000000 0.006013 0.999982
62.573649645 0.045677 1.014627 0.000000 0.000000 0.000000 0.006455 0.999979
62.658019066 0.060224 1.015395 0.000000 0.000000 0.000000 0.006231 0.999981
62.708748341 0.070206 1.014151 0.000000 0.000000 0.000000 0.006234 0.999981
62.802901506 0.087852 1.013622 0.000000 0.000000 0.000000 0.006436 0.999979
62.862125397 0.097236 1.013561 0.000000 0.000000 0.000000 0.006738 0.999977
62.944721937 0.111897 1.012745 0.000000 0.000000 0.000000 0.006434 0.999979
63.001682520 0.122298 1.011718 0.000000 0.000000 0.000000 0.006836 0.999977
63.096352816 0.138947 1.011678 0.000000 0.000000 0.000000 0.006996 0.999976
63.140980959 0.147791 1.012224 0.000000 0.000000 0.000000 0.007088 0.999975
63.224403381 0.160446 1.014001 0.000000 0.000000 0.000000 0.007274 0.999974
63.278097630 0.171358 1.014516 0.000000 0.000000 0.000000 0.007108 0.999975
63.378735542 0.188076 1.015852 0.000000 0.000000 0.000000 0.007451 0.999972
63.429337263 0.195497 1.015947 0.000000 0.000000 0.000000 0.007130 0.999975
63.507558107 0.207318 1.017576 0.000000 0.000000 0.000000 0.006662 0.999978
63.561244726 0.215849 1.017209 0.000000 0.000000 0.000000 0.007123 0.999975
63.651183605 0.230047 1.015669 0.000000 0.000000 0.000000 0.007013 0.999975
63.722069025 0.241337 1.017324 0.000000 0.000000 0.000000 0.006994 0.999976
63.818211794 0.258030 1.017206 0.000000 0.000000 0.000000 0.007184 0.999974
63.867984533 0.266370 1.017190 0.000000 0.000000 0.000000 0.007351 0.999973
63.954170942 0.281876 1.016458 0.000000 0.000000 0.000000 0.007909 0.999969
64.007827759 0.288977 1.017228 0.000000 0.000000 0.000000 0.007554 0.999971
64.098969221 0.305220 1.017848 0.000000 0.000000 0.000000 0.007510 0.999972
64.150251389 0.314127 1.018722 0.000000 0.000000 0.000000 0.007778 0.999970
64.240028858 0.328848 1.018827 0.000000 0.000000 0.000000 0.007769 0.999970
64.291742325 0.336598 1.019358 0.000000 0.000000 0.000000 0.008450 0.999964
64.384911537 0.350867 1.019620 0.000000 0.000000 0.000000 0.008926 0.999960
64.438662767 0.359757 1.019673 0.000000 0.000000 0.000000 0.008649 0.999963
64.529100657 0.373612 1.019097 0.000000 0.000000 0.000000 0.008945 0.999960
64.581606388 0.382912 1.020188 0.000000 0.000000 0.000000 0.009058 0.999959
64.666499376 0.396045 1.019737 0.000000 0.000000 0.000000 0.008990 0.999960
64.719514608 0.406369 1.018233 0.000000 0.000000 0.000000 0.009140 0.999958
64.801486015 0.420232 1.016675 0.000000 0.000000 0.000000 0.009254 0.999957
64.853920698 0.427203 1.015819 0.000000 0.000000 0.000000 0.009062 0.999959
64.943417788 0.442397 1.015139 0.000000 0.000000 0.000000 0.008744 0.999962
64.995023489 0.450570 1.015962 0.000000 0.000000 0.000000 0.008409 0.999965
65.076430798 0.465426 1.014431 0.000000 0.000000 0.000000 0.008708 0.999962
65.137303352 0.477195 1.015425 0.000000 0.000000 0.000000 0.008612 0.999963
65.235720634 0.494949 1.015401 0.000000 0.000000 0.000000 0.009120 0.999958
65.286878586 0.503881 1.016775 0.000000 0.000000 0.000000 0.009397 0.999956
65.388996363 0.524613 1.018150 0.000000 0.000000 0.000000 0.009583 0.999954
65.443364143 0.533797 1.018591 0.000000 0.000000 0.000000 0.010056 0.999949
65.533442974 0.551053 1.019386 0.000000 0.000000 0.000000 0.010394 0.999946
65.583643198 0.559286 1.020654 0.000000 0.000000 0.000000 0.010608 0.999944
65.666572094 0.572588 1.021218 0.000000 0.000000 0.000000 0.010680 0.999943
65.718314648 0.581872 1.020904 0.000000 0.000000 0.000000 0.010689 0.999943
65.813969851 0.593737 1.023598 0.000000 0.000000 0.000000 0.010766 0.999942
65.860479355 0.599726 1.022276 0.000000 0.000000 0.000000 0.010925 0.999940
65.949100494 0.614196 1.023086 0.000000 0.000000 0.000000 0.010828 0.999941
66.006313324 0.623626 1.021905 0.000000 0.000000 0.000000 0.011099 0.999938
66.091695070 0.640101 1.023090 0.000000 0.000000 0.000000 0.010910 0.999940
66.150105000 0.651923 1.024566 0.000000 0.000000 0.000000 0.011405 0.999935
66.245607138 0.668617 1.025079 0.000000 0.000000 0.000000 0.011937 0.999929
66.289936066 0.677352 1.025114 0.000000 0.000000 0.000000 0.012396 0.999923
66.374847174 0.691452 1.023865 0.000000 0.000000 0.000000 0.012631 0.999920
66.427448988 0.701075 1.021517 0.000000 0.000000 0.000000 0.012520 0.999922
66.515174389 0.713213 1.022073 0.000000 0.000000 0.000000 0.012395 0.999923
66.565155268 0.722698 1.022475 0.000000 0.000000 0.000000 0.012466 0.999922
66.668905973 0.740601 1.023210 0.000000 0.000000 0.000000 0.012674 0.999920
66.720251560 0.746914 1.021469 0.000000 0.000000 0.000000 0.013013 0.999915
66.818524122 0.762462 1.020646 0.000000 0.000000 0.000000 0.013017 0.999915
66.862034321 0.769389 1.020673 0.000000 0.000000 0.000000 0.013038 0.999915
66.948162079 0.784964 1.022144 0.000000 0.000000 0.000000 0.012946 0.999916
66.998103142 0.794212 1.022579 0.000000 0.000000 0.000000 0.013056 0.999915
67.100195885 0.813707 1.023149 0.000000 0.000000 0.000000 0.013585 0.999908
67.157076359 0.826257 1.026084 0.000000 0.000000 0.000000 0.013611 0.999907
67.269846916 0.849326 1.028063 0.000000 0.000000 0.000000 0.014234 0.999899
67.325706720 0.860498 1.028226 0.000000 0.000000 0.000000 0.014149 0.999900
67.417520761 0.877439 1.027660 0.000000 0.000000 0.000000 0.014384 0.999897
67.475314379 0.888797 1.026896 0.000000 0.000000 0.000000 0.014362 0.999897
67.587245464 0.911313 1.025745 0.000000 0.000000 0.000000 0.014023 0.999902
67.657504320 0.926110 1.025543 0.000000 0.000000 0.000000 0.014151 0.999900
67.744100571 0.943494 1.025253 0.000000 0.000000 0.000000 0.014453 0.999896
67.809964418 0.957524 1.024202 0.000000 0.000000 0.000000 0.014666 0.999892
67.907867193 0.976288 1.024399 0.000000 0.000000 0.000000 0.015073 0.999886
67.955658197 0.986299 1.024534 0.000000 0.000000 0.000000 0.015010 0.999887
68.043772697 1.002678 1.025220 0.000000 0.000000 0.000000 0.015439 0.999881
68.092056751 1.013078 1.025995 0.000000 0.000000 0.000000 0.015891 0.999874
68.198954105 1.034737 1.027683 0.000000 0.000000 0.000000 0.016420 0.999865
68.239401817 1.042394 1.028594 0.000000 0.000000 0.000000 0.016151 0.999870
68.334116697 1.060478 1.028738 0.000000 0.000000 0.000000 0.016087 0.999871
68.393169165 1.072294 1.025857 0.000000 0.000000 0.000000 0.016517 0.999864
68.488315105 1.089551 1.027228 0.000000 0.000000 0.000000 0.016889 0.999857
68.548655272 1.101512 1.027525 0.000000 0.000000 0.000000 0.016753 0.999860
68.628951550 1.115764 1.027576 0.000000 0.000000 0.000000 0.016571 0.999863
68.688163757 1.127080 1.029560 0.000000 0.000000 0.000000 0.016657 0.999861
68.771270037 1.141109 1.029908 0.000000 0.000000 0.000000 0.017312 0.999850
68.824939728 1.152009 1.028475 0.000000 0.000000 0.000000 0.017455 0.999848
68.927378178 1.170952 1.027477 0.000000 0.000000 0.000000 0.017843 0.999841
68.988554239 1.183571 1.029223 0.000000 0.000000 0.000000 0.017897 0.999840
69.091393948 1.203414 1.029922 0.000000 0.000000 0.000000 0.018558 0.999828
69.142657280 1.213075 1.028217 0.000000 0.000000 0.000000 0.018912 0.999821
69.226943970 1.229583 1.027950 0.000000 0.000000 0.000000 0.019465 0.999811
69.291504383 1.240229 1.027543 0.000000 0.000000 0.000000 0.019528 0.999809
69.395749092 1.258881 1.026388 0.000000 0.000000 0.000000 0.019758 0.999805
69.444655418 1.268562 1.027412 0.000000 0.000000 0.000000 0.019795 0.999804
69.543005466 1.286676 1.026858 0.000000 0.000000 0.000000 0.019911 0.999802
69.595045090 1.294681 1.024828 0.000000 0.000000 0.000000 0.019775 0.999804
69.695927858 1.312409 1.025066 0.000000 0.000000 0.000000 0.019912 0.999802
69.753221989 1.323958 1.026112 0.000000 0.000000 0.000000 0.020472 0.999790
69.852281094 1.340614 1.026753 0.000000 0.000000 0.000000 0.020990 0.999780
69.909631014 1.354359 1.027521 0.000000 0.000000 0.000000 0.021655 0.999766
70.003495455 1.372636 1.030247 0.000000 0.000000 0.000000 0.021989 0.999758
70.055417776 1.384399 1.029589 0.000000 0.000000 0.000000 0.022176 0.999754
70.137858391 1.399436 1.030117 0.000000 0.000000 0.000000 0.022101 0.999756
70.199167728 1.411138 1.030763 0.000000 0.000000 0.000000 0.022429 0.999748
70.302878618 1.431370 1.034742 0.000000 0.000000 0.000000 0.022593 0.999745
70.369396687 1.444923 1.034225 0.000000 0.000000 0.000000 0.022932 0.999737
70.461210728 1.461682 1.036520 0.000000 0.000000 0.000000 0.023071 0.999734
70.509778738 1.472965 1.036261 0.000000 0.000000 0.000000 0.023091 0.999733
70.599387646 1.490715 1.039902 0.000000 0.000000 0.000000 0.023319 0.999728
70.656033039 1.501837 1.038321 0.000000 0.000000 0.000000 0.023502 0.999724
70.768153429 1.521809 1.040211 0.000000 0.000000 0.000000 0.023772 0.999717
70.815999985 1.533275 1.040744 0.000000 0.000000 0.000000 0.023777 0.999717
70.900581121 1.545681 1.042718 0.000000 0.000000 0.000000 0.023903 0.999714
70.955633402 1.556766 1.044018 0.000000 0.000000 0.000000 0.023903 0.999714
71.042252779 1.570735 1.046987 0.000000 0.000000 0.000000 0.024180 0.999708
71.103641987 1.581303 1.047891 0.000000 0.000000 0.000000 0.024213 0.999707
71.186776161 1.597406 1.049616 0.000000 0.000000 0.000000 0.024564 0.999698
71.250498533 1.610943 1.052223 0.000000 0.000000 0.000000 0.024259 0.999706
71.341936827 1.616976 1.053065 0.000000 0.000000 0.000000 0.031279 0.999511
71.393325806 1.620132 1.055738 0.000000 0.000000 0.000000 0.035147 0.999382
71.487019539 1.624580 1.054569 0.000000 0.000000 0.000000 0.042289 0.999105
71.537977695 1.623818 1.052497 0.000000 0.000000 0.000000 0.045837 0.998949
71.626116753 1.625585 1.049881 0.000000 0.000000 0.000000 0.051886 0.998653
71.682151079 1.626290 1.047856 0.000000 0.000000 0.000000 0.055863 0.998438
71.763496399 1.627021 1.047147 0.000000 0.000000 0.000000 0.062035 0.998074
71.820455313 1.625415 1.044088 0.000000 0.000000 0.000000 0.065556 0.997849
71.918866396 1.627672 1.043609 0.000000 0.000000 0.000000 0.072928 0.997337
71.975845575 1.627761 1.042040 0.000000 0.000000 0.000000 0.076679 0.997056
72.068582535 1.632922 1.039603 0.000000 0.000000 0.000000 0.083275 0.996527
72.122643709 1.634099 1.037885 0.000000 0.000000 0.000000 0.086658 0.996238
72.217851877 1.648341 1.041765 0.000000 0.000000 0.000000 0.086429 0.996258
72.265589714 1.653871 1.045371 0.000000 0.000000 0.000000 0.086576 0.996245
72.354194641 1.669175 1.045908 0.000000 0.000000 0.000000 0.086594 0.996244
72.403216600 1.678029 1.048078 0.000000 0.000000 0.000000 0.086484 0.996253
72.504085302 1.695085 1.051923 0.000000 0.000000 0.000000 0.086657 0.996238
72.559812546 1.706775 1.056289 0.000000 0.000000 0.000000 0.086466 0.996255
72.641114473 1.723191 1.058919 0.000000 0.000000 0.000000 0.086730 0.996232
72.695553064 1.734481 1.061078 0.000000 0.000000 0.000000 0.086786 0.996227
72.784453154 1.750476 1.066115 0.000000 0.000000 0.000000 0.086431 0.996258
72.839464188 1.754963 1.067166 0.000000 0.000000 0.000000 0.090589 0.995888
72.931765556 1.758124 1.067176 0.000000 0.000000 0.000000 0.096638 0.995320
72.986810684 1.759149 1.065935 0.000000 0.000000 0.000000 0.099994 0.994988
73.071648121 1.762479 1.067126 0.000000 0.000000 0.000000 0.106152 0.994350
73.129702330 1.762927 1.067848 0.000000 0.000000 0.000000 0.109900 0.993943
73.227200508 1.766114 1.067559 0.000000 0.000000 0.000000 0.117297 0.993097
73.271549940 1.766297 1.067735 0.000000 0.000000 0.000000 0.120056 0.992767
73.365193605 1.781101 1.072110 0.000000 0.000000 0.000000 0.119886 0.992788
73.410813332 1.784377 1.073760 0.000000 0.000000 0.000000 0.119843 0.992793
73.495560646 1.798503 1.079013 0.000000 0.000000 0.000000 0.119685 0.992812
73.549853325 1.808137 1.082678 0.000000 0.000000 0.000000 0.119680 0.992813
73.635336399 1.825645 1.085373 0.000000 0.000000 0.000000 0.119929 0.992783
73.700213671 1.837516 1.085961 0.000000 0.000000 0.000000 0.119879 0.992788
73.794411182 1.854915 1.087623 0.000000 0.000000 0.000000 0.120026 0.992771
73.851395130 1.864507 1.089907 0.000000 0.000000 0.000000 0.120391 0.992727
73.934927464 1.880172 1.094192 0.000000 0.000000 0.000000 0.120321 0.992735
73.994324923 1.887210 1.096776 0.000000 0.000000 0.000000 0.124765 0.992186
74.076428652 1.892162 1.097575 0.000000 0.000000 0.000000 0.130444 0.991456
74.138641834 1.894330 1.097397 0.000000 0.000000 0.000000 0.134861 0.990865
74.232690811 1.897515 1.100254 0.000000 0.000000 0.000000 0.141811 0.989894
74.284757137 1.897864 1.099728 0.000000 0.000000 0.000000 0.145172 0.989406
74.368963718 1.900819 1.099865 0.000000 0.000000 0.000000 0.151111 0.988517
74.424954653 1.901962 1.098584 0.000000 0.000000 0.000000 0.155129 0.987894
74.512892008 1.903282 1.097092 0.000000 0.000000 0.000000 0.161528 0.986868
74.568120718 1.914193 1.094464 0.000000 0.000000 0.000000 0.161651 0.986848
74.659038782 1.929705 1.097689 0.000000 0.000000 0.000000 0.161563 0.986862
74.720528126 1.939866 1.101251 0.000000 0.000000 0.000000 0.161840 0.986817
74.807915449 1.954981 1.107688 0.000000 0.000000 0.000000 0.161685 0.986842
74.867791891 1.969069 1.111505 0.000000 0.000000 0.000000 0.162325 0.986737
74.956265450 1.984555 1.117747 0.000000 0.000000 0.000000 0.162630 0.986687
75.006022692 1.995462 1.122663 0.000000 0.000000 0.000000 0.163090 0.986611
75.093890429 2.010783 1.128873 0.000000 0.000000 0.000000 0.163528 0.986539
75.151803017 2.020533 1.132420 0.000000 0.000000 0.000000 0.163609 0.986525
75.237923384 2.036825 1.135854 0.000000 0.000000 0.000000 0.163516 0.986541
75.289012432 2.047683 1.138143 0.000000 0.000000 0.000000 0.163583 0.986530
75.377345324 2.063176 1.143951 0.000000 0.000000 0.000000 0.164256 0.986418
75.433693886 2.074570 1.146579 0.000000 0.000000 0.000000 0.164381 0.986397
75.537194490 2.089655 1.149826 0.000000 0.000000 0.000000 0.164279 0.986414
75.586070776 2.096453 1.151600 0.000000 0.000000 0.000000 0.164033 0.986455
75.689361572 2.114208 1.156429 0.000000 0.000000 0.000000 0.164467 0.986383
75.744805098 2.124557 1.159275 0.000000 0.000000 0.000000 0.164360 0.986400
75.826009274 2.139962 1.163664 0.000000 0.000000 0.000000 0.164416 0.986391
75.899021864 2.145480 1.168135 0.000000 0.000000 0.000000 0.169485 0.985533
75.992537260 2.150095 1.168053 0.000000 0.000000 0.000000 0.176483 0.984304
76.056124210 2.154295 1.170534 0.000000 0.000000 0.000000 0.181116 0.983462
76.141805172 2.157007 1.171201 0.000000 0.000000 0.000000 0.187083 0.982344
76.196712971 2.160470 1.172483 0.000000 0.000000 0.000000 0.190869 0.981616
76.279946327 2.164951 1.173521 0.000000 0.000000 0.000000 0.196333 0.980537
76.336917877 2.166906 1.173514 0.000000 0.000000 0.000000 0.200443 0.979705
76.431858301 2.171384 1.173891 0.000000 0.000000 0.000000 0.207659 0.978201
76.487337351 2.176644 1.176406 0.000000 0.000000 0.000000 0.207769 0.978178
76.576975346 2.187892 1.182339 0.000000 0.000000 0.000000 0.207883 0.978154
76.635664701 2.196495 1.187241 0.000000 0.000000 0.000000 0.207890 0.978152
76.736702204 2.214945 1.192982 0.000000 0.000000 0.000000 0.208023 0.978124
76.784813404 2.222625 1.196344 0.000000 0.000000 0.000000 0.207899 0.978150
76.872728825 2.237376 1.202945 0.000000 0.000000 0.000000 0.208199 0.978086
76.940669060 2.248142 1.207471 0.000000 0.000000 0.000000 0.208321 0.978060
77.039191484 2.266744 1.214236 0.000000 0.000000 0.000000 0.208550 0.978012
77.091496944 2.275903 1.219984 0.000000 0.000000 0.000000 0.208741 0.977971
77.178045034 2.282638 1.222066 0.000000 0.000000 0.000000 0.214764 0.976666
77.233334064 2.286260 1.226107 0.000000 0.000000 0.000000 0.218347 0.975871
77.321522951 2.290508 1.228721 0.000000 0.000000 0.000000 0.224372 0.974504
77.385615587 2.293940 1.227471 0.000000 0.000000 0.000000 0.228398 0.973568
77.482558012 2.306166 1.232719 0.000000 0.000000 0.000000 0.228407 0.973566
77.535058022 2.314140 1.235807 0.000000 0.000000 0.000000 0.228333 0.973583
77.635596514 2.331929 1.242717 0.000000 0.000000 0.000000 0.228672 0.973503
77.687636852 2.339631 1.245572 0.000000 0.000000 0.000000 0.228510 0.973542
77.783472538 2.354259 1.250352 0.000000 0.000000 0.000000 0.228723 0.973492
77.833787918 2.360998 1.254257 0.000000 0.000000 0.000000 0.228153 0.973625
77.940711260 2.378341 1.263611 0.000000 0.000000 0.000000 0.228191 0.973616
77.985099792 2.386051 1.269917 0.000000 0.000000 0.000000 0.228501 0.973544
78.074628830 2.402492 1.276934 0.000000 0.000000 0.000000 0.228917 0.973446
78.126539230 2.411374 1.281221 0.000000 0.000000 0.000000 0.229412 0.973329
78.225707769 2.417903 1.282737 0.000000 0.000000 0.000000 0.236721 0.971578
78.287621975 2.421574 1.282142 0.000000 0.000000 0.000000 0.240983 0.970529
78.371752024 2.432681 1.284653 0.000000 0.000000 0.000000 0.241098 0.970501
78.425225496 2.440535 1.286669 0.000000 0.000000 0.000000 0.241562 0.970385
78.525620699 2.456282 1.293784 0.000000 0.000000 0.000000 0.241576 0.970382
78.588539600 2.466834 1.299029 0.000000 0.000000 0.000000 0.241725 0.970345
78.670593977 2.480425 1.306023 0.000000 0.000000 0.000000 0.242038 0.970267
78.735427380 2.489834 1.309574 0.000000 0.000000 0.000000 0.242073 0.970258
78.827690363 2.505544 1.316411 0.000000 0.000000 0.000000 0.242172 0.970233
78.889282465 2.515029 1.323444 0.000000 0.000000 0.000000 0.241350 0.970438
78.986895561 2.531069 1.331541 0.000000 0.000000 0.000000 0.240889 0.970553
79.038242817 2.539696 1.337436 0.000000 0.000000 0.000000 0.240962 0.970534
79.133278370 2.547086 1.340986 0.000000 0.000000 0.000000 0.247518 0.968883
79.188038111 2.548951 1.342333 0.000000 0.000000 0.000000 0.250284 0.968173
79.274859905 2.554105 1.342910 0.000000 0.000000 0.000000 0.256487 0.966548
79.325020790 2.558131 1.345093 0.000000 0.000000 0.000000 0.256647 0.966505
79.419587612 2.571071 1.353094 0.000000 0.000000 0.000000 0.256788 0.966468
79.476016521 2.577650 1.359374 0.000000 0.000000 0.000000 0.256992 0.966414
79.572896481 2.587720 1.368195 0.000000 0.000000 0.000000 0.257078 0.966391
79.625355482 2.596035 1.373171 0.000000 0.000000 0.000000 0.257407 0.966303
79.715934038 2.610711 1.381637 0.000000 0.000000 0.000000 0.257464 0.966288
79.766192913 2.619055 1.386409 0.000000 0.000000 0.000000 0.257428 0.966298
79.851100206 2.633766 1.395827 0.000000 0.000000 0.000000 0.257582 0.966256
79.911969662 2.642253 1.400410 0.000000 0.000000 0.000000 0.257559 0.966263
80.005322218 2.658041 1.406702 0.000000 0.000000 0.000000 0.257927 0.966164
80.049822092 2.663739 1.412998 0.000000 0.000000 0.000000 0.258147 0.966106
80.144307137 2.676962 1.421847 0.000000 0.000000 0.000000 0.258150 0.966105
80.194717646 2.685659 1.427840 0.000000 0.000000 0.000000 0.258383 0.966043
80.283586025 2.690849 1.431539 0.000000 0.000000 0.000000 0.264410 0.964410
80.339012861 2.692399 1.432123 0.000000 0.000000 0.000000 0.267767 0.963484
80.432806969 2.697141 1.432300 0.000000 0.000000 0.000000 0.274212 0.961669
80.481657505 2.700620 1.434284 0.000000 0.000000 0.000000 0.277139 0.960830
80.570667744 2.702364 1.434373 0.000000 0.000000 0.000000 0.283002 0.959119
80.629180193 2.704051 1.432188 0.000000 0.000000 0.000000 0.286274 0.958148
80.725515127 2.706858 1.430988 0.000000 0.000000 0.000000 0.292845 0.956160
80.785824299 2.710163 1.427774 0.000000 0.000000 0.000000 0.296907 0.954906
80.885531425 2.713898 1.427567 0.000000 0.000000 0.000000 0.304328 0.952567
80.931448936 2.713186 1.426720 0.000000 0.000000 0.000000 0.307380 0.951587
81.023196459 2.724276 1.433543 0.000000 0.000000 0.000000 0.307191 0.951648
81.074112654 2.729600 1.435425 0.000000 0.000000 0.000000 0.307188 0.951649
81.169610262 2.744210 1.446455 0.000000 0.000000 0.000000 0.306786 0.951778
81.221564293 2.751518 1.453556 0.000000 0.000000 0.000000 0.306409 0.951900
81.317089081 2.767232 1.464618 0.000000 0.000000 0.000000 0.306222 0.951960
81.373459816 2.775136 1.469341 0.000000 0.000000 0.000000 0.306372 0.951912
81.468533754 2.786853 1.478006 0.000000 0.000000 0.000000 0.306509 0.951868
81.523016691 2.795549 1.484505 0.000000 0.000000 0.000000 0.306693 0.951809
81.598726511 2.808880 1.492074 0.000000 0.000000 0.000000 0.306552 0.951854
81.657386780 2.811552 1.493713 0.000000 0.000000 0.000000 0.310163 0.950683
81.743980408 2.817239 1.497368 0.000000 0.000000 0.000000 0.315267 0.949003
81.802433014 2.819864 1.499881 0.000000 0.000000 0.000000 0.319635 0.947541
81.892469883 2.821246 1.500647 0.000000 0.000000 0.000000 0.325611 0.945504
81.951400280 2.824151 1.501394 0.000000 0.000000 0.000000 0.329674 0.944095
82.051398516 2.829530 1.502119 0.000000 0.000000 0.000000 0.336559 0.941662
82.098116398 2.830106 1.501012 0.000000 0.000000 0.000000 0.339595 0.940572
82.188131332 2.841292 1.508237 0.000000 0.000000 0.000000 0.339748 0.940517
82.248149872 2.848133 1.512149 0.000000 0.000000 0.000000 0.339644 0.940554
82.336132288 2.859756 1.519645 0.000000 0.000000 0.000000 0.339524 0.940597
82.396090031 2.867162 1.526062 0.000000 0.000000 0.000000 0.339936 0.940449
82.493404388 2.880000 1.536618 0.000000 0.000000 0.000000 0.339787 0.940503
82.545469284 2.889840 1.543410 0.000000 0.000000 0.000000 0.339726 0.940525
82.645762682 2.903620 1.554609 0.000000 0.000000 0.000000 0.339932 0.940450
82.703368902 2.913508 1.561305 0.000000 0.000000 0.000000 0.339717 0.940528
82.786747932 2.927969 1.570371 0.000000 0.000000 0.000000 0.339522 0.940598
82.854153395 2.940791 1.578449 0.000000 0.000000 0.000000 0.339247 0.940697
82.943068027 2.955175 1.590177 0.000000 0.000000 0.000000 0.339783 0.940504
83.009804964 2.967998 1.599109 0.000000 0.000000 0.000000 0.340148 0.940372
83.085191727 2.978346 1.608342 0.000000 0.000000 0.000000 0.340090 0.940393
83.153803349 2.989688 1.617236 0.000000 0.000000 0.000000 0.340610 0.940205
83.241653681 3.002770 1.628372 0.000000 0.000000 0.000000 0.340782 0.940142
83.297069788 3.005089 1.632806 0.000000 0.000000 0.000000 0.343975 0.938979
83.389735460 3.008893 1.635562 0.000000 0.000000 0.000000 0.350396 0.936602
83.453119040 3.009127 1.635186 0.000000 0.000000 0.000000 0.354657 0.934997
83.537900448 3.010802 1.635527 0.000000 0.000000 0.000000 0.360203 0.932874
83.597048283 3.010932 1.633678 0.000000 0.000000 0.000000 0.363740 0.931500
83.717325926 3.014614 1.635817 0.000000 0.000000 0.000000 0.372018 0.928226
83.749479055 3.013638 1.637101 0.000000 0.000000 0.000000 0.373743 0.927532
83.838826418 3.016611 1.638079 0.000000 0.000000 0.000000 0.378739 0.925503
83.901724577 3.020311 1.636805 0.000000 0.000000 0.000000 0.382476 0.923965
83.992516994 3.023096 1.637514 0.000000 0.000000 0.000000 0.387533 0.921856
84.051721573 3.024034 1.638211 0.000000 0.000000 0.000000 0.391139 0.920332
84.156426907 3.028715 1.636077 0.000000 0.000000 0.000000 0.398583 0.917132
84.200500965 3.029975 1.633026 0.000000 0.000000 0.000000 0.401483 0.915866
84.283172131 3.038107 1.640879 0.000000 0.000000 0.000000 0.401639 0.915798
84.341853619 3.046199 1.648369 0.000000 0.000000 0.000000 0.401647 0.915794
84.440338135 3.057903 1.659982 0.000000 0.000000 0.000000 0.401676 0.915782
84.490278244 3.066560 1.666127 0.000000 0.000000 0.000000 0.401507 0.915856
84.590413809 3.079095 1.679651 0.000000 0.000000 0.000000 0.401454 0.915879
84.637861252 3.080490 1.680622 0.000000 0.000000 0.000000 0.404927 0.914349
84.731191397 3.081627 1.684780 0.000000 0.000000 0.000000 0.410787 0.911731
84.795961142 3.083128 1.687241 0.000000 0.000000 0.000000 0.415060 0.909794
84.885035038 3.085407 1.688311 0.000000 0.000000 0.000000 0.420949 0.907084
84.942189693 3.090126 1.691800 0.000000 0.000000 0.000000 0.420679 0.907210
85.035698891 3.099804 1.704011 0.000000 0.000000 0.000000 0.420583 0.907254
85.087255955 3.104015 1.712572 0.000000 0.000000 0.000000 0.420864 0.907124
85.177431345 3.113974 1.725708 0.000000 0.000000 0.000000 0.420820 0.907144
85.234461546 3.120795 1.733876 0.000000 0.000000 0.000000 0.420849 0.907131
85.317269802 3.130425 1.744909 0.000000 0.000000 0.000000 0.420522 0.907282
85.371974707 3.136564 1.750043 0.000000 0.000000 0.000000 0.420391 0.907343
85.478625298 3.139633 1.752193 0.000000 0.000000 0.000000 0.427618 0.903959
85.528799295 3.140458 1.751630 0.000000 0.000000 0.000000 0.430647 0.902521
85.623463392 3.141832 1.750762 0.000000 0.000000 0.000000 0.436775 0.899571
85.673765659 3.143152 1.750619 0.000000 0.000000 0.000000 0.439505 0.898240
85.763669968 3.150615 1.759422 0.000000 0.000000 0.000000 0.439383 0.898300
85.820935726 3.154512 1.765530 0.000000 0.000000 0.000000 0.439483 0.898251
85.910727024 3.163906 1.778928 0.000000 0.000000 0.000000 0.439351 0.898316
85.964876890 3.170431 1.787365 0.000000 0.000000 0.000000 0.439287 0.898347
86.051109076 3.180833 1.800463 0.000000 0.000000 0.000000 0.439330 0.898326
86.103527308 3.186216 1.808886 0.000000 0.000000 0.000000 0.439301 0.898340
86.201452255 3.199111 1.825245 0.000000 0.000000 0.000000 0.439116 0.898430
86.242657185 3.205701 1.832354 0.000000 0.000000 0.000000 0.439087 0.898444
86.334985495 3.215463 1.845572 0.000000 0.000000 0.000000 0.439324 0.898328
86.382092714 3.216815 1.846931 0.000000 0.000000 0.000000 0.442363 0.896836
86.472083092 3.219460 1.848608 0.000000 0.000000 0.000000 0.448152 0.893957
86.523828268 3.222787 1.847998 0.000000 0.000000 0.000000 0.450441 0.892806
86.615870237 3.224447 1.848183 0.000000 0.000000 0.000000 0.456010 0.889975
86.670076370 3.224184 1.845659 0.000000 0.000000 0.000000 0.458907 0.888485
86.774803400 3.234061 1.856761 0.000000 0.000000 0.000000 0.458484 0.888703
86.820199966 3.238174 1.861585 0.000000 0.000000 0.000000 0.458262 0.888817
86.919469357 3.249286 1.875887 0.000000 0.000000 0.000000 0.458121 0.888890
86.967871189 3.254769 1.884769 0.000000 0.000000 0.000000 0.458178 0.888861
87.056761026 3.264010 1.899796 0.000000 0.000000 0.000000 0.457889 0.889009
87.109259605 3.270184 1.908668 0.000000 0.000000 0.000000 0.458411 0.888740
87.192007065 3.277755 1.918829 0.000000 0.000000 0.000000 0.458056 0.888923
87.253980637 3.283532 1.926232 0.000000 0.000000 0.000000 0.457843 0.889033
87.349741697 3.287772 1.929455 0.000000 0.000000 0.000000 0.463605 0.886042
87.405018091 3.288433 1.929935 0.000000 0.000000 0.000000 0.467149 0.884179
87.485984564 3.292309 1.931388 0.000000 0.000000 0.000000 0.472646 0.881252
87.543567896 3.292133 1.932019 0.000000 0.000000 0.000000 0.476023 0.879433
87.634330273 3.293453 1.930479 0.000000 0.000000 0.000000 0.481472 0.876462
87.686902761 3.292882 1.927645 0.000000 0.000000 0.000000 0.484358 0.874870
87.787247896 3.294078 1.927824 0.000000 0.000000 0.000000 0.490052 0.871693
87.837472916 3.296156 1.930183 0.000000 0.000000 0.000000 0.490037 0.871702
87.916748285 3.304619 1.940976 0.000000 0.000000 0.000000 0.489818 0.871825
87.986268759 3.308391 1.952285 0.000000 0.000000 0.000000 0.489789 0.871841
88.086726427 3.318838 1.966758 0.000000 0.000000 0.000000 0.489765 0.871855
88.150101423 3.323912 1.976132 0.000000 0.000000 0.000000 0.489915 0.871770
88.240933418 3.325435 1.980748 0.000000 0.000000 0.000000 0.495745 0.868468
88.297403812 3.324906 1.986087 0.000000 0.000000 0.000000 0.498970 0.866619
88.386169910 3.326314 1.987975 0.000000 0.000000 0.000000 0.504507 0.863408
88.450335503 3.325591 1.986563 0.000000 0.000000 0.000000 0.508594 0.861006
88.535275698 3.326396 1.985475 0.000000 0.000000 0.000000 0.514002 0.857789
88.605426788 3.325902 1.985578 0.000000 0.000000 0.000000 0.518526 0.855062
88.683759212 3.328719 1.983955 0.000000 0.000000 0.000000 0.523550 0.851995
88.750116110 3.332805 1.987011 0.000000 0.000000 0.000000 0.523592 0.851969
88.851769447 3.340887 2.002898 0.000000 0.000000 0.000000 0.523601 0.851964
88.916266441 3.347552 2.013869 0.000000 0.000000 0.000000 0.523535 0.852004
89.002526760 3.352666 2.028410 0.000000 0.000000 0.000000 0.523670 0.851921
89.057895184 3.357703 2.036338 0.000000 0.000000 0.000000 0.523673 0.851920
89.140100241 3.363953 2.047755 0.000000 0.000000 0.000000 0.523950 0.851749
89.195465088 3.364946 2.050992 0.000000 0.000000 0.000000 0.527237 0.849718
89.289087772 3.366238 2.055128 0.000000 0.000000 0.000000 0.533155 0.846018
89.344048738 3.366899 2.056179 0.000000 0.000000 0.000000 0.536356 0.843992
89.440391302 3.366314 2.056892 0.000000 0.000000 0.000000 0.542122 0.840300
89.492968559 3.367826 2.054492 0.000000 0.000000 0.000000 0.545350 0.838208
89.607647657 3.377788 2.070621 0.000000 0.000000 0.000000 0.545360 0.838202
89.672281504 3.383351 2.077155 0.000000 0.000000 0.000000 0.545520 0.838098
89.768073082 3.389572 2.092672 0.000000 0.000000 0.000000 0.545438 0.838151
89.829360723 3.393135 2.101873 0.000000 0.000000 0.000000 0.545703 0.837979
89.918611765 3.397513 2.112060 0.000000 0.000000 0.000000 0.545599 0.838046
89.983339548 3.403467 2.121721 0.000000 0.000000 0.000000 0.545698 0.837982
90.075467348 3.410562 2.134542 0.000000 0.000000 0.000000 0.545513 0.838102
90.136802912 3.415427 2.145972 0.000000 0.000000 0.000000 0.545511 0.838104
90.217718840 3.421269 2.159409 0.000000 0.000000 0.000000 0.545517 0.838100
90.282570362 3.425392 2.170852 0.000000 0.000000 0.000000 0.545321 0.838228
90.377734184 3.433238 2.183474 0.000000 0.000000 0.000000 0.545080 0.838384
90.428593874 3.436606 2.190243 0.000000 0.000000 0.000000 0.545175 0.838322
90.510604858 3.444284 2.203700 0.000000 0.000000 0.000000 0.545119 0.838359
90.568803549 3.450447 2.213657 0.000000 0.000000 0.000000 0.545321 0.838227
90.669097900 3.457304 2.229704 0.000000 0.000000 0.000000 0.545184 0.838316
90.734403133 3.462772 2.240047 0.000000 0.000000 0.000000 0.545466 0.838133
90.817264557 3.470616 2.255407 0.000000 0.000000 0.000000 0.545779 0.837929
90.874949217 3.474881 2.264149 0.000000 0.000000 0.000000 0.545697 0.837982
90.977848291 3.481633 2.281384 0.000000 0.000000 0.000000 0.545700 0.837981
91.038990498 3.486207 2.293017 0.000000 0.000000 0.000000 0.545326 0.838224
91.132968187 3.493465 2.310192 0.000000 0.000000 0.000000 0.545232 0.838285
91.184181929 3.497984 2.321120 0.000000 0.000000 0.000000 0.545384 0.838186
91.277483940 3.505272 2.333033 0.000000 0.000000 0.000000 0.545425 0.838159
91.333750963 3.509871 2.342070 0.000000 0.000000 0.000000 0.545205 0.838303
91.435931683 3.517873 2.357103 0.000000 0.000000 0.000000 0.545283 0.838252
91.490885019 3.521665 2.366220 0.000000 0.000000 0.000000 0.545050 0.838404
91.596405983 3.529342 2.382364 0.000000 0.000000 0.000000 0.544640 0.838670
91.657889366 3.534779 2.392138 0.000000 0.000000 0.000000 0.544563 0.838720
91.744920015 3.539683 2.408220 0.000000 0.000000 0.000000 0.544884 0.838511
91.803375244 3.543275 2.418030 0.000000 0.000000 0.000000 0.544823 0.838551
91.889576912 3.549323 2.432194 0.000000 0.000000 0.000000 0.545257 0.838269
91.950321198 3.554905 2.442932 0.000000 0.000000 0.000000 0.545181 0.838318
92.040585995 3.562742 2.458126 0.000000 0.000000 0.000000 0.544950 0.838469
92.095539570 3.566211 2.467344 0.000000 0.000000 0.000000 0.544816 0.838556
92.180634975 3.571462 2.478825 0.000000 0.000000 0.000000 0.544629 0.838677
92.233907700 3.575272 2.485979 0.000000 0.000000 0.000000 0.544467 0.838782
92.324627161 3.582771 2.500704 0.000000 0.000000 0.000000 0.544690 0.838637
92.377721786 3.587617 2.513362 0.000000 0.000000 0.000000 0.544708 0.838626
92.477380037 3.594802 2.531870 0.000000 0.000000 0.000000 0.545141 0.838344
92.527386665 3.597407 2.540537 0.000000 0.000000 0.000000 0.545438 0.838151
92.615924358 3.603847 2.552718 0.000000 0.000000 0.000000 0.545418 0.838164
92.672314167 3.607121 2.560475 0.000000 0.000000 0.000000 0.545583 0.838057
92.773890257 3.613785 2.576853 0.000000 0.000000 0.000000 0.545431 0.838156
92.833395958 3.617730 2.589196 0.000000 0.000000 0.000000 0.545409 0.838170
92.924817085 3.625683 2.605423 0.000000 0.000000 0.000000 0.545597 0.838048
92.988978386 3.631527 2.617882 0.000000 0.000000 0.000000 0.545417 0.838165
93.100240469 3.639150 2.635886 0.000000 0.000000 0.000000 0.545522 0.838097
93.152472734 3.644081 2.643145 0.000000 0.000000 0.000000 0.545641 0.838019
93.248969555 3.652418 2.659651 0.000000 0.000000 0.000000 0.545799 0.837916
93.302347898 3.656711 2.669841 0.000000 0.000000 0.000000 0.545633 0.838024
93.402684212 3.661306 2.684969 0.000000 0.000000 0.000000 0.545346 0.838211
93.454676867 3.664248 2.691232 0.000000 0.000000 0.000000 0.545335 0.838218
93.552758694 3.668541 2.705071 0.000000 0.000000 0.000000 0.545389 0.838183
93.613630056 3.672685 2.713634 0.000000 0.000000 0.000000 0.545746 0.837951
93.707502604 3.681566 2.728748 0.000000 0.000000 0.000000 0.545291 0.838247
93.764230251 3.686743 2.739060 0.000000 0.000000 0.000000 0.545032 0.838416
93.873910427 3.694686 2.757720 0.000000 0.000000 0.000000 0.545079 0.838385
93.914932251 3.700649 2.765650 0.000000 0.000000 0.000000 0.545169 0.838326
94.005584240 3.707867 2.781518 0.000000 0.000000 0.000000 0.545411 0.838169
94.060539484 3.711132 2.791553 0.000000 0.000000 0.000000 0.545287 0.838250
94.156020403 3.716043 2.808132 0.000000 0.000000 0.000000 0.545336 0.838217
94.210253716 3.720201 2.820047 0.000000 0.000000 0.000000 0.545550 0.838078
94.306135893 3.727912 2.835267 0.000000 0.000000 0.000000 0.545514 0.838102
94.372974396 3.733971 2.842733 0.000000 0.000000 0.000000 0.545074 0.838388
94.471097946 3.742098 2.858668 0.000000 0.000000 0.000000 0.545216 0.838295
94.529613972 3.748040 2.867895 0.000000 0.000000 0.000000 0.545167 0.838327
94.627149820 3.756160 2.885587 0.000000 0.000000 0.000000 0.544959 0.838463
94.671769142 3.758935 2.892053 0.000000 0.000000 0.000000 0.545095 0.838374
94.763330460 3.764516 2.908308 0.000000 0.000000 0.000000 0.545428 0.838158
94.822440624 3.769713 2.917463 0.000000 0.000000 0.000000 0.545780 0.837929
94.912670851 3.775226 2.931674 0.000000 0.000000 0.000000 0.546192 0.837660
94.978972197 3.780807 2.943251 0.000000 0.000000 0.000000 0.546131 0.837700
95.068254471 3.786871 2.959747 0.000000 0.000000 0.000000 0.545845 0.837886
95.123470068 3.792224 2.970385 0.000000 0.000000 0.000000 0.546126 0.837703
95.210581541 3.797552 2.986578 0.000000 0.000000 0.000000 0.546385 0.837534
95.261231899 3.800508 2.993981 0.000000 0.000000 0.000000 0.546214 0.837645
95.358219862 3.807890 3.008584 0.000000 0.000000 0.000000 0.546572 0.837412
95.405269146 3.810601 3.017948 0.000000 0.000000 0.000000 0.547026 0.837116
95.495450497 3.812856 3.019931 0.000000 0.000000 0.000000 0.546752 0.837295
95.556711435 3.811861 3.022195 0.000000 0.000000 0.000000 0.546773 0.837281
95.654532194 3.810558 3.022526 0.000000 0.000000 0.000000 0.546650 0.837361
95.718507051 3.809587 3.021668 0.000000 0.000000 0.000000 0.546633 0.837372
95.809733868 3.806739 3.019891 0.000000 0.000000 0.000000 0.546615 0.837384
95.869915009 3.804330 3.018467 0.000000 0.000000 0.000000 0.546625 0.837377
95.968504429 3.802260 3.018042 0.000000 0.000000 0.000000 0.546497 0.837461
96.013655424 3.801250 3.016982 0.000000 0.000000 0.000000 0.546012 0.837777
96.105460644 3.798635 3.016715 0.000000 0.000000 0.000000 0.546096 0.837723
96.151817083 3.798885 3.016803 0.000000 0.000000 0.000000 0.545854 0.837880
96.249305487 3.797746 3.015009 0.000000 0.000000 0.000000 0.545842 0.837888
96.313171148 3.795895 3.015959 0.000000 0.000000 0.000000 0.545761 0.837941
96.411842108 3.796271 3.016303 0.000000 0.000000 0.000000 0.545596 0.838048
96.483254194 3.796295 3.015889 0.000000 0.000000 0.000000 0.545492 0.838116
96.576039553 3.797354 3.014476 0.000000 0.000000 0.000000 0.545626 0.838029
96.634468794 3.799325 3.014377 0.000000 0.000000 0.000000 0.545524 0.838095
96.723625898 3.799860 3.013458 0.000000 0.000000 0.000000 0.545200 0.838306
96.781600475 3.795979 3.013079 0.000000 0.000000 0.000000 0.545086 0.838380
96.866395235 3.796273 3.012679 0.000000 0.000000 0.000000 0.544871 0.838520
96.921135187 3.795026 3.013257 0.000000 0.000000 0.000000 0.544897 0.838503
97.019036293 3.795998 3.015208 0.000000 0.000000 0.000000 0.545032 0.838415
97.060910940 3.796383 3.016131 0.000000 0.000000 0.000000 0.545210 0.838299
97.153807163 3.795259 3.022026 0.000000 0.000000 0.000000 0.545556 0.838074
97.211027622 3.795310 3.023727 0.000000 0.000000 0.000000 0.545299 0.838242
97.305245876 3.795495 3.022728 0.000000 0.000000 0.000000 0.545163 0.838330
97.364989996 3.794980 3.022936 0.000000 0.000000 0.000000 0.544820 0.838553
97.465471268 3.795606 3.020483 0.000000 0.000000 0.000000 0.545044 0.838408
97.531141281 3.797312 3.018415 0.000000 0.000000 0.000000 0.545546 0.838081
97.607466698 3.798781 3.017792 0.000000 0.000000 0.000000 0.545746 0.837951
97.670571327 3.798993 3.018343 0.000000 0.000000 0.000000 0.545849 0.837884
97.761371374 3.799337 3.017533 0.000000 0.000000 0.000000 0.546024 0.837770
97.826786518 3.798217 3.017146 0.000000 0.000000 0.000000 0.546596 0.837396
97.904732704 3.796349 3.018726 0.000000 0.000000 0.000000 0.546573 0.837412
97.972033739 3.795759 3.017924 0.000000 0.000000 0.000000 0.546618 0.837382
98.065672398 3.794003 3.017227 0.000000 0.000000 0.000000 0.546822 0.837249
98.120881319 3.793849 3.017764 0.000000 0.000000 0.000000 0.547061 0.837093
98.209275961 3.795184 3.018614 0.000000 0.000000 0.000000 0.547247 0.836971
98.266049623 3.796168 3.019898 0.000000 0.000000 0.000000 0.546911 0.837191
98.353181839 3.797339 3.021458 0.000000 0.000000 0.000000 0.546755 0.837293
98.403073549 3.799155 3.022574 0.000000 0.000000 0.000000 0.546754 0.837293
98.490382910 3.799579 3.023581 0.000000 0.000000 0.000000 0.546337 0.837566
98.542252064 3.800333 3.022367 0.000000 0.000000 0.000000 0.546122 0.837706
98.624454260 3.800331 3.023498 0.000000 0.000000 0.000000 0.545813 0.837907
98.685510397 3.798501 3.024373 0.000000 0.000000 0.000000 0.545884 0.837861
98.779605627 3.797507 3.023947 0.000000 0.000000 0.000000 0.545858 0.837877
98.838194609 3.797232 3.024944 0.000000 0.000000 0.000000 0.545837 0.837892
98.929908276 3.798223 3.026396 0.000000 0.000000 0.000000 0.545779 0.837929
98.986426353 3.797102 3.027620 0.000000 0.000000 0.000000 0.545371 0.838195
99.090990067 3.798727 3.028255 0.000000 0.000000 0.000000 0.545023 0.838421
99.137984037 3.798610 3.029185 0.000000 0.000000 0.000000 0.545030 0.838417
99.222180128 3.798387 3.029151 0.000000 0.000000 0.000000 0.545021 0.838423
99.274515629 3.799070 3.028327 0.000000 0.000000 0.000000 0.545521 0.838097
99.372492313 3.798099 3.025284 0.000000 0.000000 0.000000 0.545665 0.838003
99.430688858 3.798830 3.025382 0.000000 0.000000 0.000000 0.545655 0.838010
99.544572830 3.797907 3.028059 0.000000 0.000000 0.000000 0.545322 0.838227
99.586899042 3.798029 3.027994 0.000000 0.000000 0.000000 0.545167 0.838328
99.684531927 3.799318 3.027317 0.000000 0.000000 0.000000 0.545224 0.838290
99.732462883 3.798832 3.026091 0.000000 0.000000 0.000000 0.545535 0.838088
99.817482233 3.799948 3.026723 0.000000 0.000000 0.000000 0.545692 0.837986
99.865893364 3.799526 3.026689 0.000000 0.000000 0.000000 0.545932 0.837830
99.974117994 3.802028 3.027105 0.000000 0.000000 0.000000 0.545846 0.837885
100.008396149 3.800983 3.027015 0.000000 0.000000 0.000000 0.545996 0.837788
100.099959850 3.800037 3.028967 0.000000 0.000000 0.000000 0.546352 0.837555
100.157341719 3.799820 3.028309 0.000000 0.000000 0.000000 0.546176 0.837671
100.251402378 3.798770 3.029513 0.000000 0.000000 0.000000 0.546393 0.837529
100.296842813 3.799702 3.030841 0.000000 0.000000 0.000000 0.546521 0.837446
100.386153460 3.799455 3.033935 0.000000 0.000000 0.000000 0.546370 0.837544
100.438560963 3.803946 3.031515 0.000000 0.000000 0.000000 0.546575 0.837410
100.523025513 3.805014 3.034894 0.000000 0.000000 0.000000 0.546600 0.837394
100.578892708 3.804192 3.036250 0.000000 0.000000 0.000000 0.546581 0.837407
100.666844606 3.802376 3.036835 0.000000 0.000000 0.000000 0.546310 0.837583
100.717916250 3.801320 3.039024 0.000000 0.000000 0.000000 0.546253 0.837620
100.814438343 3.800970 3.040040 0.000000 0.000000 0.000000 0.546209 0.837649
100.859156370 3.799303 3.041248 0.000000 0.000000 0.000000 0.546670 0.837348
100.952885628 3.797689 3.040305 0.000000 0.000000 0.000000 0.546712 0.837321
101.000487804 3.798519 3.042202 0.000000 0.000000 0.000000 0.546385 0.837534
101.085479736 3.797720 3.040358 0.000000 0.000000 0.000000 0.546590 0.837400
101.136031866 3.798715 3.040834 0.000000 0.000000 0.000000 0.546807 0.837258
101.229514122 3.797254 3.039706 0.000000 0.000000 0.000000 0.546648 0.837362
101.274351120 3.796394 3.038760 0.000000 0.000000 0.000000 0.546752 0.837295
101.373620749 3.797628 3.036321 0.000000 0.000000 0.000000 0.546733 0.837307
101.426921129 3.797949 3.034451 0.000000 0.000000 0.000000 0.546943 0.837170
101.521782160 3.799423 3.030670 0.000000 0.000000 0.000000 0.546820 0.837250
101.570658922 3.798731 3.029647 0.000000 0.000000 0.000000 0.547036 0.837109
101.657437325 3.798523 3.029411 0.000000 0.000000 0.000000 0.546800 0.837263
101.713495970 3.797084 3.029736 0.000000 0.000000 0.000000 0.546725 0.837312
101.799236774 3.796180 3.028706 0.000000 0.000000 0.000000 0.547188 0.837009
101.849389791 3.798652 3.028396 0.000000 0.000000 0.000000 0.547433 0.836850
101.945839167 3.800316 3.027159 0.000000 0.000000 0.000000 0.547416 0.836861
101.999189854 3.799234 3.028062 0.000000 0.000000 0.000000 0.547622 0.836726
102.086042404 3.799149 3.028545 0.000000 0.000000 0.000000 0.547636 0.836716
102.136522293 3.797428 3.029494 0.000000 0.000000 0.000000 0.547778 0.836624
102.221495152 3.799358 3.028355 0.000000 0.000000 0.000000 0.548038 0.836453
102.276251078 3.799454 3.027709 0.000000 0.000000 0.000000 0.548073 0.836431
102.367645025 3.799151 3.028307 0.000000 0.000000 0.000000 0.548088 0.836421
102.423708200 3.799200 3.029742 0.000000 0.000000 0.000000 0.548217 0.836336
102.525077105 3.800097 3.029087 0.000000 0.000000 0.000000 0.548434 0.836194
102.574762106 3.799333 3.029590 0.000000 0.000000 0.000000 0.548606 0.836081
102.674291134 3.800198 3.027915 0.000000 0.000000 0.000000 0.548563 0.836109
