56.000000000 0.002545 0.999075 0.000000 0.000000 0.000000 0.001082 0.999999
56.092626333 0.002272 0.998873 0.000000 0.000000 0.000000 -0.002131 0.999998
56.136488199 0.002802 0.999039 0.000000 0.000000 0.000000 -0.004100 0.999992
56.234569073 0.002299 0.999144 0.000000 0.000000 0.000000 -0.005105 0.999987
56.291095257 0.002850 1.000113 0.000000 0.000000 0.000000 -0.005637 0.999984
56.384810448 0.002408 1.000176 0.000000 0.000000 0.000000 -0.006226 0.999981
56.432573795 0.003423 1.000299 0.000000 0.000000 0.000000 -0.006301 0.999980
56.517774343 0.004028 0.999821 0.000000 0.000000 0.000000 -0.006738 0.999977
56.566277504 0.003044 1.000134 0.000000 0.000000 0.000000 -0.006892 0.999976
56.658776283 0.002979 1.000585 0.000000 0.000000 0.000000 -0.006910 0.999976
56.719421625 0.003025 0.999673 0.000000 0.000000 0.000000 -0.006954 0.999976
56.806190968 0.002243 0.998359 0.000000 0.000000 0.000000 -0.005999 0.999982
56.859033823 0.001973 0.997948 0.000000 0.000000 0.000000 -0.005990 0.999982
56.956225157 0.001603 0.997952 0.000000 0.000000 0.000000 -0.006051 0.999982
56.992516994 0.002262 0.998258 0.000000 0.000000 0.000000 -0.006010 0.999982
57.085117579 0.002104 0.998284 0.000000 0.000000 0.000000 -0.006050 0.999982
57.135342836 0.002521 0.998899 0.000000 0.000000 0.000000 -0.006359 0.999980
57.226917267 0.002526 0.998699 0.000000 0.000000 0.000000 -0.006414 0.999979
57.280653477 0.002740 0.997969 0.000000 0.000000 0.000000 -0.006569 0.999978
57.376023293 0.002216 0.998661 0.000000 0.000000 0.000000 -0.006691 0.999978
57.421943903 0.002090 0.999294 0.000000 0.000000 0.000000 -0.006878 0.999976
57.506844759 0.002329 0.998524 0.000000 0.000000 0.000000 -0.006828 0.999977
57.561612844 0.002248 0.998890 0.000000 0.000000 0.000000 -0.006736 0.999977
57.661116600 0.001925 0.998689 0.000000 0.000000 0.000000 -0.006593 0.999978
57.713097334 0.001525 0.999058 0.000000 0.000000 0.000000 -0.006641 0.999978
57.818692207 0.001368 0.998878 0.000000 0.000000 0.000000 -0.006770 0.999977
57.857132435 0.001028 0.999313 0.000000 0.000000 0.000000 -0.006954 0.999976
57.942367077 0.001404 0.999183 0.000000 0.000000 0.000000 -0.006993 0.999976
57.993121147 0.001571 0.999891 0.000000 0.000000 0.000000 -0.007028 0.999975
58.084053516 0.001925 0.999961 0.000000 0.000000 0.000000 -0.006981 0.999976
58.134043932 0.001504 1.000059 0.000000 0.000000 0.000000 -0.007019 0.999975
58.226578236 0.001208 0.999838 0.000000 0.000000 0.000000 -0.007075 0.999975
58.278188705 0.000928 1.000038 0.000000 0.000000 0.000000 -0.007134 0.999975
58.375108480 0.002101 1.000082 0.000000 0.000000 0.000000 -0.007136 0.999975
58.432198524 0.001958 1.000622 0.000000 0.000000 0.000000 -0.007009 0.999975
58.513686180 0.001782 1.001084 0.000000 0.000000 0.000000 -0.007056 0.999975
58.577755451 0.002722 1.001901 0.000000 0.000000 0.000000 -0.007169 0.999974
58.663658381 0.002775 1.002207 0.000000 0.000000 0.000000 -0.007254 0.999974
58.721382856 0.003118 1.000622 0.000000 0.000000 0.000000 -0.007307 0.999973
58.811643362 0.003229 0.999944 0.000000 0.000000 0.000000 -0.007359 0.999973
58.859117508 0.004384 0.999623 0.000000 0.000000 0.000000 -0.007400 0.999973
58.954252720 0.004804 0.999414 0.000000 0.000000 0.000000 -0.007577 0.999971
59.016629219 0.004134 0.999582 0.000000 0.000000 0.000000 -0.007893 0.999969
59.106379747 0.003695 0.998442 0.000000 0.000000 0.000000 -0.008114 0.999967
59.158839226 0.003767 0.998357 0.000000 0.000000 0.000000 -0.008175 0.999967
59.239713192 0.002866 0.997817 0.000000 0.000000 0.000000 -0.008383 0.999965
59.295119047 0.002874 0.997418 0.000000 0.000000 0.000000 -0.008496 0.999964
59.400145054 0.002358 0.997645 0.000000 0.000000 0.000000 -0.008577 0.999963
59.447155952 0.003230 0.997568 0.000000 0.000000 0.000000 -0.008616 0.999963
59.543852329 0.002809 0.997260 0.000000 0.000000 0.000000 -0.008443 0.999964
59.590034962 0.003248 0.997205 0.000000 0.000000 0.000000 -0.008564 0.999963
59.665421247 0.002473 0.996555 0.000000 0.000000 0.000000 -0.009033 0.999959
59.720851421 0.002829 0.995955 0.000000 0.000000 0.000000 -0.008868 0.999961
59.805132151 0.003154 0.996614 0.000000 0.000000 0.000000 -0.008932 0.999960
59.860359430 0.002742 0.997645 0.000000 0.000000 0.000000 -0.008930 0.999960
59.957119226 0.003081 0.998114 0.000000 0.000000 0.000000 -0.009051 0.999959
60.005816936 0.003448 0.998286 0.000000 0.000000 0.000000 -0.009060 0.999959
60.089397669 0.004449 0.998064 0.000000 0.000000 0.000000 -0.009213 0.999958
60.138172865 0.004842 0.997622 0.000000 0.000000 0.000000 -0.009178 0.999958
60.220950127 0.004268 0.997437 0.000000 0.000000 0.000000 -0.009371 0.999956
60.272440672 0.004307 0.996522 0.000000 0.000000 0.000000 -0.009543 0.999954
60.365985632 0.003633 0.996344 0.000000 0.000000 0.000000 -0.009518 0.999955
60.419920921 0.003612 0.996720 0.000000 0.000000 0.000000 -0.009567 0.999954
60.517887354 0.003278 0.996707 0.000000 0.000000 0.000000 -0.009857 0.999951
60.576246977 0.003781 0.996543 0.000000 0.000000 0.000000 -0.010065 0.999949
60.661265135 0.004350 0.997880 0.000000 0.000000 0.000000 -0.009988 0.999950
60.720116138 0.004348 0.997338 0.000000 0.000000 0.000000 -0.009885 0.999951
60.806773424 0.004296 0.996351 0.000000 0.000000 0.000000 -0.010167 0.999948
60.856551170 0.005332 0.996076 0.000000 0.000000 0.000000 -0.009839 0.999952
60.954911470 0.005420 0.995959 0.000000 0.000000 0.000000 -0.009811 0.999952
61.012297630 0.005806 0.996480 0.000000 0.000000 0.000000 -0.009712 0.999953
61.109639168 0.006942 0.996741 0.000000 0.000000 0.000000 -0.009812 0.999952
61.157109976 0.006379 0.996606 0.000000 0.000000 0.000000 -0.009876 0.999951
61.239634752 0.006708 0.995865 0.000000 0.000000 0.000000 -0.009920 0.999951
61.291578770 0.006054 0.995912 0.000000 0.000000 0.000000 -0.009839 0.999952
61.377224922 0.006041 0.995722 0.000000 0.000000 0.000000 -0.010050 0.999950
61.424571276 0.006526 0.995862 0.000000 0.000000 0.000000 -0.010182 0.999948
61.517945051 0.006973 0.995746 0.000000 0.000000 0.000000 -0.010113 0.999949
61.571182013 0.006475 0.996150 0.000000 0.000000 0.000000 -0.010010 0.999950
61.674693108 0.007074 0.996038 0.000000 0.000000 0.000000 -0.010036 0.999950
61.731230259 0.006672 0.995580 0.000000 0.000000 0.000000 -0.010123 0.999949
61.823836803 0.006516 0.995881 0.000000 0.000000 0.000000 -0.010306 0.999947
61.867137194 0.006259 0.995059 0.000000 0.000000 0.000000 -0.010293 0.999947
61.957184315 0.006329 0.995269 0.000000 0.000000 0.000000 -0.010324 0.999947
62.007257462 0.006469 0.995367 0.000000 0.000000 0.000000 -0.010550 0.999944
62.096065044 0.006307 0.995127 0.000000 0.000000 0.000000 -0.010709 0.999943
62.149833441 0.007128 0.994208 0.000000 0.000000 0.000000 -0.010584 0.999944
62.231528997 0.022798 0.993422 0.000000 0.000000 0.000000 -0.010784 0.999942
62.288254261 0.034235 0.992732 0.000000 0.000000 0.000000 -0.010956 0.999940
62.372793436 0.051193 0.992509 0.000000 0.000000 0.000000 -0.010985 0.999940
62.437046528 0.063438 0.992128 0.000000 0.000000 0.000000 -0.011170 0.999938
62.518205643 0.079733 0.991358 0.000000 0.000000 0.000000 -0.011169 0.999938
62.573649645 0.090958 0.991835 0.000000 0.000000 0.000000 -0.011348 0.999936
62.658019066 0.107598 0.990820 0.000000 0.000000 0.000000 -0.011392 0.999935
62.708748341 0.116781 0.990134 0.000000 0.000000 0.000000 -0.011562 0.999933
62.802901506 0.135309 0.989623 0.000000 0.000000 0.000000 -0.011532 0.999934
62.862125397 0.147812 0.989173 0.000000 0.000000 0.000000 -0.011657 0.999932
62.944721937 0.164208 0.988895 0.000000 0.000000 0.000000 -0.011507 0.999934
63.001682520 0.175389 0.988565 0.000000 0.000000 0.000000 -0.011720 0.999931
63.096352816 0.194997 0.989021 0.000000 0.000000 0.000000 -0.011595 0.999933
63.140980959 0.204045 0.988040 0.000000 0.000000 0.000000 -0.011556 0.999933
63.224403381 0.220897 0.987305 0.000000 0.000000 0.000000 -0.011633 0.999932
63.278097630 0.231320 0.987620 0.000000 0.000000 0.000000 -0.011545 0.999933
63.378735542 0.250993 0.987313 0.000000 0.000000 0.000000 -0.011577 0.999933
63.429337263 0.260840 0.986033 0.000000 0.000000 0.000000 -0.011658 0.999932
63.507558107 0.276385 0.985218 0.000000 0.000000 0.000000 -0.011726 0.999931
63.561244726 0.286605 0.985481 0.000000 0.000000 0.000000 -0.011707 0.999931
63.651183605 0.304942 0.984871 0.000000 0.000000 0.000000 -0.011829 0.999930
63.722069025 0.318682 0.984682 0.000000 0.000000 0.000000 -0.011767 0.999931
63.818211794 0.337070 0.984380 0.000000 0.000000 0.000000 -0.011854 0.999930
63.867984533 0.345899 0.983396 0.000000 0.000000 0.000000 -0.011903 0.999929
63.954170942 0.363269 0.982696 0.000000 0.000000 0.000000 -0.011881 0.999929
64.007827759 0.373794 0.982142 0.000000 0.000000 0.000000 -0.012277 0.999925
64.098969221 0.392325 0.981882 0.000000 0.000000 0.000000 -0.012263 0.999925
64.150251389 0.402999 0.981037 0.000000 0.000000 0.000000 -0.012222 0.999925
64.240028858 0.420199 0.979561 0.000000 0.000000 0.000000 -0.012114 0.999927
64.291742325 0.430146 0.978652 0.000000 0.000000 0.000000 -0.012073 0.999927
64.384911537 0.448914 0.977481 0.000000 0.000000 0.000000 -0.012147 0.999926
64.438662767 0.458771 0.977850 0.000000 0.000000 0.000000 -0.012103 0.999927
64.529100657 0.476684 0.976840 0.000000 0.000000 0.000000 -0.012324 0.999924
64.581606388 0.486071 0.976875 0.000000 0.000000 0.000000 -0.012224 0.999925
64.666499376 0.502590 0.976551 0.000000 0.000000 0.000000 -0.012150 0.999926
64.719514608 0.513818 0.976336 0.000000 0.000000 0.000000 -0.012001 0.999928
64.801486015 0.529098 0.976590 0.000000 0.000000 0.000000 -0.012045 0.999927
64.853920698 0.540314 0.976373 0.000000 0.000000 0.000000 -0.012047 0.999927
64.943417788 0.557505 0.975736 0.000000 0.000000 0.000000 -0.012005 0.999928
64.995023489 0.567961 0.976739 0.000000 0.000000 0.000000 -0.011955 0.999929
65.076430798 0.583952 0.975477 0.000000 0.000000 0.000000 -0.012063 0.999927
65.137303352 0.595532 0.975048 0.000000 0.000000 0.000000 -0.012120 0.999927
65.235720634 0.613841 0.975032 0.000000 0.000000 0.000000 -0.012392 0.999923
65.286878586 0.624028 0.975852 0.000000 0.000000 0.000000 -0.012443 0.999923
65.388996363 0.643139 0.974281 0.000000 0.000000 0.000000 -0.012283 0.999925
65.443364143 0.652996 0.973495 0.000000 0.000000 0.000000 -0.012238 0.999925
65.533442974 0.670227 0.973357 0.000000 0.000000 0.000000 -0.012129 0.999926
65.583643198 0.679181 0.973553 0.000000 0.000000 0.000000 -0.012176 0.999926
65.666572094 0.695425 0.973293 0.000000 0.000000 0.000000 -0.012251 0.999925
65.718314648 0.705799 0.971926 0.000000 0.000000 0.000000 -0.012089 0.999927
65.813969851 0.724756 0.972405 0.000000 0.000000 0.000000 -0.011965 0.999928
65.860479355 0.734438 0.971837 0.000000 0.000000 0.000000 -0.012007 0.999928
65.949100494 0.751602 0.971722 0.000000 0.000000 0.000000 -0.012010 0.999928
66.006313324 0.762577 0.971987 0.000000 0.000000 0.000000 -0.012135 0.999926
66.091695070 0.778555 0.971697 0.000000 0.000000 0.000000 -0.012041 0.999927
66.150105000 0.790241 0.971594 0.000000 0.000000 0.000000 -0.012182 0.999926
66.245607138 0.809438 0.971247 0.000000 0.000000 0.000000 -0.012209 0.999925
66.289936066 0.817998 0.969962 0.000000 0.000000 0.000000 -0.012296 0.999924
66.374847174 0.834801 0.969390 0.000000 0.000000 0.000000 -0.012226 0.999925
66.427448988 0.845585 0.969517 0.000000 0.000000 0.000000 -0.012131 0.999926
66.515174389 0.862817 0.969271 0.000000 0.000000 0.000000 -0.012095 0.999927
66.565155268 0.872566 0.969312 0.000000 0.000000 0.000000 -0.012147 0.999926
66.668905973 0.893020 0.968684 0.000000 0.000000 0.000000 -0.012209 0.999925
66.720251560 0.903134 0.967986 0.000000 0.000000 0.000000 -0.012285 0.999925
66.818524122 0.922620 0.967585 0.000000 0.000000 0.000000 -0.012369 0.999923
66.862034321 0.930843 0.967290 0.000000 0.000000 0.000000 -0.012313 0.999924
66.948162079 0.947110 0.967293 0.000000 0.000000 0.000000 -0.012211 0.999925
66.998103142 0.956976 0.966797 0.000000 0.000000 0.000000 -0.012350 0.999924
67.100195885 0.976885 0.968017 0.000000 0.000000 0.000000 -0.012372 0.999923
67.157076359 0.987383 0.968206 0.000000 0.000000 0.000000 -0.012396 0.999923
67.269846916 1.009368 0.966395 0.000000 0.000000 0.000000 -0.012445 0.999923
67.325706720 1.020297 0.965832 0.000000 0.000000 0.000000 -0.012466 0.999922
67.417520761 1.038614 0.965491 0.000000 0.000000 0.000000 -0.012495 0.999922
67.475314379 1.049997 0.965561 0.000000 0.000000 0.000000 -0.012617 0.999920
67.587245464 1.072295 0.965493 0.000000 0.000000 0.000000 -0.012650 0.999920
67.657504320 1.086508 0.965607 0.000000 0.000000 0.000000 -0.012660 0.999920
67.744100571 1.103627 0.964987 0.000000 0.000000 0.000000 -0.012806 0.999918
67.809964418 1.116556 0.964863 0.000000 0.000000 0.000000 -0.012958 0.999916
67.907867193 1.136597 0.964215 0.000000 0.000000 0.000000 -0.013091 0.999914
67.955658197 1.146589 0.964134 0.000000 0.000000 0.000000 -0.013059 0.999915
68.043772697 1.163522 0.964651 0.000000 0.000000 0.000000 -0.013172 0.999913
68.092056751 1.173159 0.964311 0.000000 0.000000 0.000000 -0.013234 0.999912
68.198954105 1.194592 0.963599 0.000000 0.000000 0.000000 -0.013293 0.999912
68.239401817 1.201969 0.963470 0.000000 0.000000 0.000000 -0.013293 0.999912
68.334116697 1.219779 0.962938 0.000000 0.000000 0.000000 -0.013422 0.999910
68.393169165 1.231118 0.963254 0.000000 0.000000 0.000000 -0.013296 0.999912
68.488315105 1.249509 0.962927 0.000000 0.000000 0.000000 -0.013186 0.999913
68.548655272 1.261505 0.963486 0.000000 0.000000 0.000000 -0.012926 0.999916
68.628951550 1.276711 0.963241 0.000000 0.000000 0.000000 -0.012804 0.999918
68.688163757 1.288332 0.962934 0.000000 0.000000 0.000000 -0.012632 0.999920
68.771270037 1.304317 0.962682 0.000000 0.000000 0.000000 -0.012816 0.999918
68.824939728 1.314617 0.963206 0.000000 0.000000 0.000000 -0.012810 0.999918
68.927378178 1.335710 0.963149 0.000000 0.000000 0.000000 -0.012856 0.999917
68.988554239 1.348134 0.962251 0.000000 0.000000 0.000000 -0.013012 0.999915
69.091393948 1.368150 0.962118 0.000000 0.000000 0.000000 -0.013156 0.999913
69.142657280 1.377980 0.961119 0.000000 0.000000 0.000000 -0.013114 0.999914
69.226943970 1.394203 0.959658 0.000000 0.000000 0.000000 -0.013177 0.999913
69.291504383 1.406891 0.959231 0.000000 0.000000 0.000000 -0.013364 0.999911
69.395749092 1.427061 0.958873 0.000000 0.000000 0.000000 -0.013136 0.999914
69.444655418 1.436531 0.958925 0.000000 0.000000 0.000000 -0.013404 0.999910
69.543005466 1.456401 0.957663 0.000000 0.000000 0.000000 -0.013457 0.999909
69.595045090 1.466215 0.957230 0.000000 0.000000 0.000000 -0.013489 0.999909
69.695927858 1.486373 0.956366 0.000000 0.000000 0.000000 -0.013444 0.999910
69.753221989 1.496911 0.957177 0.000000 0.000000 0.000000 -0.013354 0.999911
69.852281094 1.516478 0.957724 0.000000 0.000000 0.000000 -0.013380 0.999910
69.909631014 1.528553 0.957912 0.000000 0.000000 0.000000 -0.013477 0.999909
70.003495455 1.547224 0.957100 0.000000 0.000000 0.000000 -0.013541 0.999908
70.055417776 1.558571 0.957856 0.000000 0.000000 0.000000 -0.013552 0.999908
70.137858391 1.575187 0.956771 0.000000 0.000000 0.000000 -0.013416 0.999910
70.199167728 1.587958 0.957261 0.000000 0.000000 0.000000 -0.013469 0.999909
70.302878618 1.607957 0.956688 0.000000 0.000000 0.000000 -0.013364 0.999911
70.369396687 1.621255 0.956800 0.000000 0.000000 0.000000 -0.013356 0.999911
70.461210728 1.640194 0.956434 0.000000 0.000000 0.000000 -0.013382 0.999910
70.509778738 1.649513 0.956167 0.000000 0.000000 0.000000 -0.013259 0.999912
70.599387646 1.665976 0.956440 0.000000 0.000000 0.000000 -0.013354 0.999911
70.656033039 1.677487 0.956057 0.000000 0.000000 0.000000 -0.012973 0.999916
70.768153429 1.698839 0.955960 0.000000 0.000000 0.000000 -0.012763 0.999919
70.815999985 1.708275 0.956453 0.000000 0.000000 0.000000 -0.013135 0.999914
70.900581121 1.724937 0.955903 0.000000 0.000000 0.000000 -0.013084 0.999914
70.955633402 1.735282 0.956084 0.000000 0.000000 0.000000 -0.013361 0.999911
71.042252779 1.751833 0.956163 0.000000 0.000000 0.000000 -0.013048 0.999915
71.103641987 1.764520 0.956573 0.000000 0.000000 0.000000 -0.013118 0.999914
71.186776161 1.782354 0.956274 0.000000 0.000000 0.000000 -0.012946 0.999916
71.250498533 1.794484 0.955031 0.000000 0.000000 0.000000 -0.013120 0.999914
71.341936827 1.799456 0.954679 0.000000 0.000000 0.000000 -0.004162 0.999991
71.393325806 1.801954 0.954557 0.000000 0.000000 0.000000 0.000975 1.000000
71.487019539 1.805801 0.954587 0.000000 0.000000 0.000000 0.010442 0.999945
71.537977695 1.808156 0.954917 0.000000 0.000000 0.000000 0.015603 0.999878
71.626116753 1.812546 0.954908 0.000000 0.000000 0.000000 0.024279 0.999705
71.682151079 1.814690 0.955362 0.000000 0.000000 0.000000 0.029961 0.999551
71.763496399 1.818869 0.955433 0.000000 0.000000 0.000000 0.037871 0.999283
71.820455313 1.821143 0.955633 0.000000 0.000000 0.000000 0.043550 0.999051
71.918866396 1.825913 0.956478 0.000000 0.000000 0.000000 0.053397 0.998573
71.975845575 1.828781 0.956456 0.000000 0.000000 0.000000 0.059061 0.998254
72.068582535 1.833819 0.957149 0.000000 0.000000 0.000000 0.068370 0.997660
72.122643709 1.836362 0.958020 0.000000 0.000000 0.000000 0.073724 0.997279
72.217851877 1.854284 0.960921 0.000000 0.000000 0.000000 0.073895 0.997266
72.265589714 1.863656 0.962800 0.000000 0.000000 0.000000 0.073832 0.997271
72.354194641 1.879905 0.965847 0.000000 0.000000 0.000000 0.074122 0.997249
72.403216600 1.889173 0.967356 0.000000 0.000000 0.000000 0.074269 0.997238
72.504085302 1.908136 0.971111 0.000000 0.000000 0.000000 0.074262 0.997239
72.559812546 1.919009 0.972282 0.000000 0.000000 0.000000 0.074338 0.997233
72.641114473 1.934832 0.974895 0.000000 0.000000 0.000000 0.074452 0.997225
72.695553064 1.946065 0.976145 0.000000 0.000000 0.000000 0.074427 0.997226
72.784453154 1.963132 0.978617 0.000000 0.000000 0.000000 0.074202 0.997243
72.839464188 1.965556 0.978890 0.000000 0.000000 0.000000 0.079765 0.996814
72.931765556 1.969655 0.979181 0.000000 0.000000 0.000000 0.088913 0.996039
72.986810684 1.972046 0.979579 0.000000 0.000000 0.000000 0.094265 0.995547
73.071648121 1.975705 0.980808 0.000000 0.000000 0.000000 0.102643 0.994718
73.129702330 1.978311 0.981104 0.000000 0.000000 0.000000 0.108264 0.994122
73.227200508 1.982175 0.982439 0.000000 0.000000 0.000000 0.117746 0.993044
73.271549940 1.984622 0.983329 0.000000 0.000000 0.000000 0.122201 0.992505
73.365193605 2.002272 0.987862 0.000000 0.000000 0.000000 0.122357 0.992486
73.410813332 2.010906 0.990409 0.000000 0.000000 0.000000 0.122213 0.992504
73.495560646 2.027205 0.994272 0.000000 0.000000 0.000000 0.122287 0.992495
73.549853325 2.038004 0.996832 0.000000 0.000000 0.000000 0.122112 0.992516
73.635336399 2.054763 1.000883 0.000000 0.000000 0.000000 0.121974 0.992533
73.700213671 2.066784 1.002890 0.000000 0.000000 0.000000 0.122001 0.992530
73.794411182 2.084702 1.007160 0.000000 0.000000 0.000000 0.122040 0.992525
73.851395130 2.095754 1.009693 0.000000 0.000000 0.000000 0.122114 0.992516
73.934927464 2.111691 1.013684 0.000000 0.000000 0.000000 0.122095 0.992518
73.994324923 2.114764 1.014852 0.000000 0.000000 0.000000 0.127821 0.991797
74.076428652 2.117832 1.015800 0.000000 0.000000 0.000000 0.135837 0.990731
74.138641834 2.121033 1.016416 0.000000 0.000000 0.000000 0.141864 0.989886
74.232690811 2.125648 1.018573 0.000000 0.000000 0.000000 0.151126 0.988515
74.284757137 2.127949 1.019199 0.000000 0.000000 0.000000 0.156476 0.987682
74.368963718 2.131514 1.020797 0.000000 0.000000 0.000000 0.164497 0.986378
74.424954653 2.133553 1.021501 0.000000 0.000000 0.000000 0.170009 0.985442
74.512892008 2.137674 1.023083 0.000000 0.000000 0.000000 0.178851 0.983876
74.568120718 2.146923 1.026864 0.000000 0.000000 0.000000 0.178809 0.983884
74.659038782 2.163563 1.033634 0.000000 0.000000 0.000000 0.178796 0.983886
74.720528126 2.175149 1.037483 0.000000 0.000000 0.000000 0.178695 0.983905
74.807915449 2.190806 1.043831 0.000000 0.000000 0.000000 0.178869 0.983873
74.867791891 2.201071 1.047893 0.000000 0.000000 0.000000 0.178823 0.983881
74.956265450 2.218095 1.053824 0.000000 0.000000 0.000000 0.178817 0.983882
75.006022692 2.227444 1.057234 0.000000 0.000000 0.000000 0.178703 0.983903
75.093890429 2.244193 1.063811 0.000000 0.000000 0.000000 0.178941 0.983860
75.151803017 2.255055 1.068180 0.000000 0.000000 0.000000 0.178946 0.983859
75.237923384 2.270530 1.073933 0.000000 0.000000 0.000000 0.178899 0.983867
75.289012432 2.279470 1.076064 0.000000 0.000000 0.000000 0.179095 0.983832
75.377345324 2.295391 1.081660 0.000000 0.000000 0.000000 0.179031 0.983843
75.433693886 2.305917 1.084974 0.000000 0.000000 0.000000 0.179109 0.983829
75.537194490 2.325301 1.091485 0.000000 0.000000 0.000000 0.179083 0.983834
75.586070776 2.334041 1.094979 0.000000 0.000000 0.000000 0.179144 0.983823
75.689361572 2.353660 1.102405 0.000000 0.000000 0.000000 0.179061 0.983838
75.744805098 2.363798 1.106669 0.000000 0.000000 0.000000 0.178955 0.983857
75.826009274 2.378734 1.112195 0.000000 0.000000 0.000000 0.179065 0.983837
75.899021864 2.381900 1.113116 0.000000 0.000000 0.000000 0.186041 0.982542
75.992537260 2.386251 1.115117 0.000000 0.000000 0.000000 0.195092 0.980785
76.056124210 2.389236 1.116786 0.000000 0.000000 0.000000 0.201399 0.979509
76.141805172 2.392862 1.118557 0.000000 0.000000 0.000000 0.209659 0.977774
76.196712971 2.394998 1.119484 0.000000 0.000000 0.000000 0.215006 0.976613
76.279946327 2.398226 1.121091 0.000000 0.000000 0.000000 0.223210 0.974770
76.336917877 2.401626 1.122076 0.000000 0.000000 0.000000 0.228632 0.973513
76.431858301 2.406335 1.124454 0.000000 0.000000 0.000000 0.237957 0.971276
76.487337351 2.415303 1.130051 0.000000 0.000000 0.000000 0.238179 0.971221
76.576975346 2.429600 1.137852 0.000000 0.000000 0.000000 0.238491 0.971145
76.635664701 2.439549 1.143904 0.000000 0.000000 0.000000 0.238581 0.971123
76.736702204 2.457558 1.153503 0.000000 0.000000 0.000000 0.238585 0.971122
76.784813404 2.465510 1.158688 0.000000 0.000000 0.000000 0.238614 0.971115
76.872728825 2.480745 1.166425 0.000000 0.000000 0.000000 0.238528 0.971136
76.940669060 2.493260 1.173417 0.000000 0.000000 0.000000 0.238638 0.971109
77.039191484 2.510530 1.183735 0.000000 0.000000 0.000000 0.238173 0.971223
77.091496944 2.519975 1.189248 0.000000 0.000000 0.000000 0.238172 0.971223
77.178045034 2.523566 1.190811 0.000000 0.000000 0.000000 0.246446 0.969157
77.233334064 2.525761 1.192590 0.000000 0.000000 0.000000 0.251762 0.967789
77.321522951 2.529409 1.196046 0.000000 0.000000 0.000000 0.260142 0.965570
77.385615587 2.530899 1.197932 0.000000 0.000000 0.000000 0.266330 0.963882
77.482558012 2.547109 1.207008 0.000000 0.000000 0.000000 0.266400 0.963863
77.535058022 2.556198 1.212531 0.000000 0.000000 0.000000 0.266513 0.963831
77.635596514 2.573081 1.222453 0.000000 0.000000 0.000000 0.266292 0.963892
77.687636852 2.581954 1.227239 0.000000 0.000000 0.000000 0.266083 0.963950
77.783472538 2.597572 1.237214 0.000000 0.000000 0.000000 0.266206 0.963916
77.833787918 2.606130 1.242262 0.000000 0.000000 0.000000 0.266493 0.963837
77.940711260 2.623916 1.253206 0.000000 0.000000 0.000000 0.266595 0.963809
77.985099792 2.631618 1.257480 0.000000 0.000000 0.000000 0.266449 0.963849
78.074628830 2.646519 1.267069 0.000000 0.000000 0.000000 0.266626 0.963800
78.126539230 2.655707 1.272803 0.000000 0.000000 0.000000 0.266658 0.963791
78.225707769 2.659820 1.274379 0.000000 0.000000 0.000000 0.275956 0.961170
78.287621975 2.661950 1.276581 0.000000 0.000000 0.000000 0.281721 0.959496
78.371752024 2.675948 1.285201 0.000000 0.000000 0.000000 0.281671 0.959511
78.425225496 2.684223 1.290326 0.000000 0.000000 0.000000 0.281791 0.959476
78.525620699 2.700677 1.300841 0.000000 0.000000 0.000000 0.281716 0.959498
78.588539600 2.711406 1.307897 0.000000 0.000000 0.000000 0.281732 0.959493
78.670593977 2.724105 1.316853 0.000000 0.000000 0.000000 0.281783 0.959478
78.735427380 2.734473 1.323679 0.000000 0.000000 0.000000 0.281793 0.959475
78.827690363 2.748832 1.333236 0.000000 0.000000 0.000000 0.281620 0.959526
78.889282465 2.758342 1.340335 0.000000 0.000000 0.000000 0.281575 0.959539
78.986895561 2.774975 1.350847 0.000000 0.000000 0.000000 0.281569 0.959541
79.038242817 2.783060 1.355919 0.000000 0.000000 0.000000 0.281436 0.959580
79.133278370 2.787098 1.358298 0.000000 0.000000 0.000000 0.290599 0.956845
79.188038111 2.789158 1.358688 0.000000 0.000000 0.000000 0.295610 0.955309
79.274859905 2.793221 1.361729 0.000000 0.000000 0.000000 0.303850 0.952720
79.325020790 2.800916 1.366085 0.000000 0.000000 0.000000 0.303949 0.952688
79.419587612 2.815836 1.376508 0.000000 0.000000 0.000000 0.303861 0.952716
79.476016521 2.824563 1.383022 0.000000 0.000000 0.000000 0.303701 0.952767
79.572896481 2.839924 1.393600 0.000000 0.000000 0.000000 0.303646 0.952785
79.625355482 2.849162 1.400318 0.000000 0.000000 0.000000 0.303607 0.952797
79.715934038 2.863223 1.410857 0.000000 0.000000 0.000000 0.303797 0.952737
79.766192913 2.871046 1.416547 0.000000 0.000000 0.000000 0.303758 0.952749
79.851100206 2.884499 1.426797 0.000000 0.000000 0.000000 0.303725 0.952760
79.911969662 2.895677 1.433673 0.000000 0.000000 0.000000 0.303742 0.952754
80.005322218 2.910098 1.443965 0.000000 0.000000 0.000000 0.303701 0.952768
80.049822092 2.916886 1.449823 0.000000 0.000000 0.000000 0.303673 0.952776
80.144307137 2.932359 1.460965 0.000000 0.000000 0.000000 0.303403 0.952862
80.194717646 2.940603 1.466142 0.000000 0.000000 0.000000 0.303257 0.952909
80.283586025 2.944631 1.468773 0.000000 0.000000 0.000000 0.311450 0.950262
80.339012861 2.946822 1.470876 0.000000 0.000000 0.000000 0.316556 0.948574
80.432806969 2.950748 1.473538 0.000000 0.000000 0.000000 0.325466 0.945554
80.481657505 2.952846 1.476113 0.000000 0.000000 0.000000 0.330033 0.943970
80.570667744 2.955914 1.478694 0.000000 0.000000 0.000000 0.338253 0.941055
80.629180193 2.957652 1.479928 0.000000 0.000000 0.000000 0.343537 0.939139
80.725515127 2.960796 1.482512 0.000000 0.000000 0.000000 0.352352 0.935868
80.785824299 2.962655 1.484655 0.000000 0.000000 0.000000 0.357954 0.933739
80.885531425 2.965709 1.488430 0.000000 0.000000 0.000000 0.367195 0.930144
80.931448936 2.967168 1.489955 0.000000 0.000000 0.000000 0.371554 0.928411
81.023196459 2.980081 1.502634 0.000000 0.000000 0.000000 0.371647 0.928374
81.074112654 2.987204 1.509168 0.000000 0.000000 0.000000 0.371761 0.928328
81.169610262 3.001631 1.521863 0.000000 0.000000 0.000000 0.371623 0.928384
81.221564293 3.008940 1.528836 0.000000 0.000000 0.000000 0.371533 0.928420
81.317089081 3.021604 1.541272 0.000000 0.000000 0.000000 0.371793 0.928316
81.373459816 3.029535 1.549637 0.000000 0.000000 0.000000 0.371907 0.928270
81.468533754 3.043302 1.564133 0.000000 0.000000 0.000000 0.372005 0.928231
81.523016691 3.051102 1.571791 0.000000 0.000000 0.000000 0.371892 0.928276
81.598726511 3.061834 1.581613 0.000000 0.000000 0.000000 0.371829 0.928301
81.657386780 3.063848 1.583208 0.000000 0.000000 0.000000 0.377068 0.926185
81.743980408 3.066842 1.586145 0.000000 0.000000 0.000000 0.384738 0.923026
81.802433014 3.068598 1.587784 0.000000 0.000000 0.000000 0.390065 0.920787
81.892469883 3.071312 1.590923 0.000000 0.000000 0.000000 0.398347 0.917235
81.951400280 3.072907 1.593474 0.000000 0.000000 0.000000 0.403970 0.914772
82.051398516 3.076790 1.598072 0.000000 0.000000 0.000000 0.412793 0.910825
82.098116398 3.077396 1.600166 0.000000 0.000000 0.000000 0.417005 0.908904
82.188131332 3.089523 1.614586 0.000000 0.000000 0.000000 0.416692 0.909048
82.248149872 3.100645 1.623201 0.000000 0.000000 0.000000 0.417042 0.908887
82.336132288 3.111981 1.636870 0.000000 0.000000 0.000000 0.416952 0.908929
82.396090031 3.118926 1.645947 0.000000 0.000000 0.000000 0.417002 0.908905
82.493404388 3.131134 1.660804 0.000000 0.000000 0.000000 0.416995 0.908909
82.545469284 3.138291 1.668694 0.000000 0.000000 0.000000 0.417122 0.908851
82.645762682 3.150640 1.683455 0.000000 0.000000 0.000000 0.417144 0.908840
82.703368902 3.158537 1.691880 0.000000 0.000000 0.000000 0.417006 0.908904
82.786747932 3.170070 1.704060 0.000000 0.000000 0.000000 0.416996 0.908908
82.854153395 3.179204 1.713363 0.000000 0.000000 0.000000 0.417037 0.908889
82.943068027 3.190642 1.726690 0.000000 0.000000 0.000000 0.416969 0.908921
83.009804964 3.199361 1.737170 0.000000 0.000000 0.000000 0.416929 0.908939
83.085191727 3.209424 1.748361 0.000000 0.000000 0.000000 0.416904 0.908951
83.153803349 3.218494 1.758518 0.000000 0.000000 0.000000 0.416844 0.908978
83.241653681 3.229749 1.771311 0.000000 0.000000 0.000000 0.417105 0.908858
83.297069788 3.231521 1.774130 0.000000 0.000000 0.000000 0.422268 0.906471
83.389735460 3.235196 1.776342 0.000000 0.000000 0.000000 0.430628 0.902530
83.453119040 3.237212 1.779338 0.000000 0.000000 0.000000 0.436429 0.899739
83.537900448 3.240437 1.783053 0.000000 0.000000 0.000000 0.444177 0.895939
83.597048283 3.241699 1.784755 0.000000 0.000000 0.000000 0.449288 0.893387
83.717325926 3.245127 1.790095 0.000000 0.000000 0.000000 0.459958 0.887941
83.749479055 3.244924 1.790074 0.000000 0.000000 0.000000 0.462840 0.886442
83.838826418 3.248175 1.794617 0.000000 0.000000 0.000000 0.470685 0.882301
83.901724577 3.249436 1.797500 0.000000 0.000000 0.000000 0.476208 0.879333
83.992516994 3.252180 1.801863 0.000000 0.000000 0.000000 0.484164 0.874977
84.051721573 3.252550 1.804402 0.000000 0.000000 0.000000 0.489302 0.872114
84.156426907 3.254659 1.808967 0.000000 0.000000 0.000000 0.498319 0.866994
84.200500965 3.255574 1.810586 0.000000 0.000000 0.000000 0.502205 0.864748
84.283172131 3.263468 1.824887 0.000000 0.000000 0.000000 0.502393 0.864640
84.341853619 3.269326 1.835323 0.000000 0.000000 0.000000 0.502469 0.864595
84.440338135 3.277751 1.852592 0.000000 0.000000 0.000000 0.502398 0.864636
84.490278244 3.282669 1.861187 0.000000 0.000000 0.000000 0.502430 0.864618
84.590413809 3.292101 1.877622 0.000000 0.000000 0.000000 0.502571 0.864536
84.637861252 3.292688 1.879083 0.000000 0.000000 0.000000 0.506723 0.862109
84.731191397 3.294985 1.883063 0.000000 0.000000 0.000000 0.514741 0.857345
84.795961142 3.296671 1.885676 0.000000 0.000000 0.000000 0.520197 0.854047
84.885035038 3.298577 1.889414 0.000000 0.000000 0.000000 0.527797 0.849371
84.942189693 3.303530 1.899631 0.000000 0.000000 0.000000 0.527730 0.849412
85.035698891 3.311060 1.916689 0.000000 0.000000 0.000000 0.527766 0.849390
85.087255955 3.315502 1.924427 0.000000 0.000000 0.000000 0.527829 0.849351
85.177431345 3.322812 1.940164 0.000000 0.000000 0.000000 0.527837 0.849346
85.234461546 3.326985 1.949423 0.000000 0.000000 0.000000 0.527720 0.849419
85.317269802 3.333648 1.964505 0.000000 0.000000 0.000000 0.527675 0.849446
85.371974707 3.338195 1.973821 0.000000 0.000000 0.000000 0.527702 0.849430
85.478625298 3.339504 1.978297 0.000000 0.000000 0.000000 0.536569 0.843857
85.528799295 3.339786 1.979692 0.000000 0.000000 0.000000 0.540525 0.841328
85.623463392 3.341370 1.984667 0.000000 0.000000 0.000000 0.548389 0.836223
85.673765659 3.341886 1.986495 0.000000 0.000000 0.000000 0.552425 0.833562
85.763669968 3.348665 2.002808 0.000000 0.000000 0.000000 0.552679 0.833394
85.820935726 3.352437 2.013607 0.000000 0.000000 0.000000 0.552533 0.833491
85.910727024 3.359092 2.030152 0.000000 0.000000 0.000000 0.552747 0.833349
85.964876890 3.363305 2.039980 0.000000 0.000000 0.000000 0.552731 0.833360
86.051109076 3.369782 2.055206 0.000000 0.000000 0.000000 0.552808 0.833309
86.103527308 3.372517 2.064395 0.000000 0.000000 0.000000 0.552507 0.833508
86.201452255 3.381189 2.082297 0.000000 0.000000 0.000000 0.552429 0.833560
86.242657185 3.382877 2.089989 0.000000 0.000000 0.000000 0.552485 0.833523
86.334985495 3.389684 2.106246 0.000000 0.000000 0.000000 0.552410 0.833573
86.382092714 3.390973 2.107962 0.000000 0.000000 0.000000 0.556246 0.831017
86.472083092 3.392396 2.111756 0.000000 0.000000 0.000000 0.563750 0.825945
86.523828268 3.394422 2.113391 0.000000 0.000000 0.000000 0.567878 0.823113
86.615870237 3.396411 2.117744 0.000000 0.000000 0.000000 0.575579 0.817747
86.670076370 3.397052 2.120727 0.000000 0.000000 0.000000 0.580071 0.814566
86.774803400 3.404472 2.138395 0.000000 0.000000 0.000000 0.580180 0.814488
86.820199966 3.407810 2.146663 0.000000 0.000000 0.000000 0.580240 0.814446
86.919469357 3.413135 2.164694 0.000000 0.000000 0.000000 0.579982 0.814629
86.967871189 3.416145 2.173212 0.000000 0.000000 0.000000 0.580070 0.814567
87.056761026 3.422502 2.189305 0.000000 0.000000 0.000000 0.580136 0.814520
87.109259605 3.425767 2.200025 0.000000 0.000000 0.000000 0.579900 0.814688
87.192007065 3.430907 2.216231 0.000000 0.000000 0.000000 0.579667 0.814854
87.253980637 3.433883 2.226712 0.000000 0.000000 0.000000 0.579586 0.814911
87.349741697 3.435661 2.231011 0.000000 0.000000 0.000000 0.587225 0.809424
87.405018091 3.435648 2.235030 0.000000 0.000000 0.000000 0.591413 0.806369
87.485984564 3.437385 2.238762 0.000000 0.000000 0.000000 0.597716 0.801708
87.543567896 3.438461 2.241074 0.000000 0.000000 0.000000 0.602270 0.798293
87.634330273 3.440066 2.246212 0.000000 0.000000 0.000000 0.609549 0.792749
87.686902761 3.440958 2.248597 0.000000 0.000000 0.000000 0.613788 0.789471
87.787247896 3.442065 2.252999 0.000000 0.000000 0.000000 0.621483 0.783427
87.837472916 3.445092 2.261786 0.000000 0.000000 0.000000 0.621587 0.783345
87.916748285 3.447977 2.277304 0.000000 0.000000 0.000000 0.621538 0.783384
87.986268759 3.451426 2.290289 0.000000 0.000000 0.000000 0.621510 0.783406
88.086726427 3.456921 2.310082 0.000000 0.000000 0.000000 0.621510 0.783406
88.150101423 3.459110 2.321193 0.000000 0.000000 0.000000 0.621308 0.783566
88.240933418 3.460387 2.326098 0.000000 0.000000 0.000000 0.628490 0.777817
88.297403812 3.461330 2.328750 0.000000 0.000000 0.000000 0.632673 0.774419
88.386169910 3.462320 2.332356 0.000000 0.000000 0.000000 0.639591 0.768716
88.450335503 3.462804 2.336275 0.000000 0.000000 0.000000 0.644474 0.764626
88.535275698 3.464018 2.340394 0.000000 0.000000 0.000000 0.650941 0.759129
88.605426788 3.463323 2.344285 0.000000 0.000000 0.000000 0.656162 0.754620
88.683759212 3.464474 2.348366 0.000000 0.000000 0.000000 0.662277 0.749259
88.750116110 3.466006 2.361371 0.000000 0.000000 0.000000 0.662306 0.749233
88.851769447 3.468241 2.381117 0.000000 0.000000 0.000000 0.662331 0.749212
88.916266441 3.470260 2.394107 0.000000 0.000000 0.000000 0.662421 0.749132
89.002526760 3.472274 2.410867 0.000000 0.000000 0.000000 0.662342 0.749201
89.057895184 3.474572 2.421349 0.000000 0.000000 0.000000 0.662297 0.749241
89.140100241 3.476328 2.437546 0.000000 0.000000 0.000000 0.662278 0.749258
89.195465088 3.476479 2.440357 0.000000 0.000000 0.000000 0.666161 0.745808
89.289087772 3.477428 2.445186 0.000000 0.000000 0.000000 0.672938 0.739698
89.344048738 3.478433 2.448381 0.000000 0.000000 0.000000 0.677012 0.735972
89.440391302 3.479026 2.452976 0.000000 0.000000 0.000000 0.684071 0.729416
89.492968559 3.479041 2.455238 0.000000 0.000000 0.000000 0.687979 0.725731
89.607647657 3.480200 2.477697 0.000000 0.000000 0.000000 0.688089 0.725626
89.672281504 3.480294 2.490699 0.000000 0.000000 0.000000 0.688029 0.725683
89.768073082 3.480946 2.509780 0.000000 0.000000 0.000000 0.688026 0.725686
89.829360723 3.481980 2.521599 0.000000 0.000000 0.000000 0.687931 0.725776
89.918611765 3.482888 2.538935 0.000000 0.000000 0.000000 0.687831 0.725871
89.983339548 3.483703 2.552022 0.000000 0.000000 0.000000 0.687788 0.725912
90.075467348 3.484906 2.569484 0.000000 0.000000 0.000000 0.687717 0.725979
90.136802912 3.484582 2.581940 0.000000 0.000000 0.000000 0.687710 0.725986
90.217718840 3.485581 2.598493 0.000000 0.000000 0.000000 0.687670 0.726024
90.282570362 3.486943 2.611503 0.000000 0.000000 0.000000 0.687703 0.725992
90.377734184 3.487539 2.630298 0.000000 0.000000 0.000000 0.687628 0.726064
90.428593874 3.488572 2.640102 0.000000 0.000000 0.000000 0.687613 0.726077
90.510604858 3.489664 2.656836 0.000000 0.000000 0.000000 0.687641 0.726051
90.568803549 3.490762 2.668005 0.000000 0.000000 0.000000 0.687443 0.726238
90.669097900 3.491591 2.687793 0.000000 0.000000 0.000000 0.687230 0.726440
90.734403133 3.492621 2.699903 0.000000 0.000000 0.000000 0.686938 0.726716
90.817264557 3.492950 2.715085 0.000000 0.000000 0.000000 0.686871 0.726779
90.874949217 3.495322 2.726256 0.000000 0.000000 0.000000 0.686796 0.726850
90.977848291 3.496897 2.746473 0.000000 0.000000 0.000000 0.686792 0.726854
91.038990498 3.499056 2.758061 0.000000 0.000000 0.000000 0.686947 0.726707
91.132968187 3.499765 2.776554 0.000000 0.000000 0.000000 0.687096 0.726567
91.184181929 3.501222 2.787050 0.000000 0.000000 0.000000 0.687062 0.726599
91.277483940 3.502541 2.805761 0.000000 0.000000 0.000000 0.687239 0.726432
91.333750963 3.503686 2.816931 0.000000 0.000000 0.000000 0.687345 0.726331
91.435931683 3.504447 2.838752 0.000000 0.000000 0.000000 0.687620 0.726071
91.490885019 3.504947 2.849075 0.000000 0.000000 0.000000 0.687495 0.726189
91.596405983 3.506558 2.869960 0.000000 0.000000 0.000000 0.687468 0.726215
91.657889366 3.507589 2.882814 0.000000 0.000000 0.000000 0.687621 0.726070
91.744920015 3.509207 2.898984 0.000000 0.000000 0.000000 0.687666 0.726027
91.803375244 3.510268 2.911085 0.000000 0.000000 0.000000 0.687777 0.725922
91.889576912 3.512084 2.927316 0.000000 0.000000 0.000000 0.687878 0.725826
91.950321198 3.512998 2.939201 0.000000 0.000000 0.000000 0.687829 0.725873
92.040585995 3.514538 2.956560 0.000000 0.000000 0.000000 0.688000 0.725710
92.095539570 3.515206 2.966719 0.000000 0.000000 0.000000 0.687920 0.725787
92.180634975 3.516218 2.983238 0.000000 0.000000 0.000000 0.687989 0.725721
92.233907700 3.516809 2.994559 0.000000 0.000000 0.000000 0.688208 0.725513
92.324627161 3.517646 3.012008 0.000000 0.000000 0.000000 0.688394 0.725337
92.377721786 3.517854 3.021860 0.000000 0.000000 0.000000 0.688489 0.725247
92.477380037 3.516260 3.039919 0.000000 0.000000 0.000000 0.688607 0.725134
92.527386665 3.517052 3.050151 0.000000 0.000000 0.000000 0.688595 0.725147
92.615924358 3.518193 3.067044 0.000000 0.000000 0.000000 0.688593 0.725148
92.672314167 3.519636 3.077564 0.000000 0.000000 0.000000 0.688709 0.725038
92.773890257 3.520455 3.098019 0.000000 0.000000 0.000000 0.688805 0.724947
92.833395958 3.522189 3.111073 0.000000 0.000000 0.000000 0.688753 0.724996
92.924817085 3.522936 3.130039 0.000000 0.000000 0.000000 0.688831 0.724922
92.988978386 3.524399 3.143177 0.000000 0.000000 0.000000 0.688728 0.725020
93.100240469 3.525893 3.165210 0.000000 0.000000 0.000000 0.688600 0.725142
93.152472734 3.526840 3.176607 0.000000 0.000000 0.000000 0.688617 0.725125
93.248969555 3.527497 3.196055 0.000000 0.000000 0.000000 0.688432 0.725300
93.302347898 3.528290 3.206462 0.000000 0.000000 0.000000 0.688317 0.725410
93.402684212 3.529942 3.225728 0.000000 0.000000 0.000000 0.688504 0.725232
93.454676867 3.530354 3.235987 0.000000 0.000000 0.000000 0.688518 0.725219
93.552758694 3.531022 3.254632 0.000000 0.000000 0.000000 0.688602 0.725139
93.613630056 3.531311 3.266656 0.000000 0.000000 0.000000 0.688650 0.725094
93.707502604 3.532571 3.285070 0.000000 0.000000 0.000000 0.688678 0.725067
93.764230251 3.533553 3.297164 0.000000 0.000000 0.000000 0.688745 0.725004
93.873910427 3.535160 3.319176 0.000000 0.000000 0.000000 0.688739 0.725009
93.914932251 3.536243 3.328324 0.000000 0.000000 0.000000 0.688852 0.724902
94.005584240 3.536570 3.346741 0.000000 0.000000 0.000000 0.688905 0.724852
94.060539484 3.537373 3.358461 0.000000 0.000000 0.000000 0.688890 0.724866
94.156020403 3.538114 3.377059 0.000000 0.000000 0.000000 0.688921 0.724836
94.210253716 3.539008 3.387652 0.000000 0.000000 0.000000 0.688946 0.724813
94.306135893 3.540172 3.406801 0.000000 0.000000 0.000000 0.689070 0.724694
94.372974396 3.539923 3.419431 0.000000 0.000000 0.000000 0.689314 0.724462
94.471097946 3.541040 3.439806 0.000000 0.000000 0.000000 0.689459 0.724325
94.529613972 3.542336 3.451209 0.000000 0.000000 0.000000 0.689563 0.724226
94.627149820 3.544588 3.471962 0.000000 0.000000 0.000000 0.689553 0.724236
94.671769142 3.544636 3.480908 0.000000 0.000000 0.000000 0.689527 0.724260
94.763330460 3.545408 3.498155 0.000000 0.000000 0.000000 0.689494 0.724291
94.822440624 3.545185 3.509578 0.000000 0.000000 0.000000 0.689449 0.724334
94.912670851 3.546081 3.526454 0.000000 0.000000 0.000000 0.689490 0.724295
94.978972197 3.547348 3.539885 0.000000 0.000000 0.000000 0.689419 0.724362
95.068254471 3.547435 3.558106 0.000000 0.000000 0.000000 0.689270 0.724505
95.123470068 3.548322 3.567978 0.000000 0.000000 0.000000 0.689184 0.724586
95.210581541 3.549625 3.585790 0.000000 0.000000 0.000000 0.689182 0.724588
95.261231899 3.549952 3.596400 0.000000 0.000000 0.000000 0.689214 0.724558
95.358219862 3.550962 3.616359 0.000000 0.000000 0.000000 0.689332 0.724445
95.405269146 3.552278 3.626144 0.000000 0.000000 0.000000 0.689191 0.724580
95.495450497 3.552491 3.626288 0.000000 0.000000 0.000000 0.689026 0.724737
95.556711435 3.552200 3.626829 0.000000 0.000000 0.000000 0.689084 0.724682
95.654532194 3.552121 3.626454 0.000000 0.000000 0.000000 0.689126 0.724642
95.718507051 3.551976 3.626380 0.000000 0.000000 0.000000 0.689098 0.724668
95.809733868 3.551075 3.626247 0.000000 0.000000 0.000000 0.688918 0.724840
95.869915009 3.551111 3.625605 0.000000 0.000000 0.000000 0.688945 0.724814
95.968504429 3.551683 3.625617 0.000000 0.000000 0.000000 0.689073 0.724692
96.013655424 3.551683 3.626167 0.000000 0.000000 0.000000 0.689009 0.724752
96.105460644 3.550624 3.626726 0.000000 0.000000 0.000000 0.688942 0.724816
96.151817083 3.551238 3.626083 0.000000 0.000000 0.000000 0.688924 0.724833
96.249305487 3.552284 3.625649 0.000000 0.000000 0.000000 0.688848 0.724905
96.313171148 3.551777 3.624680 0.000000 0.000000 0.000000 0.688877 0.724878
96.411842108 3.551222 3.624721 0.000000 0.000000 0.000000 0.688863 0.724891
96.483254194 3.551947 3.624835 0.000000 0.000000 0.000000 0.688939 0.724819
96.576039553 3.551423 3.624705 0.000000 0.000000 0.000000 0.689008 0.724754
96.634468794 3.551343 3.624540 0.000000 0.000000 0.000000 0.689003 0.724759
96.723625898 3.551384 3.625725 0.000000 0.000000 0.000000 0.689061 0.724704
96.781600475 3.550869 3.626232 0.000000 0.000000 0.000000 0.688949 0.724810
96.866395235 3.551079 3.626484 0.000000 0.000000 0.000000 0.688859 0.724895
96.921135187 3.551400 3.626798 0.000000 0.000000 0.000000 0.689020 0.724742
97.019036293 3.550469 3.626349 0.000000 0.000000 0.000000 0.689083 0.724682
97.060910940 3.549072 3.626814 0.000000 0.000000 0.000000 0.689172 0.724597
97.153807163 3.549452 3.627054 0.000000 0.000000 0.000000 0.689158 0.724611
97.211027622 3.549456 3.625902 0.000000 0.000000 0.000000 0.689210 0.724562
97.305245876 3.548731 3.625308 0.000000 0.000000 0.000000 0.689426 0.724356
97.364989996 3.547992 3.624497 0.000000 0.000000 0.000000 0.689815 0.723986
97.465471268 3.547888 3.624777 0.000000 0.000000 0.000000 0.689858 0.723945
97.531141281 3.547836 3.624763 0.000000 0.000000 0.000000 0.689897 0.723907
97.607466698 3.548412 3.624627 0.000000 0.000000 0.000000 0.689919 0.723886
97.670571327 3.548792 3.624471 0.000000 0.000000 0.000000 0.689792 0.724007
97.761371374 3.548902 3.623812 0.000000 0.000000 0.000000 0.689838 0.723963
97.826786518 3.548973 3.624094 0.000000 0.000000 0.000000 0.689819 0.723982
97.904732704 3.548637 3.624450 0.000000 0.000000 0.000000 0.689925 0.723881
97.972033739 3.548721 3.623844 0.000000 0.000000 0.000000 0.689856 0.723946
98.065672398 3.548957 3.624919 0.000000 0.000000 0.000000 0.689910 0.723895
98.120881319 3.548511 3.624759 0.000000 0.000000 0.000000 0.690014 0.723796
98.209275961 3.548473 3.625212 0.000000 0.000000 0.000000 0.690105 0.723709
98.266049623 3.547775 3.625423 0.000000 0.000000 0.000000 0.690217 0.723603
98.353181839 3.548036 3.625838 0.000000 0.000000 0.000000 0.690217 0.723603
98.403073549 3.548195 3.625142 0.000000 0.000000 0.000000 0.690111 0.723704
98.490382910 3.547791 3.625958 0.000000 0.000000 0.000000 0.690274 0.723548
98.542252064 3.548158 3.625721 0.000000 0.000000 0.000000 0.690345 0.723480
98.624454260 3.547346 3.625568 0.000000 0.000000 0.000000 0.690388 0.723440
98.685510397 3.546934 3.624657 0.000000 0.000000 0.000000 0.690336 0.723489
98.779605627 3.547323 3.624898 0.000000 0.000000 0.000000 0.690343 0.723483
98.838194609 3.546777 3.625224 0.000000 0.000000 0.000000 0.690438 0.723392
98.929908276 3.546651 3.625403 0.000000 0.000000 0.000000 0.690429 0.723400
98.986426353 3.546637 3.625006 0.000000 0.000000 0.000000 0.690505 0.723328
99.090990067 3.546443 3.625200 0.000000 0.000000 0.000000 0.690496 0.723336
99.137984037 3.546454 3.624436 0.000000 0.000000 0.000000 0.690571 0.723265
99.222180128 3.546534 3.623916 0.000000 0.000000 0.000000 0.690584 0.723252
99.274515629 3.546504 3.623245 0.000000 0.000000 0.000000 0.690554 0.723281
99.372492313 3.547445 3.622988 0.000000 0.000000 0.000000 0.690647 0.723192
99.430688858 3.547099 3.622660 0.000000 0.000000 0.000000 0.690707 0.723135
99.544572830 3.547498 3.622739 0.000000 0.000000 0.000000 0.690693 0.723148
99.586899042 3.547075 3.622828 0.000000 0.000000 0.000000 0.690594 0.723242
99.684531927 3.546657 3.622915 0.000000 0.000000 0.000000 0.690465 0.723366
99.732462883 3.546482 3.622832 0.000000 0.000000 0.000000 0.690578 0.723258
99.817482233 3.546727 3.622798 0.000000 0.000000 0.000000 0.690631 0.723207
99.865893364 3.546846 3.622622 0.000000 0.000000 0.000000 0.690638 0.723200
99.974117994 3.547202 3.623208 0.000000 0.000000 0.000000 0.690859 0.722990
100.008396149 3.546658 3.623099 0.000000 0.000000 0.000000 0.690958 0.722895
100.099959850 3.546628 3.622642 0.000000 0.000000 0.000000 0.690989 0.722865
100.157341719 3.546589 3.623622 0.000000 0.000000 0.000000 0.690920 0.722931
100.251402378 3.547292 3.623616 0.000000 0.000000 0.000000 0.690878 0.722972
100.296842813 3.547318 3.623125 0.000000 0.000000 0.000000 0.690875 0.722974
100.386153460 3.547060 3.623166 0.000000 0.000000 0.000000 0.690875 0.722974
100.438560963 3.546933 3.622954 0.000000 0.000000 0.000000 0.690857 0.722991
100.523025513 3.547256 3.623066 0.000000 0.000000 0.000000 0.690814 0.723032
100.578892708 3.547630 3.622756 0.000000 0.000000 0.000000 0.690626 0.723212
100.666844606 3.547507 3.624088 0.000000 0.000000 0.000000 0.690661 0.723178
100.717916250 3.547190 3.624580 0.000000 0.000000 0.000000 0.690593 0.723243
100.814438343 3.547412 3.624105 0.000000 0.000000 0.000000 0.690684 0.723156
100.859156370 3.548019 3.623801 0.000000 0.000000 0.000000 0.690491 0.723341
100.952885628 3.547091 3.623360 0.000000 0.000000 0.000000 0.690414 0.723415
101.000487804 3.547556 3.623711 0.000000 0.000000 0.000000 0.690494 0.723338
101.085479736 3.547226 3.623914 0.000000 0.000000 0.000000 0.690632 0.723206
101.136031866 3.547036 3.623592 0.000000 0.000000 0.000000 0.690695 0.723146
101.229514122 3.546784 3.623379 0.000000 0.000000 0.000000 0.690726 0.723117
101.274351120 3.546751 3.624454 0.000000 0.000000 0.000000 0.690899 0.722951
101.373620749 3.546987 3.624083 0.000000 0.000000 0.000000 0.690881 0.722969
101.426921129 3.548071 3.624375 0.000000 0.000000 0.000000 0.691044 0.722812
101.521782160 3.547678 3.624601 0.000000 0.000000 0.000000 0.690978 0.722875
101.570658922 3.548000 3.624577 0.000000 0.000000 0.000000 0.691031 0.722825
101.657437325 3.548232 3.624352 0.000000 0.000000 0.000000 0.691058 0.722800
101.713495970 3.548414 3.624323 0.000000 0.000000 0.000000 0.691255 0.722611
101.799236774 3.548787 3.623941 0.000000 0.000000 0.000000 0.691243 0.722622
101.849389791 3.548721 3.623971 0.000000 0.000000 0.000000 0.691151 0.722710
101.945839167 3.548434 3.624658 0.000000 0.000000 0.000000 0.691005 0.722850
101.999189854 3.546873 3.624926 0.000000 0.000000 0.000000 0.691241 0.722624
102.086042404 3.547744 3.621361 0.000000 0.000000 0.000000 0.691223 0.722642
102.136522293 3.547475 3.621161 0.000000 0.000000 0.000000 0.691310 0.722558
102.221495152 3.548242 3.620227 0.000000 0.000000 0.000000 0.691325 0.722544
102.276251078 3.548481 3.620316 0.000000 0.000000 0.000000 0.691331 0.722538
102.367645025 3.549088 3.619787 0.000000 0.000000 0.000000 0.691164 0.722698
102.423708200 3.548605 3.619106 0.000000 0.000000 0.000000 0.691216 0.722648
102.525077105 3.548035 3.619287 0.000000 0.000000 0.000000 0.691163 0.722699
102.574762106 3.547400 3.620130 0.000000 0.000000 0.000000 0.691072 0.722786
102.674291134 3.546574 3.619222 0.000000 0.000000 0.000000 0.691013 0.722843
