56.000000000 -0.001009 0.995645 0.000000 0.000000 0.000000 -0.000399 1.000000
56.092626333 0.009041 0.999952 0.000000 0.000000 0.000000 0.004536 0.999990
56.136488199 0.013076 1.004538 0.000000 0.000000 0.000000 0.005544 0.999985
56.234569073 0.012879 1.006761 0.000000 0.000000 0.000000 0.004609 0.999989
56.291095257 0.013762 1.006983 0.000000 0.000000 0.000000 0.003811 0.999993
56.384810448 0.012996 1.008680 0.000000 0.000000 0.000000 0.003521 0.999994
56.432573795 0.014236 1.010294 0.000000 0.000000 0.000000 0.002895 0.999996
56.517774343 0.016121 1.008586 0.000000 0.000000 0.000000 0.003019 0.999995
56.566277504 0.018100 1.008517 0.000000 0.000000 0.000000 0.002857 0.999996
56.658776283 0.018726 1.009749 0.000000 0.000000 0.000000 0.002842 0.999996
56.719421625 0.017910 1.008572 0.000000 0.000000 0.000000 0.002375 0.999997
56.806190968 0.017607 1.010413 0.000000 0.000000 0.000000 0.002324 0.999997
56.859033823 0.018315 1.009839 0.000000 0.000000 0.000000 0.002038 0.999998
56.956225157 0.019062 1.012113 0.000000 0.000000 0.000000 0.001851 0.999998
56.992516994 0.020065 1.011897 0.000000 0.000000 0.000000 0.001595 0.999999
57.085117579 0.020033 1.012418 0.000000 0.000000 0.000000 0.001976 0.999998
57.135342836 0.021545 1.013290 0.000000 0.000000 0.000000 0.002251 0.999997
57.226917267 0.020854 1.012957 0.000000 0.000000 0.000000 0.001654 0.999999
57.280653477 0.020226 1.014396 0.000000 0.000000 0.000000 0.001826 0.999998
57.376023293 0.021124 1.015593 0.000000 0.000000 0.000000 0.002320 0.999997
57.421943903 0.021305 1.017253 0.000000 0.000000 0.000000 0.002491 0.999997
57.506844759 0.021285 1.015401 0.000000 0.000000 0.000000 0.002615 0.999997
57.561612844 0.021338 1.016756 0.000000 0.000000 0.000000 0.002569 0.999997
57.661116600 0.024623 1.018063 0.000000 0.000000 0.000000 0.002348 0.999997
57.713097334 0.026193 1.015371 0.000000 0.000000 0.000000 0.002381 0.999997
57.818692207 0.028230 1.014751 0.000000 0.000000 0.000000 0.002365 0.999997
57.857132435 0.029005 1.013269 0.000000 0.000000 0.000000 0.001966 0.999998
57.942367077 0.031170 1.011994 0.000000 0.000000 0.000000 0.001789 0.999998
57.993121147 0.035716 1.011230 0.000000 0.000000 0.000000 0.001996 0.999998
58.084053516 0.036093 1.010394 0.000000 0.000000 0.000000 0.001982 0.999998
58.134043932 0.038366 1.011248 0.000000 0.000000 0.000000 0.002055 0.999998
58.226578236 0.036763 1.008301 0.000000 0.000000 0.000000 0.002047 0.999998
58.278188705 0.037681 1.007335 0.000000 0.000000 0.000000 0.001521 0.999999
58.375108480 0.038986 1.008610 0.000000 0.000000 0.000000 0.001144 0.999999
58.432198524 0.038683 1.010439 0.000000 0.000000 0.000000 0.001048 0.999999
58.513686180 0.039568 1.012583 0.000000 0.000000 0.000000 0.000914 1.000000
58.577755451 0.039335 1.012464 0.000000 0.000000 0.000000 0.000850 1.000000
58.663658381 0.040339 1.012310 0.000000 0.000000 0.000000 0.001137 0.999999
58.721382856 0.041317 1.013888 0.000000 0.000000 0.000000 0.000823 1.000000
58.811643362 0.039139 1.014512 0.000000 0.000000 0.000000 0.000850 1.000000
58.859117508 0.040204 1.016276 0.000000 0.000000 0.000000 0.000977 1.000000
58.954252720 0.040605 1.015358 0.000000 0.000000 0.000000 0.001246 0.999999
59.016629219 0.040646 1.016284 0.000000 0.000000 0.000000 0.001154 0.999999
59.106379747 0.039455 1.017134 0.000000 0.000000 0.000000 0.001054 0.999999
59.158839226 0.038094 1.019481 0.000000 0.000000 0.000000 0.000886 1.000000
59.239713192 0.038479 1.022687 0.000000 0.000000 0.000000 0.000749 1.000000
59.295119047 0.036962 1.024467 0.000000 0.000000 0.000000 0.000444 1.000000
59.400145054 0.037112 1.026418 0.000000 0.000000 0.000000 0.001101 0.999999
59.447155952 0.036313 1.026917 0.000000 0.000000 0.000000 0.001354 0.999999
59.543852329 0.035916 1.026487 0.000000 0.000000 0.000000 0.001197 0.999999
59.590034962 0.036059 1.026468 0.000000 0.000000 0.000000 0.001432 0.999999
59.665421247 0.035837 1.027484 0.000000 0.000000 0.000000 0.001322 0.999999
59.720851421 0.037412 1.029628 0.000000 0.000000 0.000000 0.001559 0.999999
59.805132151 0.035408 1.027973 0.000000 0.000000 0.000000 0.001098 0.999999
59.860359430 0.035740 1.027964 0.000000 0.000000 0.000000 0.000567 1.000000
59.957119226 0.035148 1.028416 0.000000 0.000000 0.000000 0.000844 1.000000
60.005816936 0.035798 1.030323 0.000000 0.000000 0.000000 0.000578 1.000000
60.089397669 0.034979 1.031679 0.000000 0.000000 0.000000 0.000207 1.000000
60.138172865 0.035189 1.030568 0.000000 0.000000 0.000000 -0.000017 1.000000
60.220950127 0.035366 1.031351 0.000000 0.000000 0.000000 0.000649 1.000000
60.272440672 0.034601 1.032239 0.000000 0.000000 0.000000 0.000637 1.000000
60.365985632 0.033726 1.031904 0.000000 0.000000 0.000000 0.000283 1.000000
60.419920921 0.034464 1.031415 0.000000 0.000000 0.000000 0.000076 1.000000
60.517887354 0.035995 1.030751 0.000000 0.000000 0.000000 -0.000034 1.000000
60.576246977 0.037466 1.029648 0.000000 0.000000 0.000000 0.000204 1.000000
60.661265135 0.037033 1.027751 0.000000 0.000000 0.000000 -0.000240 1.000000
60.720116138 0.038634 1.025745 0.000000 0.000000 0.000000 -0.000633 1.000000
60.806773424 0.037065 1.024631 0.000000 0.000000 0.000000 -0.000515 1.000000
60.856551170 0.037582 1.023918 0.000000 0.000000 0.000000 -0.000683 1.000000
60.954911470 0.037830 1.023619 0.000000 0.000000 0.000000 -0.000938 1.000000
61.012297630 0.037867 1.024168 0.000000 0.000000 0.000000 -0.000714 1.000000
61.109639168 0.038411 1.024824 0.000000 0.000000 0.000000 -0.000923 1.000000
61.157109976 0.039038 1.024042 0.000000 0.000000 0.000000 -0.000876 1.000000
61.239634752 0.039491 1.024282 0.000000 0.000000 0.000000 -0.000619 1.000000
61.291578770 0.038993 1.022897 0.000000 0.000000 0.000000 0.000332 1.000000
61.377224922 0.038359 1.023606 0.000000 0.000000 0.000000 0.000452 1.000000
61.424571276 0.036935 1.024114 0.000000 0.000000 0.000000 0.000554 1.000000
61.517945051 0.037019 1.025144 0.000000 0.000000 0.000000 0.000472 1.000000
61.571182013 0.038186 1.027275 0.000000 0.000000 0.000000 0.000215 1.000000
61.674693108 0.038506 1.027301 0.000000 0.000000 0.000000 0.000357 1.000000
61.731230259 0.036414 1.027783 0.000000 0.000000 0.000000 0.000377 1.000000
61.823836803 0.035130 1.028161 0.000000 0.000000 0.000000 -0.000220 1.000000
61.867137194 0.034004 1.027307 0.000000 0.000000 0.000000 0.000055 1.000000
61.957184315 0.033551 1.027819 0.000000 0.000000 0.000000 0.000045 1.000000
62.007257462 0.034547 1.026179 0.000000 0.000000 0.000000 0.000059 1.000000
62.096065044 0.034841 1.025722 0.000000 0.000000 0.000000 0.000383 1.000000
62.149833441 0.035079 1.025701 0.000000 0.000000 0.000000 0.000193 1.000000
62.231528997 0.049365 1.024649 0.000000 0.000000 0.000000 0.000562 1.000000
62.288254261 0.059777 1.024751 0.000000 0.000000 0.000000 0.000551 1.000000
62.372793436 0.072656 1.023541 0.000000 0.000000 0.000000 0.000909 1.000000
62.437046528 0.083991 1.022335 0.000000 0.000000 0.000000 0.000639 1.000000
62.518205643 0.098322 1.020957 0.000000 0.000000 0.000000 0.000519 1.000000
62.573649645 0.108473 1.018503 0.000000 0.000000 0.000000 0.000549 1.000000
62.658019066 0.124615 1.016801 0.000000 0.000000 0.000000 0.000110 1.000000
62.708748341 0.133668 1.016304 0.000000 0.000000 0.000000 0.000496 1.000000
62.802901506 0.151092 1.016378 0.000000 0.000000 0.000000 0.000616 1.000000
62.862125397 0.160908 1.016795 0.000000 0.000000 0.000000 0.000597 1.000000
62.944721937 0.174480 1.014132 0.000000 0.000000 0.000000 0.000404 1.000000
63.001682520 0.183371 1.012279 0.000000 0.000000 0.000000 0.000467 1.000000
63.096352816 0.200577 1.012789 0.000000 0.000000 0.000000 0.000299 1.000000
63.140980959 0.208165 1.013513 0.000000 0.000000 0.000000 0.000452 1.000000
63.224403381 0.223602 1.013094 0.000000 0.000000 0.000000 0.000536 1.000000
63.278097630 0.234334 1.013211 0.000000 0.000000 0.000000 0.001119 0.999999
63.378735542 0.250503 1.012130 0.000000 0.000000 0.000000 0.001251 0.999999
63.429337263 0.260592 1.011988 0.000000 0.000000 0.000000 0.001877 0.999998
63.507558107 0.274460 1.012217 0.000000 0.000000 0.000000 0.001884 0.999998
63.561244726 0.282684 1.012478 0.000000 0.000000 0.000000 0.001703 0.999999
63.651183605 0.297841 1.014339 0.000000 0.000000 0.000000 0.001767 0.999998
63.722069025 0.309976 1.014500 0.000000 0.000000 0.000000 0.001737 0.999998
63.818211794 0.325570 1.015259 0.000000 0.000000 0.000000 0.002408 0.999997
63.867984533 0.333778 1.014384 0.000000 0.000000 0.000000 0.002038 0.999998
63.954170942 0.349337 1.014001 0.000000 0.000000 0.000000 0.002148 0.999998
64.007827759 0.359360 1.013014 0.000000 0.000000 0.000000 0.002103 0.999998
64.098969221 0.375907 1.012854 0.000000 0.000000 0.000000 0.002279 0.999997
64.150251389 0.385600 1.011687 0.000000 0.000000 0.000000 0.002208 0.999998
64.240028858 0.401646 1.012359 0.000000 0.000000 0.000000 0.002374 0.999997
64.291742325 0.411884 1.014245 0.000000 0.000000 0.000000 0.002453 0.999997
64.384911537 0.429597 1.012075 0.000000 0.000000 0.000000 0.003012 0.999995
64.438662767 0.440577 1.013672 0.000000 0.000000 0.000000 0.003305 0.999995
64.529100657 0.455813 1.012830 0.000000 0.000000 0.000000 0.003727 0.999993
64.581606388 0.464791 1.012833 0.000000 0.000000 0.000000 0.003961 0.999992
64.666499376 0.479613 1.013486 0.000000 0.000000 0.000000 0.003922 0.999992
64.719514608 0.489209 1.014409 0.000000 0.000000 0.000000 0.003918 0.999992
64.801486015 0.503460 1.013403 0.000000 0.000000 0.000000 0.003853 0.999993
64.853920698 0.510708 1.012121 0.000000 0.000000 0.000000 0.004032 0.999992
64.943417788 0.525261 1.009245 0.000000 0.000000 0.000000 0.004355 0.999991
64.995023489 0.534134 1.009688 0.000000 0.000000 0.000000 0.004457 0.999990
65.076430798 0.547035 1.011176 0.000000 0.000000 0.000000 0.004672 0.999989
65.137303352 0.557588 1.011956 0.000000 0.000000 0.000000 0.005077 0.999987
65.235720634 0.574457 1.012150 0.000000 0.000000 0.000000 0.004861 0.999988
65.286878586 0.583100 1.013166 0.000000 0.000000 0.000000 0.004454 0.999990
65.388996363 0.602325 1.012726 0.000000 0.000000 0.000000 0.005030 0.999987
65.443364143 0.612480 1.010345 0.000000 0.000000 0.000000 0.004974 0.999988
65.533442974 0.627689 1.010583 0.000000 0.000000 0.000000 0.004868 0.999988
65.583643198 0.635768 1.012078 0.000000 0.000000 0.000000 0.004709 0.999989
65.666572094 0.650490 1.012962 0.000000 0.000000 0.000000 0.004879 0.999988
65.718314648 0.659683 1.013509 0.000000 0.000000 0.000000 0.005208 0.999986
65.813969851 0.676717 1.014351 0.000000 0.000000 0.000000 0.005312 0.999986
65.860479355 0.683335 1.014114 0.000000 0.000000 0.000000 0.005623 0.999984
65.949100494 0.700203 1.014683 0.000000 0.000000 0.000000 0.006247 0.999980
66.006313324 0.707995 1.014272 0.000000 0.000000 0.000000 0.005989 0.999982
66.091695070 0.722937 1.013177 0.000000 0.000000 0.000000 0.006485 0.999979
66.150105000 0.734037 1.012187 0.000000 0.000000 0.000000 0.006664 0.999978
66.245607138 0.751777 1.011446 0.000000 0.000000 0.000000 0.006830 0.999977
66.289936066 0.759579 1.010709 0.000000 0.000000 0.000000 0.007241 0.999974
66.374847174 0.776709 1.008794 0.000000 0.000000 0.000000 0.007751 0.999970
66.427448988 0.787523 1.006993 0.000000 0.000000 0.000000 0.007465 0.999972
66.515174389 0.802739 1.005882 0.000000 0.000000 0.000000 0.007859 0.999969
66.565155268 0.813083 1.005358 0.000000 0.000000 0.000000 0.008030 0.999968
66.668905973 0.832254 1.005105 0.000000 0.000000 0.000000 0.008103 0.999967
66.720251560 0.843030 1.005121 0.000000 0.000000 0.000000 0.008476 0.999964
66.818524122 0.861774 1.005539 0.000000 0.000000 0.000000 0.008764 0.999962
66.862034321 0.868322 1.005048 0.000000 0.000000 0.000000 0.009162 0.999958
66.948162079 0.882792 1.006691 0.000000 0.000000 0.000000 0.009083 0.999959
66.998103142 0.891217 1.005396 0.000000 0.000000 0.000000 0.009606 0.999954
67.100195885 0.908967 1.003098 0.000000 0.000000 0.000000 0.009771 0.999952
67.157076359 0.918772 1.003636 0.000000 0.000000 0.000000 0.009802 0.999952
67.269846916 0.939719 1.003151 0.000000 0.000000 0.000000 0.009637 0.999954
67.325706720 0.947761 1.001583 0.000000 0.000000 0.000000 0.009365 0.999956
67.417520761 0.963773 1.001144 0.000000 0.000000 0.000000 0.009588 0.999954
67.475314379 0.975142 0.999743 0.000000 0.000000 0.000000 0.009495 0.999955
67.587245464 0.996112 1.001003 0.000000 0.000000 0.000000 0.009408 0.999956
67.657504320 1.008434 1.001652 0.000000 0.000000 0.000000 0.009505 0.999955
67.744100571 1.026369 1.001313 0.000000 0.000000 0.000000 0.009624 0.999954
67.809964418 1.040356 0.999773 0.000000 0.000000 0.000000 0.009646 0.999953
67.907867193 1.059169 1.000067 0.000000 0.000000 0.000000 0.009980 0.999950
67.955658197 1.068896 0.997898 0.000000 0.000000 0.000000 0.010344 0.999946
68.043772697 1.089600 0.995582 0.000000 0.000000 0.000000 0.010497 0.999945
68.092056751 1.099216 0.994882 0.000000 0.000000 0.000000 0.010865 0.999941
68.198954105 1.120570 0.995635 0.000000 0.000000 0.000000 0.010867 0.999941
68.239401817 1.128713 0.994691 0.000000 0.000000 0.000000 0.010812 0.999942
68.334116697 1.147863 0.996026 0.000000 0.000000 0.000000 0.010915 0.999940
68.393169165 1.159372 0.996188 0.000000 0.000000 0.000000 0.010802 0.999942
68.488315105 1.177469 0.994700 0.000000 0.000000 0.000000 0.010813 0.999942
68.548655272 1.188871 0.991651 0.000000 0.000000 0.000000 0.010552 0.999944
68.628951550 1.203773 0.991146 0.000000 0.000000 0.000000 0.010879 0.999941
68.688163757 1.215086 0.990973 0.000000 0.000000 0.000000 0.010589 0.999944
68.771270037 1.232071 0.989219 0.000000 0.000000 0.000000 0.010990 0.999940
68.824939728 1.240944 0.990549 0.000000 0.000000 0.000000 0.011238 0.999937
68.927378178 1.259417 0.990806 0.000000 0.000000 0.000000 0.011522 0.999934
68.988554239 1.273203 0.988415 0.000000 0.000000 0.000000 0.011834 0.999930
69.091393948 1.294348 0.989235 0.000000 0.000000 0.000000 0.011930 0.999929
69.142657280 1.305151 0.987776 0.000000 0.000000 0.000000 0.011188 0.999937
69.226943970 1.320659 0.986453 0.000000 0.000000 0.000000 0.011261 0.999937
69.291504383 1.333514 0.986732 0.000000 0.000000 0.000000 0.011372 0.999935
69.395749092 1.353435 0.984724 0.000000 0.000000 0.000000 0.011677 0.999932
69.444655418 1.364685 0.985416 0.000000 0.000000 0.000000 0.011956 0.999929
69.543005466 1.383284 0.983852 0.000000 0.000000 0.000000 0.011927 0.999929
69.595045090 1.395081 0.983635 0.000000 0.000000 0.000000 0.011224 0.999937
69.695927858 1.410149 0.982256 0.000000 0.000000 0.000000 0.011227 0.999937
69.753221989 1.420655 0.981670 0.000000 0.000000 0.000000 0.011377 0.999935
69.852281094 1.439813 0.980824 0.000000 0.000000 0.000000 0.011393 0.999935
69.909631014 1.452491 0.980783 0.000000 0.000000 0.000000 0.011153 0.999938
70.003495455 1.468775 0.980908 0.000000 0.000000 0.000000 0.010882 0.999941
70.055417776 1.478528 0.982088 0.000000 0.000000 0.000000 0.011224 0.999937
70.137858391 1.493734 0.983013 0.000000 0.000000 0.000000 0.011282 0.999936
70.199167728 1.505705 0.985749 0.000000 0.000000 0.000000 0.011494 0.999934
70.302878618 1.524667 0.986712 0.000000 0.000000 0.000000 0.011695 0.999932
70.369396687 1.538713 0.986026 0.000000 0.000000 0.000000 0.011944 0.999929
70.461210728 1.556817 0.985721 0.000000 0.000000 0.000000 0.012174 0.999926
70.509778738 1.568093 0.986208 0.000000 0.000000 0.000000 0.012343 0.999924
70.599387646 1.585624 0.985626 0.000000 0.000000 0.000000 0.012389 0.999923
70.656033039 1.596375 0.987068 0.000000 0.000000 0.000000 0.012655 0.999920
70.768153429 1.618875 0.988439 0.000000 0.000000 0.000000 0.012404 0.999923
70.815999985 1.631390 0.988613 0.000000 0.000000 0.000000 0.012092 0.999927
70.900581121 1.648054 0.989974 0.000000 0.000000 0.000000 0.012301 0.999924
70.955633402 1.660995 0.991199 0.000000 0.000000 0.000000 0.012394 0.999923
71.042252779 1.677160 0.993216 0.000000 0.000000 0.000000 0.012470 0.999922
71.103641987 1.689256 0.993841 0.000000 0.000000 0.000000 0.012494 0.999922
71.186776161 1.705459 0.996948 0.000000 0.000000 0.000000 0.012784 0.999918
71.250498533 1.717728 0.993668 0.000000 0.000000 0.000000 0.012515 0.999922
71.341936827 1.725514 0.994453 0.000000 0.000000 0.000000 0.019478 0.999810
71.393325806 1.730459 0.996044 0.000000 0.000000 0.000000 0.024374 0.999703
71.487019539 1.734485 0.996986 0.000000 0.000000 0.000000 0.032748 0.999464
71.537977695 1.736149 0.997856 0.000000 0.000000 0.000000 0.038200 0.999270
71.626116753 1.738563 0.999622 0.000000 0.000000 0.000000 0.047151 0.998888
71.682151079 1.738372 0.999697 0.000000 0.000000 0.000000 0.052604 0.998615
71.763496399 1.744212 1.000864 0.000000 0.000000 0.000000 0.060485 0.998169
71.820455313 1.746880 0.999861 0.000000 0.000000 0.000000 0.066326 0.997798
71.918866396 1.751123 0.999030 0.000000 0.000000 0.000000 0.075529 0.997144
71.975845575 1.753546 0.999436 0.000000 0.000000 0.000000 0.081410 0.996681
72.068582535 1.756879 0.999718 0.000000 0.000000 0.000000 0.090243 0.995920
72.122643709 1.756464 0.999398 0.000000 0.000000 0.000000 0.095274 0.995451
72.217851877 1.770951 1.003026 0.000000 0.000000 0.000000 0.095638 0.995416
72.265589714 1.775228 1.004206 0.000000 0.000000 0.000000 0.095687 0.995411
72.354194641 1.790868 1.005217 0.000000 0.000000 0.000000 0.095368 0.995442
72.403216600 1.800237 1.008260 0.000000 0.000000 0.000000 0.096220 0.995360
72.504085302 1.818892 1.013189 0.000000 0.000000 0.000000 0.095525 0.995427
72.559812546 1.830519 1.012938 0.000000 0.000000 0.000000 0.094739 0.995502
72.641114473 1.846303 1.015707 0.000000 0.000000 0.000000 0.094404 0.995534
72.695553064 1.858450 1.019150 0.000000 0.000000 0.000000 0.094434 0.995531
72.784453154 1.875994 1.022638 0.000000 0.000000 0.000000 0.094635 0.995512
72.839464188 1.879953 1.022609 0.000000 0.000000 0.000000 0.099316 0.995056
72.931765556 1.883924 1.022768 0.000000 0.000000 0.000000 0.107941 0.994157
72.986810684 1.886620 1.022838 0.000000 0.000000 0.000000 0.113288 0.993562
73.071648121 1.890807 1.023038 0.000000 0.000000 0.000000 0.121124 0.992637
73.129702330 1.893619 1.025873 0.000000 0.000000 0.000000 0.127110 0.991889
73.227200508 1.897000 1.026821 0.000000 0.000000 0.000000 0.136140 0.990690
73.271549940 1.897747 1.026324 0.000000 0.000000 0.000000 0.140847 0.990031
73.365193605 1.912646 1.032451 0.000000 0.000000 0.000000 0.142632 0.989776
73.410813332 1.919345 1.034249 0.000000 0.000000 0.000000 0.143287 0.989681
73.495560646 1.932797 1.037473 0.000000 0.000000 0.000000 0.143062 0.989714
73.549853325 1.941300 1.039610 0.000000 0.000000 0.000000 0.143068 0.989713
73.635336399 1.954478 1.045749 0.000000 0.000000 0.000000 0.143083 0.989711
73.700213671 1.965813 1.048507 0.000000 0.000000 0.000000 0.142990 0.989724
73.794411182 1.981381 1.053215 0.000000 0.000000 0.000000 0.142851 0.989744
73.851395130 1.992898 1.057558 0.000000 0.000000 0.000000 0.142830 0.989747
73.934927464 2.009022 1.065671 0.000000 0.000000 0.000000 0.142680 0.989769
73.994324923 2.014966 1.067344 0.000000 0.000000 0.000000 0.147506 0.989061
74.076428652 2.019821 1.068753 0.000000 0.000000 0.000000 0.154317 0.988021
74.138641834 2.021677 1.070808 0.000000 0.000000 0.000000 0.160398 0.987052
74.232690811 2.025804 1.070104 0.000000 0.000000 0.000000 0.169269 0.985570
74.284757137 2.026799 1.069972 0.000000 0.000000 0.000000 0.175127 0.984546
74.368963718 2.029419 1.070362 0.000000 0.000000 0.000000 0.182999 0.983113
74.424954653 2.031120 1.071144 0.000000 0.000000 0.000000 0.187991 0.982171
74.512892008 2.034570 1.069740 0.000000 0.000000 0.000000 0.195895 0.980625
74.568120718 2.040562 1.073270 0.000000 0.000000 0.000000 0.196655 0.980473
74.659038782 2.054227 1.079196 0.000000 0.000000 0.000000 0.197286 0.980346
74.720528126 2.062346 1.084334 0.000000 0.000000 0.000000 0.197348 0.980333
74.807915449 2.075012 1.090638 0.000000 0.000000 0.000000 0.196931 0.980417
74.867791891 2.084620 1.095289 0.000000 0.000000 0.000000 0.196512 0.980501
74.956265450 2.098581 1.100279 0.000000 0.000000 0.000000 0.196250 0.980554
75.006022692 2.107933 1.104170 0.000000 0.000000 0.000000 0.195882 0.980628
75.093890429 2.122647 1.109949 0.000000 0.000000 0.000000 0.195961 0.980612
75.151803017 2.132333 1.116464 0.000000 0.000000 0.000000 0.195692 0.980665
75.237923384 2.147918 1.123992 0.000000 0.000000 0.000000 0.195404 0.980723
75.289012432 2.160863 1.124037 0.000000 0.000000 0.000000 0.195207 0.980762
75.377345324 2.178028 1.128708 0.000000 0.000000 0.000000 0.194877 0.980828
75.433693886 2.190024 1.132953 0.000000 0.000000 0.000000 0.194947 0.980814
75.537194490 2.208334 1.139029 0.000000 0.000000 0.000000 0.195147 0.980774
75.586070776 2.216556 1.141944 0.000000 0.000000 0.000000 0.195111 0.980781
75.689361572 2.234031 1.149494 0.000000 0.000000 0.000000 0.195205 0.980763
75.744805098 2.241895 1.151659 0.000000 0.000000 0.000000 0.195165 0.980770
75.826009274 2.257054 1.156977 0.000000 0.000000 0.000000 0.194990 0.980805
75.899021864 2.260459 1.158966 0.000000 0.000000 0.000000 0.201367 0.979516
75.992537260 2.266193 1.160198 0.000000 0.000000 0.000000 0.209866 0.977730
76.056124210 2.269009 1.161143 0.000000 0.000000 0.000000 0.216231 0.976342
76.141805172 2.271412 1.161308 0.000000 0.000000 0.000000 0.224520 0.974470
76.196712971 2.272961 1.163241 0.000000 0.000000 0.000000 0.229437 0.973324
76.279946327 2.278656 1.164228 0.000000 0.000000 0.000000 0.236097 0.971730
76.336917877 2.280541 1.165973 0.000000 0.000000 0.000000 0.242047 0.970264
76.431858301 2.282856 1.168142 0.000000 0.000000 0.000000 0.251290 0.967912
76.487337351 2.288479 1.172220 0.000000 0.000000 0.000000 0.251875 0.967760
76.576975346 2.302036 1.179707 0.000000 0.000000 0.000000 0.252569 0.967579
76.635664701 2.311218 1.185461 0.000000 0.000000 0.000000 0.252283 0.967653
76.736702204 2.328561 1.195855 0.000000 0.000000 0.000000 0.251968 0.967735
76.784813404 2.339786 1.200358 0.000000 0.000000 0.000000 0.251601 0.967831
76.872728825 2.354546 1.209140 0.000000 0.000000 0.000000 0.251967 0.967736
76.940669060 2.367442 1.215829 0.000000 0.000000 0.000000 0.252365 0.967632
77.039191484 2.382099 1.223390 0.000000 0.000000 0.000000 0.252464 0.967606
77.091496944 2.393369 1.229003 0.000000 0.000000 0.000000 0.252849 0.967506
77.178045034 2.398390 1.232203 0.000000 0.000000 0.000000 0.259737 0.965679
77.233334064 2.402760 1.234420 0.000000 0.000000 0.000000 0.264032 0.964514
77.321522951 2.409076 1.237721 0.000000 0.000000 0.000000 0.271466 0.962448
77.385615587 2.413269 1.239971 0.000000 0.000000 0.000000 0.277376 0.960761
77.482558012 2.426899 1.248400 0.000000 0.000000 0.000000 0.278327 0.960486
77.535058022 2.436500 1.254098 0.000000 0.000000 0.000000 0.278648 0.960393
77.635596514 2.451301 1.261779 0.000000 0.000000 0.000000 0.278680 0.960384
77.687636852 2.459825 1.264330 0.000000 0.000000 0.000000 0.278848 0.960335
77.783472538 2.473971 1.273572 0.000000 0.000000 0.000000 0.279663 0.960098
77.833787918 2.482425 1.277993 0.000000 0.000000 0.000000 0.280037 0.959989
77.940711260 2.497955 1.289061 0.000000 0.000000 0.000000 0.279800 0.960058
77.985099792 2.506649 1.294694 0.000000 0.000000 0.000000 0.279398 0.960175
78.074628830 2.519860 1.304321 0.000000 0.000000 0.000000 0.279236 0.960222
78.126539230 2.526973 1.309697 0.000000 0.000000 0.000000 0.278822 0.960343
78.225707769 2.532302 1.313535 0.000000 0.000000 0.000000 0.287238 0.957859
78.287621975 2.535549 1.314532 0.000000 0.000000 0.000000 0.293614 0.955924
78.371752024 2.547793 1.321279 0.000000 0.000000 0.000000 0.293942 0.955823
78.425225496 2.554078 1.327266 0.000000 0.000000 0.000000 0.294245 0.955730
78.525620699 2.568376 1.336387 0.000000 0.000000 0.000000 0.294082 0.955780
78.588539600 2.576272 1.341366 0.000000 0.000000 0.000000 0.294263 0.955725
78.670593977 2.588607 1.350321 0.000000 0.000000 0.000000 0.294297 0.955714
78.735427380 2.596656 1.356323 0.000000 0.000000 0.000000 0.294491 0.955654
78.827690363 2.610881 1.365830 0.000000 0.000000 0.000000 0.294037 0.955794
78.889282465 2.622285 1.373684 0.000000 0.000000 0.000000 0.293758 0.955880
78.986895561 2.639992 1.383462 0.000000 0.000000 0.000000 0.293646 0.955914
79.038242817 2.648743 1.389813 0.000000 0.000000 0.000000 0.293441 0.955977
79.133278370 2.655814 1.393802 0.000000 0.000000 0.000000 0.301329 0.953520
79.188038111 2.658822 1.396280 0.000000 0.000000 0.000000 0.306273 0.951944
79.274859905 2.663584 1.403201 0.000000 0.000000 0.000000 0.314454 0.949273
79.325020790 2.672749 1.409595 0.000000 0.000000 0.000000 0.314986 0.949096
79.419587612 2.687736 1.418392 0.000000 0.000000 0.000000 0.315322 0.948985
79.476016521 2.696905 1.423966 0.000000 0.000000 0.000000 0.315848 0.948810
79.572896481 2.712711 1.434123 0.000000 0.000000 0.000000 0.316086 0.948731
79.625355482 2.723975 1.440385 0.000000 0.000000 0.000000 0.315830 0.948816
79.715934038 2.736911 1.450277 0.000000 0.000000 0.000000 0.315577 0.948900
79.766192913 2.745574 1.457317 0.000000 0.000000 0.000000 0.315705 0.948857
79.851100206 2.762521 1.468286 0.000000 0.000000 0.000000 0.315997 0.948760
79.911969662 2.773176 1.474967 0.000000 0.000000 0.000000 0.316100 0.948726
80.005322218 2.787839 1.484068 0.000000 0.000000 0.000000 0.316092 0.948729
80.049822092 2.794774 1.490400 0.000000 0.000000 0.000000 0.316919 0.948452
80.144307137 2.808703 1.501504 0.000000 0.000000 0.000000 0.317320 0.948319
80.194717646 2.815296 1.510685 0.000000 0.000000 0.000000 0.317506 0.948256
80.283586025 2.821937 1.515458 0.000000 0.000000 0.000000 0.324505 0.945884
80.339012861 2.824009 1.518307 0.000000 0.000000 0.000000 0.329117 0.944289
80.432806969 2.825594 1.522902 0.000000 0.000000 0.000000 0.337326 0.941388
80.481657505 2.828244 1.523386 0.000000 0.000000 0.000000 0.342655 0.939461
80.570667744 2.829668 1.524921 0.000000 0.000000 0.000000 0.350417 0.936594
80.629180193 2.831248 1.524551 0.000000 0.000000 0.000000 0.356071 0.934459
80.725515127 2.835634 1.526017 0.000000 0.000000 0.000000 0.364202 0.931320
80.785824299 2.840503 1.524302 0.000000 0.000000 0.000000 0.369035 0.929416
80.885531425 2.844523 1.527821 0.000000 0.000000 0.000000 0.378206 0.925722
80.931448936 2.845482 1.526699 0.000000 0.000000 0.000000 0.382815 0.923825
81.023196459 2.857818 1.536351 0.000000 0.000000 0.000000 0.383933 0.923361
81.074112654 2.864622 1.543351 0.000000 0.000000 0.000000 0.384392 0.923170
81.169610262 2.876877 1.555343 0.000000 0.000000 0.000000 0.383803 0.923415
81.221564293 2.884411 1.563175 0.000000 0.000000 0.000000 0.383298 0.923625
81.317089081 2.897625 1.575467 0.000000 0.000000 0.000000 0.383379 0.923591
81.373459816 2.905704 1.583418 0.000000 0.000000 0.000000 0.383147 0.923687
81.468533754 2.917730 1.594912 0.000000 0.000000 0.000000 0.382859 0.923807
81.523016691 2.923885 1.603072 0.000000 0.000000 0.000000 0.382800 0.923831
81.598726511 2.932079 1.615051 0.000000 0.000000 0.000000 0.382677 0.923882
81.657386780 2.934505 1.618218 0.000000 0.000000 0.000000 0.386475 0.922300
81.743980408 2.938198 1.620701 0.000000 0.000000 0.000000 0.393331 0.919397
81.802433014 2.941383 1.623236 0.000000 0.000000 0.000000 0.398847 0.917018
81.892469883 2.943953 1.627307 0.000000 0.000000 0.000000 0.407373 0.913262
81.951400280 2.945957 1.629792 0.000000 0.000000 0.000000 0.412824 0.910811
82.051398516 2.947527 1.631398 0.000000 0.000000 0.000000 0.421271 0.906935
82.098116398 2.950964 1.635012 0.000000 0.000000 0.000000 0.425998 0.904724
82.188131332 2.958707 1.645728 0.000000 0.000000 0.000000 0.427272 0.904123
82.248149872 2.964885 1.653849 0.000000 0.000000 0.000000 0.427715 0.903914
82.336132288 2.973540 1.664675 0.000000 0.000000 0.000000 0.428146 0.903709
82.396090031 2.981063 1.672205 0.000000 0.000000 0.000000 0.428459 0.903561
82.493404388 2.992987 1.686226 0.000000 0.000000 0.000000 0.428267 0.903652
82.545469284 3.001456 1.694957 0.000000 0.000000 0.000000 0.427974 0.903791
82.645762682 3.012209 1.708615 0.000000 0.000000 0.000000 0.427858 0.903846
82.703368902 3.019129 1.717053 0.000000 0.000000 0.000000 0.427723 0.903910
82.786747932 3.029005 1.727871 0.000000 0.000000 0.000000 0.427720 0.903912
82.854153395 3.037571 1.736310 0.000000 0.000000 0.000000 0.427439 0.904044
82.943068027 3.049173 1.749538 0.000000 0.000000 0.000000 0.426941 0.904279
83.009804964 3.060383 1.759746 0.000000 0.000000 0.000000 0.426832 0.904331
83.085191727 3.068989 1.770017 0.000000 0.000000 0.000000 0.426546 0.904466
83.153803349 3.079698 1.779648 0.000000 0.000000 0.000000 0.426600 0.904441
83.241653681 3.091797 1.792109 0.000000 0.000000 0.000000 0.426700 0.904393
83.297069788 3.095782 1.796144 0.000000 0.000000 0.000000 0.430125 0.902769
83.389735460 3.099240 1.801192 0.000000 0.000000 0.000000 0.437331 0.899300
83.453119040 3.102262 1.804019 0.000000 0.000000 0.000000 0.442676 0.896681
83.537900448 3.105442 1.804679 0.000000 0.000000 0.000000 0.449790 0.893134
83.597048283 3.106476 1.806019 0.000000 0.000000 0.000000 0.455332 0.890322
83.717325926 3.109920 1.810343 0.000000 0.000000 0.000000 0.465146 0.885234
83.749479055 3.110648 1.808453 0.000000 0.000000 0.000000 0.468343 0.883547
83.838826418 3.111022 1.812050 0.000000 0.000000 0.000000 0.475506 0.879712
83.901724577 3.113938 1.812138 0.000000 0.000000 0.000000 0.480616 0.876931
83.992516994 3.115012 1.816062 0.000000 0.000000 0.000000 0.488472 0.872580
84.051721573 3.113090 1.821074 0.000000 0.000000 0.000000 0.493788 0.869582
84.156426907 3.114301 1.824304 0.000000 0.000000 0.000000 0.502436 0.864614
84.200500965 3.115101 1.826023 0.000000 0.000000 0.000000 0.505994 0.862537
84.283172131 3.121762 1.838514 0.000000 0.000000 0.000000 0.506444 0.862273
84.341853619 3.126712 1.847613 0.000000 0.000000 0.000000 0.505540 0.862803
84.440338135 3.136064 1.862593 0.000000 0.000000 0.000000 0.505285 0.862952
84.490278244 3.140123 1.874256 0.000000 0.000000 0.000000 0.505498 0.862828
84.590413809 3.150371 1.888840 0.000000 0.000000 0.000000 0.505795 0.862654
84.637861252 3.152645 1.892410 0.000000 0.000000 0.000000 0.509153 0.860676
84.731191397 3.155841 1.899487 0.000000 0.000000 0.000000 0.516106 0.856525
84.795961142 3.157860 1.901002 0.000000 0.000000 0.000000 0.521265 0.853395
84.885035038 3.156985 1.904941 0.000000 0.000000 0.000000 0.529011 0.848615
84.942189693 3.161995 1.914178 0.000000 0.000000 0.000000 0.529673 0.848202
85.035698891 3.170125 1.928494 0.000000 0.000000 0.000000 0.530349 0.847779
85.087255955 3.174952 1.937392 0.000000 0.000000 0.000000 0.530442 0.847721
85.177431345 3.184402 1.952592 0.000000 0.000000 0.000000 0.530260 0.847835
85.234461546 3.190193 1.963959 0.000000 0.000000 0.000000 0.529991 0.848003
85.317269802 3.198619 1.979060 0.000000 0.000000 0.000000 0.529762 0.848146
85.371974707 3.204161 1.990012 0.000000 0.000000 0.000000 0.529633 0.848227
85.478625298 3.204424 1.996855 0.000000 0.000000 0.000000 0.537717 0.843125
85.528799295 3.205779 1.998638 0.000000 0.000000 0.000000 0.541919 0.840431
85.623463392 3.207587 2.002588 0.000000 0.000000 0.000000 0.549344 0.835596
85.673765659 3.208623 2.004968 0.000000 0.000000 0.000000 0.553586 0.832792
85.763669968 3.215422 2.017614 0.000000 0.000000 0.000000 0.554437 0.832225
85.820935726 3.219055 2.026142 0.000000 0.000000 0.000000 0.555004 0.831848
85.910727024 3.225301 2.039912 0.000000 0.000000 0.000000 0.555223 0.831701
85.964876890 3.230636 2.048777 0.000000 0.000000 0.000000 0.555350 0.831616
86.051109076 3.237594 2.062732 0.000000 0.000000 0.000000 0.555433 0.831561
86.103527308 3.242696 2.072632 0.000000 0.000000 0.000000 0.555266 0.831673
86.201452255 3.251179 2.087502 0.000000 0.000000 0.000000 0.555433 0.831562
86.242657185 3.256384 2.093582 0.000000 0.000000 0.000000 0.555353 0.831615
86.334985495 3.264736 2.107937 0.000000 0.000000 0.000000 0.555408 0.831578
86.382092714 3.265324 2.110429 0.000000 0.000000 0.000000 0.558982 0.829180
86.472083092 3.268586 2.112899 0.000000 0.000000 0.000000 0.566291 0.824205
86.523828268 3.270330 2.115691 0.000000 0.000000 0.000000 0.570192 0.821511
86.615870237 3.272010 2.119072 0.000000 0.000000 0.000000 0.576895 0.816818
86.670076370 3.273819 2.118764 0.000000 0.000000 0.000000 0.581217 0.813748
86.774803400 3.276790 2.134864 0.000000 0.000000 0.000000 0.581453 0.813580
86.820199966 3.278175 2.141939 0.000000 0.000000 0.000000 0.581708 0.813398
86.919469357 3.283321 2.158644 0.000000 0.000000 0.000000 0.581963 0.813215
86.967871189 3.285678 2.167831 0.000000 0.000000 0.000000 0.582070 0.813139
87.056761026 3.292219 2.184514 0.000000 0.000000 0.000000 0.581654 0.813436
87.109259605 3.297989 2.195670 0.000000 0.000000 0.000000 0.581596 0.813478
87.192007065 3.305371 2.208040 0.000000 0.000000 0.000000 0.582221 0.813031
87.253980637 3.310702 2.217818 0.000000 0.000000 0.000000 0.582389 0.812910
87.349741697 3.312702 2.223591 0.000000 0.000000 0.000000 0.589441 0.807811
87.405018091 3.314221 2.229020 0.000000 0.000000 0.000000 0.593552 0.804795
87.485984564 3.314664 2.230881 0.000000 0.000000 0.000000 0.599405 0.800446
87.543567896 3.315601 2.231333 0.000000 0.000000 0.000000 0.604055 0.796943
87.634330273 3.316139 2.236409 0.000000 0.000000 0.000000 0.611396 0.791325
87.686902761 3.314644 2.235769 0.000000 0.000000 0.000000 0.615339 0.788262
87.787247896 3.314024 2.238272 0.000000 0.000000 0.000000 0.622767 0.782408
87.837472916 3.314000 2.245036 0.000000 0.000000 0.000000 0.623666 0.781691
87.916748285 3.316307 2.256978 0.000000 0.000000 0.000000 0.623713 0.781653
87.986268759 3.319934 2.268925 0.000000 0.000000 0.000000 0.623825 0.781564
88.086726427 3.325416 2.286220 0.000000 0.000000 0.000000 0.623680 0.781680
88.150101423 3.328106 2.297105 0.000000 0.000000 0.000000 0.623711 0.781655
88.240933418 3.329501 2.302453 0.000000 0.000000 0.000000 0.629360 0.777114
88.297403812 3.330907 2.308093 0.000000 0.000000 0.000000 0.632672 0.774420
88.386169910 3.332231 2.315044 0.000000 0.000000 0.000000 0.638800 0.769373
88.450335503 3.333150 2.316591 0.000000 0.000000 0.000000 0.643804 0.765190
88.535275698 3.331798 2.320987 0.000000 0.000000 0.000000 0.650485 0.759519
88.605426788 3.332155 2.323182 0.000000 0.000000 0.000000 0.655610 0.755099
88.683759212 3.333494 2.325972 0.000000 0.000000 0.000000 0.661436 0.750001
88.750116110 3.334444 2.336927 0.000000 0.000000 0.000000 0.662218 0.749311
88.851769447 3.335819 2.355322 0.000000 0.000000 0.000000 0.662196 0.749330
88.916266441 3.337431 2.366901 0.000000 0.000000 0.000000 0.661983 0.749519
89.002526760 3.340833 2.380908 0.000000 0.000000 0.000000 0.662262 0.749272
89.057895184 3.341778 2.391604 0.000000 0.000000 0.000000 0.662606 0.748968
89.140100241 3.343976 2.406307 0.000000 0.000000 0.000000 0.662431 0.749123
89.195465088 3.342993 2.411628 0.000000 0.000000 0.000000 0.666017 0.745936
89.289087772 3.343304 2.416169 0.000000 0.000000 0.000000 0.671631 0.740886
89.344048738 3.346992 2.417302 0.000000 0.000000 0.000000 0.675354 0.737494
89.440391302 3.347485 2.422933 0.000000 0.000000 0.000000 0.682102 0.731257
89.492968559 3.345488 2.423561 0.000000 0.000000 0.000000 0.685885 0.727710
89.607647657 3.348866 2.440936 0.000000 0.000000 0.000000 0.686611 0.727025
89.672281504 3.349187 2.452107 0.000000 0.000000 0.000000 0.686570 0.727064
89.768073082 3.349844 2.469070 0.000000 0.000000 0.000000 0.686668 0.726971
89.829360723 3.350612 2.480495 0.000000 0.000000 0.000000 0.686517 0.727114
89.918611765 3.352649 2.497833 0.000000 0.000000 0.000000 0.686581 0.727053
89.983339548 3.353709 2.510084 0.000000 0.000000 0.000000 0.687497 0.726187
90.075467348 3.354869 2.526546 0.000000 0.000000 0.000000 0.687399 0.726280
90.136802912 3.355055 2.540725 0.000000 0.000000 0.000000 0.687233 0.726438
90.217718840 3.355984 2.557006 0.000000 0.000000 0.000000 0.687110 0.726553
90.282570362 3.357482 2.569833 0.000000 0.000000 0.000000 0.686941 0.726714
90.377734184 3.359145 2.585676 0.000000 0.000000 0.000000 0.686805 0.726842
90.428593874 3.363141 2.597643 0.000000 0.000000 0.000000 0.686601 0.727035
90.510604858 3.366656 2.612826 0.000000 0.000000 0.000000 0.686439 0.727187
90.568803549 3.367671 2.627064 0.000000 0.000000 0.000000 0.686118 0.727490
90.669097900 3.369282 2.645765 0.000000 0.000000 0.000000 0.685977 0.727624
90.734403133 3.370626 2.658174 0.000000 0.000000 0.000000 0.686037 0.727567
90.817264557 3.371853 2.670553 0.000000 0.000000 0.000000 0.685977 0.727624
90.874949217 3.370324 2.681598 0.000000 0.000000 0.000000 0.686677 0.726963
90.977848291 3.371557 2.700933 0.000000 0.000000 0.000000 0.686692 0.726948
91.038990498 3.372521 2.712641 0.000000 0.000000 0.000000 0.686642 0.726996
91.132968187 3.374804 2.730685 0.000000 0.000000 0.000000 0.686434 0.727192
91.184181929 3.377037 2.740041 0.000000 0.000000 0.000000 0.685949 0.727650
91.277483940 3.379930 2.754701 0.000000 0.000000 0.000000 0.685951 0.727648
91.333750963 3.381600 2.766328 0.000000 0.000000 0.000000 0.686021 0.727582
91.435931683 3.383910 2.784017 0.000000 0.000000 0.000000 0.685838 0.727754
91.490885019 3.384877 2.794106 0.000000 0.000000 0.000000 0.685648 0.727933
91.596405983 3.387981 2.812700 0.000000 0.000000 0.000000 0.685608 0.727971
91.657889366 3.389883 2.824792 0.000000 0.000000 0.000000 0.685493 0.728079
91.744920015 3.393328 2.839629 0.000000 0.000000 0.000000 0.686171 0.727440
91.803375244 3.393522 2.850302 0.000000 0.000000 0.000000 0.686507 0.727123
91.889576912 3.393686 2.867485 0.000000 0.000000 0.000000 0.686656 0.726982
91.950321198 3.394587 2.878928 0.000000 0.000000 0.000000 0.686557 0.727076
92.040585995 3.395157 2.896614 0.000000 0.000000 0.000000 0.686700 0.726941
92.095539570 3.395651 2.906440 0.000000 0.000000 0.000000 0.686744 0.726899
92.180634975 3.396741 2.921971 0.000000 0.000000 0.000000 0.686616 0.727021
92.233907700 3.397728 2.931907 0.000000 0.000000 0.000000 0.686880 0.726771
92.324627161 3.398401 2.948272 0.000000 0.000000 0.000000 0.686626 0.727011
92.377721786 3.399476 2.960327 0.000000 0.000000 0.000000 0.686484 0.727145
92.477380037 3.401751 2.977247 0.000000 0.000000 0.000000 0.686148 0.727462
92.527386665 3.403370 2.986646 0.000000 0.000000 0.000000 0.686365 0.727257
92.615924358 3.409191 3.002026 0.000000 0.000000 0.000000 0.686322 0.727298
92.672314167 3.411788 3.010449 0.000000 0.000000 0.000000 0.685977 0.727623
92.773890257 3.413617 3.028838 0.000000 0.000000 0.000000 0.686074 0.727532
92.833395958 3.417111 3.041835 0.000000 0.000000 0.000000 0.685639 0.727942
92.924817085 3.420240 3.060492 0.000000 0.000000 0.000000 0.685581 0.727996
92.988978386 3.421234 3.074780 0.000000 0.000000 0.000000 0.685713 0.727872
93.100240469 3.423185 3.092311 0.000000 0.000000 0.000000 0.686083 0.727523
93.152472734 3.427083 3.105355 0.000000 0.000000 0.000000 0.686320 0.727300
93.248969555 3.427332 3.124294 0.000000 0.000000 0.000000 0.686141 0.727469
93.302347898 3.427378 3.137116 0.000000 0.000000 0.000000 0.685944 0.727654
93.402684212 3.429664 3.154392 0.000000 0.000000 0.000000 0.685665 0.727917
93.454676867 3.431282 3.164575 0.000000 0.000000 0.000000 0.685714 0.727871
93.552758694 3.433945 3.181332 0.000000 0.000000 0.000000 0.685736 0.727850
93.613630056 3.433387 3.191630 0.000000 0.000000 0.000000 0.685768 0.727821
93.707502604 3.435316 3.211291 0.000000 0.000000 0.000000 0.685380 0.728185
93.764230251 3.435489 3.222372 0.000000 0.000000 0.000000 0.685061 0.728486
93.873910427 3.436503 3.243767 0.000000 0.000000 0.000000 0.684882 0.728654
93.914932251 3.438137 3.253938 0.000000 0.000000 0.000000 0.684885 0.728651
94.005584240 3.443782 3.269881 0.000000 0.000000 0.000000 0.684897 0.728640
94.060539484 3.445400 3.279540 0.000000 0.000000 0.000000 0.684918 0.728620
94.156020403 3.447049 3.297403 0.000000 0.000000 0.000000 0.684840 0.728694
94.210253716 3.448112 3.308933 0.000000 0.000000 0.000000 0.684891 0.728646
94.306135893 3.449626 3.326225 0.000000 0.000000 0.000000 0.684688 0.728836
94.372974396 3.451586 3.338025 0.000000 0.000000 0.000000 0.684647 0.728875
94.471097946 3.453789 3.354140 0.000000 0.000000 0.000000 0.685005 0.728538
94.529613972 3.456311 3.368043 0.000000 0.000000 0.000000 0.684944 0.728596
94.627149820 3.453241 3.387346 0.000000 0.000000 0.000000 0.684635 0.728886
94.671769142 3.452673 3.398039 0.000000 0.000000 0.000000 0.684509 0.729005
94.763330460 3.453931 3.417267 0.000000 0.000000 0.000000 0.684471 0.729040
94.822440624 3.455606 3.430501 0.000000 0.000000 0.000000 0.684344 0.729159
94.912670851 3.457459 3.445889 0.000000 0.000000 0.000000 0.684498 0.729015
94.978972197 3.457300 3.457498 0.000000 0.000000 0.000000 0.684037 0.729448
95.068254471 3.459749 3.475145 0.000000 0.000000 0.000000 0.684016 0.729467
95.123470068 3.460421 3.487127 0.000000 0.000000 0.000000 0.684128 0.729362
95.210581541 3.461039 3.503257 0.000000 0.000000 0.000000 0.684214 0.729281
95.261231899 3.460944 3.513779 0.000000 0.000000 0.000000 0.684341 0.729162
95.358219862 3.460200 3.528546 0.000000 0.000000 0.000000 0.684864 0.728671
95.405269146 3.460544 3.538332 0.000000 0.000000 0.000000 0.684903 0.728634
95.495450497 3.459754 3.539571 0.000000 0.000000 0.000000 0.684907 0.728631
95.556711435 3.460751 3.539493 0.000000 0.000000 0.000000 0.684456 0.729054
95.654532194 3.460300 3.540342 0.000000 0.000000 0.000000 0.683968 0.729512
95.718507051 3.459313 3.538467 0.000000 0.000000 0.000000 0.683944 0.729535
95.809733868 3.460043 3.535781 0.000000 0.000000 0.000000 0.683862 0.729611
95.869915009 3.460789 3.535048 0.000000 0.000000 0.000000 0.683758 0.729708
95.968504429 3.460606 3.534512 0.000000 0.000000 0.000000 0.683586 0.729870
96.013655424 3.459687 3.535805 0.000000 0.000000 0.000000 0.683162 0.730267
96.105460644 3.460330 3.535429 0.000000 0.000000 0.000000 0.683411 0.730034
96.151817083 3.460549 3.533843 0.000000 0.000000 0.000000 0.683489 0.729961
96.249305487 3.463070 3.533608 0.000000 0.000000 0.000000 0.683768 0.729699
96.313171148 3.461809 3.533359 0.000000 0.000000 0.000000 0.683546 0.729908
96.411842108 3.462620 3.534084 0.000000 0.000000 0.000000 0.683269 0.730167
96.483254194 3.462863 3.535899 0.000000 0.000000 0.000000 0.683127 0.730300
96.576039553 3.462831 3.537066 0.000000 0.000000 0.000000 0.683227 0.730206
96.634468794 3.461668 3.538187 0.000000 0.000000 0.000000 0.683019 0.730401
96.723625898 3.462268 3.538738 0.000000 0.000000 0.000000 0.682893 0.730518
96.781600475 3.464236 3.541432 0.000000 0.000000 0.000000 0.683215 0.730217
96.866395235 3.463195 3.541696 0.000000 0.000000 0.000000 0.683187 0.730243
96.921135187 3.462514 3.543063 0.000000 0.000000 0.000000 0.683240 0.730194
97.019036293 3.460595 3.543441 0.000000 0.000000 0.000000 0.682901 0.730511
97.060910940 3.459490 3.544848 0.000000 0.000000 0.000000 0.682728 0.730672
97.153807163 3.459055 3.545409 0.000000 0.000000 0.000000 0.682599 0.730793
97.211027622 3.458333 3.545404 0.000000 0.000000 0.000000 0.682515 0.730872
97.305245876 3.456509 3.545625 0.000000 0.000000 0.000000 0.682166 0.731197
97.364989996 3.455303 3.547326 0.000000 0.000000 0.000000 0.682268 0.731102
97.465471268 3.452868 3.548322 0.000000 0.000000 0.000000 0.682281 0.731090
97.531141281 3.451439 3.549795 0.000000 0.000000 0.000000 0.682311 0.731062
97.607466698 3.450855 3.548115 0.000000 0.000000 0.000000 0.682154 0.731208
97.670571327 3.450483 3.547755 0.000000 0.000000 0.000000 0.682203 0.731163
97.761371374 3.449888 3.548083 0.000000 0.000000 0.000000 0.681885 0.731459
97.826786518 3.449701 3.548424 0.000000 0.000000 0.000000 0.681965 0.731385
97.904732704 3.449360 3.548417 0.000000 0.000000 0.000000 0.681915 0.731431
97.972033739 3.448357 3.549627 0.000000 0.000000 0.000000 0.681720 0.731613
98.065672398 3.449221 3.550107 0.000000 0.000000 0.000000 0.681769 0.731567
98.120881319 3.447913 3.551458 0.000000 0.000000 0.000000 0.681577 0.731746
98.209275961 3.447757 3.551292 0.000000 0.000000 0.000000 0.681214 0.732084
98.266049623 3.447073 3.552073 0.000000 0.000000 0.000000 0.681144 0.732149
98.353181839 3.447128 3.553090 0.000000 0.000000 0.000000 0.680926 0.732352
98.403073549 3.448813 3.554072 0.000000 0.000000 0.000000 0.680538 0.732713
98.490382910 3.448767 3.554150 0.000000 0.000000 0.000000 0.680313 0.732922
98.542252064 3.450039 3.556860 0.000000 0.000000 0.000000 0.680156 0.733068
98.624454260 3.449559 3.553610 0.000000 0.000000 0.000000 0.680029 0.733186
98.685510397 3.451995 3.553792 0.000000 0.000000 0.000000 0.679849 0.733352
98.779605627 3.453090 3.553797 0.000000 0.000000 0.000000 0.679567 0.733613
98.838194609 3.453499 3.554342 0.000000 0.000000 0.000000 0.679687 0.733502
98.929908276 3.453439 3.553607 0.000000 0.000000 0.000000 0.679850 0.733351
98.986426353 3.455071 3.554485 0.000000 0.000000 0.000000 0.680015 0.733198
99.090990067 3.455000 3.554380 0.000000 0.000000 0.000000 0.679895 0.733310
99.137984037 3.453208 3.553129 0.000000 0.000000 0.000000 0.679978 0.733232
99.222180128 3.452268 3.552335 0.000000 0.000000 0.000000 0.679926 0.733280
99.274515629 3.451914 3.551904 0.000000 0.000000 0.000000 0.679884 0.733319
99.372492313 3.452207 3.550978 0.000000 0.000000 0.000000 0.680045 0.733171
99.430688858 3.452486 3.550423 0.000000 0.000000 0.000000 0.680338 0.732898
99.544572830 3.453322 3.550507 0.000000 0.000000 0.000000 0.680264 0.732967
99.586899042 3.453198 3.548349 0.000000 0.000000 0.000000 0.680136 0.733086
99.684531927 3.456851 3.547975 0.000000 0.000000 0.000000 0.680099 0.733120
99.732462883 3.457176 3.548434 0.000000 0.000000 0.000000 0.679959 0.733250
99.817482233 3.458240 3.548861 0.000000 0.000000 0.000000 0.680184 0.733042
99.865893364 3.458427 3.549755 0.000000 0.000000 0.000000 0.680347 0.732890
99.974117994 3.457421 3.549075 0.000000 0.000000 0.000000 0.680154 0.733069
100.008396149 3.457113 3.548052 0.000000 0.000000 0.000000 0.680128 0.733093
100.099959850 3.458435 3.547210 0.000000 0.000000 0.000000 0.680193 0.733033
100.157341719 3.457972 3.546563 0.000000 0.000000 0.000000 0.680346 0.732891
100.251402378 3.457326 3.545545 0.000000 0.000000 0.000000 0.680201 0.733025
100.296842813 3.458529 3.543984 0.000000 0.000000 0.000000 0.680281 0.732951
100.386153460 3.460087 3.543442 0.000000 0.000000 0.000000 0.680327 0.732909
100.438560963 3.462314 3.543820 0.000000 0.000000 0.000000 0.680156 0.733068
100.523025513 3.463618 3.541626 0.000000 0.000000 0.000000 0.680248 0.732982
100.578892708 3.461937 3.540582 0.000000 0.000000 0.000000 0.680674 0.732586
100.666844606 3.461607 3.540534 0.000000 0.000000 0.000000 0.680547 0.732704
100.717916250 3.460465 3.539873 0.000000 0.000000 0.000000 0.680413 0.732829
100.814438343 3.458744 3.540362 0.000000 0.000000 0.000000 0.680640 0.732618
100.859156370 3.459611 3.539109 0.000000 0.000000 0.000000 0.680767 0.732500
100.952885628 3.459676 3.538286 0.000000 0.000000 0.000000 0.680782 0.732486
101.000487804 3.462987 3.536895 0.000000 0.000000 0.000000 0.680738 0.732527
101.085479736 3.463636 3.537125 0.000000 0.000000 0.000000 0.680836 0.732436
101.136031866 3.463766 3.536171 0.000000 0.000000 0.000000 0.680828 0.732444
101.229514122 3.464861 3.536585 0.000000 0.000000 0.000000 0.680606 0.732650
101.274351120 3.466253 3.536565 0.000000 0.000000 0.000000 0.680742 0.732523
101.373620749 3.466183 3.535504 0.000000 0.000000 0.000000 0.680466 0.732780
101.426921129 3.465645 3.533900 0.000000 0.000000 0.000000 0.680384 0.732856
101.521782160 3.466061 3.533922 0.000000 0.000000 0.000000 0.680478 0.732769
101.570658922 3.466564 3.532907 0.000000 0.000000 0.000000 0.680407 0.732834
101.657437325 3.467141 3.530369 0.000000 0.000000 0.000000 0.680363 0.732876
101.713495970 3.467873 3.528152 0.000000 0.000000 0.000000 0.680263 0.732968
101.799236774 3.467931 3.528413 0.000000 0.000000 0.000000 0.680276 0.732956
101.849389791 3.465766 3.526234 0.000000 0.000000 0.000000 0.680352 0.732885
101.945839167 3.464479 3.524548 0.000000 0.000000 0.000000 0.680236 0.732993
101.999189854 3.460875 3.525320 0.000000 0.000000 0.000000 0.680098 0.733121
102.086042404 3.459933 3.525014 0.000000 0.000000 0.000000 0.680159 0.733065
102.136522293 3.460241 3.524995 0.000000 0.000000 0.000000 0.680360 0.732878
102.221495152 3.460285 3.526504 0.000000 0.000000 0.000000 0.680141 0.733081
102.276251078 3.461008 3.527498 0.000000 0.000000 0.000000 0.679961 0.733248
102.367645025 3.461420 3.528595 0.000000 0.000000 0.000000 0.679508 0.733668
102.423708200 3.460617 3.527308 0.000000 0.000000 0.000000 0.679781 0.733415
102.525077105 3.459843 3.524824 0.000000 0.000000 0.000000 0.679765 0.733430
102.574762106 3.460209 3.523295 0.000000 0.000000 0.000000 0.679549 0.733630
102.674291134 3.459640 3.523579 0.000000 0.000000 0.000000 0.679745 0.733448
