56.000000000 0.002507 0.990777 0.000000 0.000000 0.000000 -0.001097 0.999999
56.092626333 -0.000648 0.985488 0.000000 0.000000 0.000000 0.001173 0.999999
56.136488199 0.001542 0.983409 0.000000 0.000000 0.000000 0.003204 0.999995
56.234569073 0.003526 0.985405 0.000000 0.000000 0.000000 0.003696 0.999993
56.291095257 0.003405 0.985744 0.000000 0.000000 0.000000 0.003557 0.999994
56.384810448 0.003232 0.986195 0.000000 0.000000 0.000000 0.003245 0.999995
56.432573795 0.003681 0.988267 0.000000 0.000000 0.000000 0.003705 0.999993
56.517774343 0.001759 0.989773 0.000000 0.000000 0.000000 0.003500 0.999994
56.566277504 0.000093 0.989939 0.000000 0.000000 0.000000 0.003986 0.999992
56.658776283 -0.001163 0.990429 0.000000 0.000000 0.000000 0.004001 0.999992
56.719421625 -0.002484 0.991629 0.000000 0.000000 0.000000 0.004233 0.999991
56.806190968 -0.005138 0.991240 0.000000 0.000000 0.000000 0.004556 0.999990
56.859033823 -0.006183 0.991297 0.000000 0.000000 0.000000 0.004599 0.999989
56.956225157 -0.006437 0.990746 0.000000 0.000000 0.000000 0.005164 0.999987
56.992516994 -0.007304 0.989950 0.000000 0.000000 0.000000 0.005150 0.999987
57.085117579 -0.007950 0.989421 0.000000 0.000000 0.000000 0.005297 0.999986
57.135342836 -0.007779 0.988565 0.000000 0.000000 0.000000 0.005484 0.999985
57.226917267 -0.008289 0.988611 0.000000 0.000000 0.000000 0.005519 0.999985
57.280653477 -0.008228 0.988107 0.000000 0.000000 0.000000 0.005653 0.999984
57.376023293 -0.008330 0.988205 0.000000 0.000000 0.000000 0.005410 0.999985
57.421943903 -0.007918 0.988730 0.000000 0.000000 0.000000 0.005462 0.999985
57.506844759 -0.007248 0.986964 0.000000 0.000000 0.000000 0.005679 0.999984
57.561612844 -0.007975 0.989658 0.000000 0.000000 0.000000 0.005514 0.999985
57.661116600 -0.007516 0.989434 0.000000 0.000000 0.000000 0.005264 0.999986
57.713097334 -0.009006 0.988172 0.000000 0.000000 0.000000 0.005370 0.999986
57.818692207 -0.008305 0.988699 0.000000 0.000000 0.000000 0.005500 0.999985
57.857132435 -0.007317 0.989082 0.000000 0.000000 0.000000 0.005407 0.999985
57.942367077 -0.007658 0.991259 0.000000 0.000000 0.000000 0.005461 0.999985
57.993121147 -0.006516 0.990505 0.000000 0.000000 0.000000 0.006101 0.999981
58.084053516 -0.007091 0.989852 0.000000 0.000000 0.000000 0.006054 0.999982
58.134043932 -0.005554 0.988865 0.000000 0.000000 0.000000 0.006377 0.999980
58.226578236 -0.006484 0.990120 0.000000 0.000000 0.000000 0.006626 0.999978
58.278188705 -0.006540 0.989836 0.000000 0.000000 0.000000 0.006922 0.999976
58.375108480 -0.008006 0.988505 0.000000 0.000000 0.000000 0.007185 0.999974
58.432198524 -0.007308 0.987734 0.000000 0.000000 0.000000 0.007382 0.999973
58.513686180 -0.010287 0.988212 0.000000 0.000000 0.000000 0.007611 0.999971
58.577755451 -0.011727 0.987695 0.000000 0.000000 0.000000 0.008073 0.999967
58.663658381 -0.011564 0.988468 0.000000 0.000000 0.000000 0.008029 0.999968
58.721382856 -0.011649 0.990333 0.000000 0.000000 0.000000 0.008171 0.999967
58.811643362 -0.012103 0.989240 0.000000 0.000000 0.000000 0.008080 0.999967
58.859117508 -0.010982 0.989173 0.000000 0.000000 0.000000 0.008095 0.999967
58.954252720 -0.011808 0.989729 0.000000 0.000000 0.000000 0.007811 0.999969
59.016629219 -0.010996 0.989985 0.000000 0.000000 0.000000 0.007551 0.999971
59.106379747 -0.012782 0.990238 0.000000 0.000000 0.000000 0.008230 0.999966
59.158839226 -0.013275 0.990398 0.000000 0.000000 0.000000 0.008609 0.999963
59.239713192 -0.012900 0.989183 0.000000 0.000000 0.000000 0.008456 0.999964
59.295119047 -0.010874 0.990606 0.000000 0.000000 0.000000 0.008436 0.999964
59.400145054 -0.012265 0.989874 0.000000 0.000000 0.000000 0.008701 0.999962
59.447155952 -0.011855 0.988348 0.000000 0.000000 0.000000 0.008964 0.999960
59.543852329 -0.010184 0.987595 0.000000 0.000000 0.000000 0.008937 0.999960
59.590034962 -0.008339 0.988028 0.000000 0.000000 0.000000 0.008951 0.999960
59.665421247 -0.007251 0.987521 0.000000 0.000000 0.000000 0.009028 0.999959
59.720851421 -0.007009 0.987112 0.000000 0.000000 0.000000 0.009037 0.999959
59.805132151 -0.004824 0.986141 0.000000 0.000000 0.000000 0.009067 0.999959
59.860359430 -0.005948 0.985720 0.000000 0.000000 0.000000 0.008842 0.999961
59.957119226 -0.006761 0.986154 0.000000 0.000000 0.000000 0.008976 0.999960
60.005816936 -0.007104 0.986069 0.000000 0.000000 0.000000 0.008501 0.999964
60.089397669 -0.007962 0.985579 0.000000 0.000000 0.000000 0.008837 0.999961
60.138172865 -0.006442 0.988458 0.000000 0.000000 0.000000 0.008171 0.999967
60.220950127 -0.008082 0.988422 0.000000 0.000000 0.000000 0.008184 0.999967
60.272440672 -0.008909 0.988752 0.000000 0.000000 0.000000 0.008197 0.999966
60.365985632 -0.009205 0.989478 0.000000 0.000000 0.000000 0.008261 0.999966
60.419920921 -0.009578 0.991695 0.000000 0.000000 0.000000 0.008162 0.999967
60.517887354 -0.009944 0.990606 0.000000 0.000000 0.000000 0.008391 0.999965
60.576246977 -0.009484 0.991651 0.000000 0.000000 0.000000 0.008662 0.999962
60.661265135 -0.011052 0.991814 0.000000 0.000000 0.000000 0.008942 0.999960
60.720116138 -0.011245 0.990993 0.000000 0.000000 0.000000 0.008725 0.999962
60.806773424 -0.010879 0.990982 0.000000 0.000000 0.000000 0.009335 0.999956
60.856551170 -0.011357 0.990995 0.000000 0.000000 0.000000 0.009451 0.999955
60.954911470 -0.011541 0.988568 0.000000 0.000000 0.000000 0.009708 0.999953
61.012297630 -0.010667 0.988156 0.000000 0.000000 0.000000 0.009606 0.999954
61.109639168 -0.011137 0.989011 0.000000 0.000000 0.000000 0.009705 0.999953
61.157109976 -0.009903 0.988760 0.000000 0.000000 0.000000 0.009859 0.999951
61.239634752 -0.006291 0.986836 0.000000 0.000000 0.000000 0.010087 0.999949
61.291578770 -0.006863 0.986489 0.000000 0.000000 0.000000 0.010196 0.999948
61.377224922 -0.006945 0.987261 0.000000 0.000000 0.000000 0.009937 0.999951
61.424571276 -0.007348 0.987649 0.000000 0.000000 0.000000 0.010426 0.999946
61.517945051 -0.007728 0.987058 0.000000 0.000000 0.000000 0.010453 0.999945
61.571182013 -0.009020 0.985784 0.000000 0.000000 0.000000 0.010396 0.999946
61.674693108 -0.008252 0.985000 0.000000 0.000000 0.000000 0.010729 0.999942
61.731230259 -0.007956 0.985060 0.000000 0.000000 0.000000 0.011035 0.999939
61.823836803 -0.007087 0.985542 0.000000 0.000000 0.000000 0.010967 0.999940
61.867137194 -0.007282 0.983464 0.000000 0.000000 0.000000 0.010981 0.999940
61.957184315 -0.006866 0.983326 0.000000 0.000000 0.000000 0.011108 0.999938
62.007257462 -0.007716 0.984868 0.000000 0.000000 0.000000 0.010816 0.999942
62.096065044 -0.006644 0.986550 0.000000 0.000000 0.000000 0.011016 0.999939
62.149833441 -0.004485 0.988440 0.000000 0.000000 0.000000 0.010469 0.999945
62.231528997 0.011061 0.988492 0.000000 0.000000 0.000000 0.009724 0.999953
62.288254261 0.021017 0.988479 0.000000 0.000000 0.000000 0.009103 0.999959
62.372793436 0.036835 0.989505 0.000000 0.000000 0.000000 0.008926 0.999960
62.437046528 0.049452 0.989446 0.000000 0.000000 0.000000 0.008942 0.999960
62.518205643 0.065083 0.990533 0.000000 0.000000 0.000000 0.008880 0.999961
62.573649645 0.075991 0.991003 0.000000 0.000000 0.000000 0.009057 0.999959
62.658019066 0.092506 0.990581 0.000000 0.000000 0.000000 0.009289 0.999957
62.708748341 0.101359 0.989975 0.000000 0.000000 0.000000 0.009024 0.999959
62.802901506 0.118525 0.991087 0.000000 0.000000 0.000000 0.009197 0.999958
62.862125397 0.127962 0.989764 0.000000 0.000000 0.000000 0.009648 0.999953
62.944721937 0.141513 0.988127 0.000000 0.000000 0.000000 0.010089 0.999949
63.001682520 0.151886 0.988400 0.000000 0.000000 0.000000 0.010508 0.999945
63.096352816 0.169905 0.988235 0.000000 0.000000 0.000000 0.011327 0.999936
63.140980959 0.179400 0.985400 0.000000 0.000000 0.000000 0.011679 0.999932
63.224403381 0.195470 0.986592 0.000000 0.000000 0.000000 0.012198 0.999926
63.278097630 0.207670 0.986103 0.000000 0.000000 0.000000 0.012457 0.999922
63.378735542 0.227426 0.987676 0.000000 0.000000 0.000000 0.012519 0.999922
63.429337263 0.237479 0.987072 0.000000 0.000000 0.000000 0.012390 0.999923
63.507558107 0.251783 0.988519 0.000000 0.000000 0.000000 0.012243 0.999925
63.561244726 0.262044 0.989202 0.000000 0.000000 0.000000 0.012203 0.999926
63.651183605 0.278172 0.989660 0.000000 0.000000 0.000000 0.012207 0.999925
63.722069025 0.292245 0.988365 0.000000 0.000000 0.000000 0.012353 0.999924
63.818211794 0.311597 0.988404 0.000000 0.000000 0.000000 0.012398 0.999923
63.867984533 0.321049 0.986838 0.000000 0.000000 0.000000 0.012761 0.999919
63.954170942 0.336911 0.985409 0.000000 0.000000 0.000000 0.012639 0.999920
64.007827759 0.348424 0.984186 0.000000 0.000000 0.000000 0.012223 0.999925
64.098969221 0.365597 0.985403 0.000000 0.000000 0.000000 0.012624 0.999920
64.150251389 0.374757 0.986392 0.000000 0.000000 0.000000 0.012715 0.999919
64.240028858 0.391142 0.987807 0.000000 0.000000 0.000000 0.013938 0.999903
64.291742325 0.401269 0.988822 0.000000 0.000000 0.000000 0.014054 0.999901
64.384911537 0.418668 0.990723 0.000000 0.000000 0.000000 0.014398 0.999896
64.438662767 0.427916 0.991202 0.000000 0.000000 0.000000 0.014745 0.999891
64.529100657 0.444822 0.990788 0.000000 0.000000 0.000000 0.015246 0.999884
64.581606388 0.455131 0.990809 0.000000 0.000000 0.000000 0.015468 0.999880
64.666499376 0.473753 0.991036 0.000000 0.000000 0.000000 0.015738 0.999876
64.719514608 0.482945 0.991307 0.000000 0.000000 0.000000 0.016268 0.999868
64.801486015 0.498654 0.990890 0.000000 0.000000 0.000000 0.016835 0.999858
64.853920698 0.508998 0.991158 0.000000 0.000000 0.000000 0.016621 0.999862
64.943417788 0.524751 0.988906 0.000000 0.000000 0.000000 0.017214 0.999852
64.995023489 0.534854 0.989982 0.000000 0.000000 0.000000 0.017685 0.999844
65.076430798 0.550255 0.991752 0.000000 0.000000 0.000000 0.017695 0.999843
65.137303352 0.559946 0.992147 0.000000 0.000000 0.000000 0.017564 0.999846
65.235720634 0.581552 0.991788 0.000000 0.000000 0.000000 0.018073 0.999837
65.286878586 0.591518 0.992055 0.000000 0.000000 0.000000 0.018553 0.999828
65.388996363 0.609951 0.993753 0.000000 0.000000 0.000000 0.018714 0.999825
65.443364143 0.620936 0.992858 0.000000 0.000000 0.000000 0.018700 0.999825
65.533442974 0.638465 0.992823 0.000000 0.000000 0.000000 0.018736 0.999824
65.583643198 0.647474 0.991004 0.000000 0.000000 0.000000 0.018493 0.999829
65.666572094 0.663447 0.989943 0.000000 0.000000 0.000000 0.018350 0.999832
65.718314648 0.673665 0.989491 0.000000 0.000000 0.000000 0.018720 0.999825
65.813969851 0.690706 0.989186 0.000000 0.000000 0.000000 0.018641 0.999826
65.860479355 0.696823 0.989367 0.000000 0.000000 0.000000 0.018407 0.999831
65.949100494 0.712249 0.989609 0.000000 0.000000 0.000000 0.018339 0.999832
66.006313324 0.722916 0.991095 0.000000 0.000000 0.000000 0.018188 0.999835
66.091695070 0.740140 0.992517 0.000000 0.000000 0.000000 0.018247 0.999834
66.150105000 0.750910 0.991264 0.000000 0.000000 0.000000 0.018149 0.999835
66.245607138 0.767742 0.992929 0.000000 0.000000 0.000000 0.017085 0.999854
66.289936066 0.775791 0.992714 0.000000 0.000000 0.000000 0.017185 0.999852
66.374847174 0.791749 0.991763 0.000000 0.000000 0.000000 0.017432 0.999848
66.427448988 0.799896 0.991628 0.000000 0.000000 0.000000 0.017641 0.999844
66.515174389 0.816245 0.992548 0.000000 0.000000 0.000000 0.017932 0.999839
66.565155268 0.823931 0.991573 0.000000 0.000000 0.000000 0.017955 0.999839
66.668905973 0.844729 0.992553 0.000000 0.000000 0.000000 0.018150 0.999835
66.720251560 0.853409 0.992830 0.000000 0.000000 0.000000 0.018300 0.999833
66.818524122 0.872578 0.993254 0.000000 0.000000 0.000000 0.018342 0.999832
66.862034321 0.882112 0.993018 0.000000 0.000000 0.000000 0.018737 0.999824
66.948162079 0.897329 0.993408 0.000000 0.000000 0.000000 0.018350 0.999832
66.998103142 0.907383 0.994550 0.000000 0.000000 0.000000 0.018125 0.999836
67.100195885 0.925842 0.994634 0.000000 0.000000 0.000000 0.018131 0.999836
67.157076359 0.937095 0.995209 0.000000 0.000000 0.000000 0.017902 0.999840
67.269846916 0.961104 0.997010 0.000000 0.000000 0.000000 0.017159 0.999853
67.325706720 0.972013 0.998263 0.000000 0.000000 0.000000 0.017138 0.999853
67.417520761 0.989319 0.998573 0.000000 0.000000 0.000000 0.017510 0.999847
67.475314379 0.999650 0.998074 0.000000 0.000000 0.000000 0.017650 0.999844
67.587245464 1.022155 0.998304 0.000000 0.000000 0.000000 0.017420 0.999848
67.657504320 1.036652 0.997808 0.000000 0.000000 0.000000 0.017326 0.999850
67.744100571 1.052993 0.999229 0.000000 0.000000 0.000000 0.016935 0.999857
67.809964418 1.064642 0.999006 0.000000 0.000000 0.000000 0.017032 0.999855
67.907867193 1.082760 1.001079 0.000000 0.000000 0.000000 0.017242 0.999851
67.955658197 1.092044 1.001274 0.000000 0.000000 0.000000 0.017261 0.999851
68.043772697 1.110487 1.002497 0.000000 0.000000 0.000000 0.016894 0.999857
68.092056751 1.121048 1.001838 0.000000 0.000000 0.000000 0.016808 0.999859
68.198954105 1.141998 1.001912 0.000000 0.000000 0.000000 0.016789 0.999859
68.239401817 1.150671 1.001720 0.000000 0.000000 0.000000 0.016232 0.999868
68.334116697 1.167967 1.002376 0.000000 0.000000 0.000000 0.016444 0.999865
68.393169165 1.177983 1.002206 0.000000 0.000000 0.000000 0.016725 0.999860
68.488315105 1.196840 1.003895 0.000000 0.000000 0.000000 0.017033 0.999855
68.548655272 1.210121 1.005550 0.000000 0.000000 0.000000 0.016740 0.999860
68.628951550 1.227430 1.005503 0.000000 0.000000 0.000000 0.016393 0.999866
68.688163757 1.239913 1.006596 0.000000 0.000000 0.000000 0.015825 0.999875
68.771270037 1.257499 1.006517 0.000000 0.000000 0.000000 0.016254 0.999868
68.824939728 1.269104 1.003785 0.000000 0.000000 0.000000 0.016549 0.999863
68.927378178 1.289112 1.004835 0.000000 0.000000 0.000000 0.016819 0.999859
68.988554239 1.300322 1.004184 0.000000 0.000000 0.000000 0.016721 0.999860
69.091393948 1.320079 1.007465 0.000000 0.000000 0.000000 0.016871 0.999858
69.142657280 1.330002 1.006097 0.000000 0.000000 0.000000 0.016846 0.999858
69.226943970 1.345251 1.006393 0.000000 0.000000 0.000000 0.017068 0.999854
69.291504383 1.357049 1.009590 0.000000 0.000000 0.000000 0.017317 0.999850
69.395749092 1.375563 1.011284 0.000000 0.000000 0.000000 0.016475 0.999864
69.444655418 1.385579 1.013767 0.000000 0.000000 0.000000 0.016472 0.999864
69.543005466 1.404142 1.015956 0.000000 0.000000 0.000000 0.017009 0.999855
69.595045090 1.413856 1.015587 0.000000 0.000000 0.000000 0.016727 0.999860
69.695927858 1.432758 1.015873 0.000000 0.000000 0.000000 0.016977 0.999856
69.753221989 1.444289 1.016789 0.000000 0.000000 0.000000 0.016781 0.999859
69.852281094 1.463933 1.019135 0.000000 0.000000 0.000000 0.016682 0.999861
69.909631014 1.475491 1.018015 0.000000 0.000000 0.000000 0.016655 0.999861
70.003495455 1.495796 1.019952 0.000000 0.000000 0.000000 0.016763 0.999859
70.055417776 1.504887 1.021799 0.000000 0.000000 0.000000 0.016874 0.999858
70.137858391 1.520595 1.022988 0.000000 0.000000 0.000000 0.016591 0.999862
70.199167728 1.531668 1.023519 0.000000 0.000000 0.000000 0.016864 0.999858
70.302878618 1.551097 1.024430 0.000000 0.000000 0.000000 0.017375 0.999849
70.369396687 1.566624 1.026111 0.000000 0.000000 0.000000 0.017612 0.999845
70.461210728 1.584324 1.025116 0.000000 0.000000 0.000000 0.017434 0.999848
70.509778738 1.597313 1.023738 0.000000 0.000000 0.000000 0.018044 0.999837
70.599387646 1.613798 1.022574 0.000000 0.000000 0.000000 0.018054 0.999837
70.656033039 1.623923 1.022787 0.000000 0.000000 0.000000 0.017759 0.999842
70.768153429 1.645441 1.023692 0.000000 0.000000 0.000000 0.017639 0.999844
70.815999985 1.655287 1.023129 0.000000 0.000000 0.000000 0.017190 0.999852
70.900581121 1.672338 1.022155 0.000000 0.000000 0.000000 0.016970 0.999856
70.955633402 1.681935 1.023329 0.000000 0.000000 0.000000 0.017507 0.999847
71.042252779 1.699275 1.025271 0.000000 0.000000 0.000000 0.017639 0.999844
71.103641987 1.712301 1.025007 0.000000 0.000000 0.000000 0.017660 0.999844
71.186776161 1.729316 1.026375 0.000000 0.000000 0.000000 0.018063 0.999837
71.250498533 1.742457 1.023864 0.000000 0.000000 0.000000 0.017673 0.999844
71.341936827 1.746781 1.021923 0.000000 0.000000 0.000000 0.025797 0.999667
71.393325806 1.748660 1.024112 0.000000 0.000000 0.000000 0.031369 0.999508
71.487019539 1.752768 1.022629 0.000000 0.000000 0.000000 0.041137 0.999154
71.537977695 1.755642 1.020871 0.000000 0.000000 0.000000 0.046276 0.998929
71.626116753 1.759912 1.019172 0.000000 0.000000 0.000000 0.054872 0.998493
71.682151079 1.763331 1.018688 0.000000 0.000000 0.000000 0.059980 0.998200
71.763496399 1.767927 1.019298 0.000000 0.000000 0.000000 0.067484 0.997720
71.820455313 1.770099 1.018015 0.000000 0.000000 0.000000 0.072831 0.997344
71.918866396 1.774679 1.020139 0.000000 0.000000 0.000000 0.082529 0.996589
71.975845575 1.778502 1.020988 0.000000 0.000000 0.000000 0.088024 0.996118
72.068582535 1.781798 1.021675 0.000000 0.000000 0.000000 0.096907 0.995293
72.122643709 1.784482 1.022971 0.000000 0.000000 0.000000 0.101997 0.994785
72.217851877 1.800276 1.027067 0.000000 0.000000 0.000000 0.102038 0.994781
72.265589714 1.811019 1.028154 0.000000 0.000000 0.000000 0.102118 0.994772
72.354194641 1.827502 1.030232 0.000000 0.000000 0.000000 0.102084 0.994776
72.403216600 1.837212 1.033603 0.000000 0.000000 0.000000 0.102305 0.994753
72.504085302 1.857445 1.036031 0.000000 0.000000 0.000000 0.102583 0.994724
72.559812546 1.867921 1.039634 0.000000 0.000000 0.000000 0.102549 0.994728
72.641114473 1.884098 1.043890 0.000000 0.000000 0.000000 0.102286 0.994755
72.695553064 1.896209 1.044550 0.000000 0.000000 0.000000 0.102339 0.994750
72.784453154 1.913096 1.048650 0.000000 0.000000 0.000000 0.102509 0.994732
72.839464188 1.916465 1.048860 0.000000 0.000000 0.000000 0.107598 0.994194
72.931765556 1.919573 1.049503 0.000000 0.000000 0.000000 0.115915 0.993259
72.986810684 1.922874 1.048740 0.000000 0.000000 0.000000 0.121273 0.992619
73.071648121 1.925680 1.050765 0.000000 0.000000 0.000000 0.128742 0.991678
73.129702330 1.927458 1.051553 0.000000 0.000000 0.000000 0.134076 0.990971
73.227200508 1.932449 1.051633 0.000000 0.000000 0.000000 0.143251 0.989686
73.271549940 1.933892 1.051324 0.000000 0.000000 0.000000 0.147828 0.989013
73.365193605 1.950115 1.061354 0.000000 0.000000 0.000000 0.148349 0.988935
73.410813332 1.956483 1.062413 0.000000 0.000000 0.000000 0.148441 0.988921
73.495560646 1.971233 1.066354 0.000000 0.000000 0.000000 0.148557 0.988904
73.549853325 1.981324 1.069047 0.000000 0.000000 0.000000 0.148198 0.988958
73.635336399 1.995741 1.073234 0.000000 0.000000 0.000000 0.148141 0.988966
73.700213671 2.008632 1.075415 0.000000 0.000000 0.000000 0.148366 0.988933
73.794411182 2.027465 1.080412 0.000000 0.000000 0.000000 0.148845 0.988860
73.851395130 2.038085 1.083593 0.000000 0.000000 0.000000 0.149096 0.988823
73.934927464 2.053035 1.088376 0.000000 0.000000 0.000000 0.149026 0.988833
73.994324923 2.056101 1.086622 0.000000 0.000000 0.000000 0.154431 0.988004
74.076428652 2.060001 1.085513 0.000000 0.000000 0.000000 0.162068 0.986780
74.138641834 2.063148 1.083957 0.000000 0.000000 0.000000 0.167361 0.985896
74.232690811 2.067797 1.083235 0.000000 0.000000 0.000000 0.176451 0.984310
74.284757137 2.070904 1.081144 0.000000 0.000000 0.000000 0.181851 0.983326
74.368963718 2.074091 1.081973 0.000000 0.000000 0.000000 0.189948 0.981794
74.424954653 2.076847 1.083263 0.000000 0.000000 0.000000 0.195141 0.980775
74.512892008 2.080743 1.084676 0.000000 0.000000 0.000000 0.202758 0.979229
74.568120718 2.090346 1.087923 0.000000 0.000000 0.000000 0.203254 0.979126
74.659038782 2.106409 1.093751 0.000000 0.000000 0.000000 0.203536 0.979067
74.720528126 2.116788 1.098968 0.000000 0.000000 0.000000 0.203374 0.979101
74.807915449 2.132287 1.105232 0.000000 0.000000 0.000000 0.203481 0.979079
74.867791891 2.144876 1.109357 0.000000 0.000000 0.000000 0.203335 0.979109
74.956265450 2.160898 1.115644 0.000000 0.000000 0.000000 0.203242 0.979129
75.006022692 2.169338 1.119578 0.000000 0.000000 0.000000 0.203356 0.979105
75.093890429 2.185381 1.126249 0.000000 0.000000 0.000000 0.203417 0.979092
75.151803017 2.196749 1.130126 0.000000 0.000000 0.000000 0.203431 0.979089
75.237923384 2.211450 1.135060 0.000000 0.000000 0.000000 0.203505 0.979074
75.289012432 2.223294 1.136686 0.000000 0.000000 0.000000 0.203696 0.979034
75.377345324 2.239368 1.141536 0.000000 0.000000 0.000000 0.203802 0.979012
75.433693886 2.250089 1.144675 0.000000 0.000000 0.000000 0.203929 0.978986
75.537194490 2.267946 1.150042 0.000000 0.000000 0.000000 0.204113 0.978947
75.586070776 2.275461 1.153085 0.000000 0.000000 0.000000 0.203722 0.979029
75.689361572 2.293716 1.161144 0.000000 0.000000 0.000000 0.203567 0.979061
75.744805098 2.303576 1.166421 0.000000 0.000000 0.000000 0.203416 0.979092
75.826009274 2.318325 1.172998 0.000000 0.000000 0.000000 0.203539 0.979067
75.899021864 2.323224 1.173848 0.000000 0.000000 0.000000 0.210012 0.977699
75.992537260 2.329792 1.176472 0.000000 0.000000 0.000000 0.218487 0.975840
76.056124210 2.333514 1.179030 0.000000 0.000000 0.000000 0.224005 0.974588
76.141805172 2.336171 1.179018 0.000000 0.000000 0.000000 0.231867 0.972748
76.196712971 2.338152 1.180906 0.000000 0.000000 0.000000 0.237206 0.971459
76.279946327 2.340897 1.180940 0.000000 0.000000 0.000000 0.244529 0.969642
76.336917877 2.344580 1.180733 0.000000 0.000000 0.000000 0.248997 0.968504
76.431858301 2.349365 1.182492 0.000000 0.000000 0.000000 0.258123 0.966112
76.487337351 2.356911 1.186431 0.000000 0.000000 0.000000 0.258208 0.966089
76.576975346 2.370875 1.194145 0.000000 0.000000 0.000000 0.258233 0.966083
76.635664701 2.380877 1.200120 0.000000 0.000000 0.000000 0.257894 0.966173
76.736702204 2.396647 1.208608 0.000000 0.000000 0.000000 0.257651 0.966238
76.784813404 2.404530 1.211031 0.000000 0.000000 0.000000 0.257469 0.966287
76.872728825 2.417903 1.218338 0.000000 0.000000 0.000000 0.257352 0.966318
76.940669060 2.428704 1.222450 0.000000 0.000000 0.000000 0.256912 0.966435
77.039191484 2.444268 1.231635 0.000000 0.000000 0.000000 0.256912 0.966435
77.091496944 2.452705 1.237847 0.000000 0.000000 0.000000 0.256762 0.966475
77.178045034 2.457059 1.240521 0.000000 0.000000 0.000000 0.264365 0.964423
77.233334064 2.459122 1.241988 0.000000 0.000000 0.000000 0.268925 0.963161
77.321522951 2.463461 1.246198 0.000000 0.000000 0.000000 0.276920 0.960893
77.385615587 2.460970 1.246446 0.000000 0.000000 0.000000 0.282743 0.959196
77.482558012 2.474406 1.255916 0.000000 0.000000 0.000000 0.282945 0.959136
77.535058022 2.481313 1.261642 0.000000 0.000000 0.000000 0.283012 0.959116
77.635596514 2.496764 1.270107 0.000000 0.000000 0.000000 0.282832 0.959170
77.687636852 2.505942 1.274718 0.000000 0.000000 0.000000 0.282858 0.959162
77.783472538 2.521294 1.285361 0.000000 0.000000 0.000000 0.283079 0.959097
77.833787918 2.529697 1.291380 0.000000 0.000000 0.000000 0.283301 0.959031
77.940711260 2.546952 1.301934 0.000000 0.000000 0.000000 0.283527 0.958964
77.985099792 2.555547 1.307653 0.000000 0.000000 0.000000 0.283562 0.958954
78.074628830 2.570151 1.317487 0.000000 0.000000 0.000000 0.283295 0.959033
78.126539230 2.577706 1.322271 0.000000 0.000000 0.000000 0.283323 0.959024
78.225707769 2.582011 1.324411 0.000000 0.000000 0.000000 0.292690 0.956208
78.287621975 2.584546 1.327012 0.000000 0.000000 0.000000 0.298150 0.954519
78.371752024 2.594984 1.335755 0.000000 0.000000 0.000000 0.298275 0.954480
78.425225496 2.599442 1.344008 0.000000 0.000000 0.000000 0.298329 0.954463
78.525620699 2.615247 1.352244 0.000000 0.000000 0.000000 0.298223 0.954496
78.588539600 2.625484 1.357903 0.000000 0.000000 0.000000 0.298010 0.954563
78.670593977 2.639330 1.368577 0.000000 0.000000 0.000000 0.298114 0.954530
78.735427380 2.650023 1.373958 0.000000 0.000000 0.000000 0.297988 0.954570
78.827690363 2.664471 1.383433 0.000000 0.000000 0.000000 0.298088 0.954538
78.889282465 2.674616 1.391580 0.000000 0.000000 0.000000 0.297681 0.954665
78.986895561 2.690467 1.402367 0.000000 0.000000 0.000000 0.297404 0.954752
79.038242817 2.696810 1.407524 0.000000 0.000000 0.000000 0.297372 0.954762
79.133278370 2.700199 1.408986 0.000000 0.000000 0.000000 0.305554 0.952175
79.188038111 2.702185 1.407415 0.000000 0.000000 0.000000 0.309668 0.950845
79.274859905 2.706109 1.409510 0.000000 0.000000 0.000000 0.317189 0.948362
79.325020790 2.712847 1.413713 0.000000 0.000000 0.000000 0.317500 0.948258
79.419587612 2.725895 1.428081 0.000000 0.000000 0.000000 0.318136 0.948045
79.476016521 2.734150 1.434249 0.000000 0.000000 0.000000 0.318592 0.947892
79.572896481 2.748237 1.444199 0.000000 0.000000 0.000000 0.318689 0.947859
79.625355482 2.754391 1.449558 0.000000 0.000000 0.000000 0.318788 0.947826
79.715934038 2.767275 1.460314 0.000000 0.000000 0.000000 0.318648 0.947873
79.766192913 2.775687 1.466850 0.000000 0.000000 0.000000 0.318234 0.948012
79.851100206 2.787993 1.478085 0.000000 0.000000 0.000000 0.318094 0.948059
79.911969662 2.797438 1.485754 0.000000 0.000000 0.000000 0.318234 0.948012
80.005322218 2.813043 1.495465 0.000000 0.000000 0.000000 0.318691 0.947859
80.049822092 2.818235 1.498643 0.000000 0.000000 0.000000 0.318833 0.947811
80.144307137 2.833194 1.509257 0.000000 0.000000 0.000000 0.319018 0.947749
80.194717646 2.841629 1.514533 0.000000 0.000000 0.000000 0.318867 0.947800
80.283586025 2.845624 1.518984 0.000000 0.000000 0.000000 0.326880 0.945066
80.339012861 2.849915 1.521221 0.000000 0.000000 0.000000 0.332685 0.943038
80.432806969 2.853697 1.524472 0.000000 0.000000 0.000000 0.341302 0.939954
80.481657505 2.856450 1.524780 0.000000 0.000000 0.000000 0.345795 0.938310
80.570667744 2.859310 1.527673 0.000000 0.000000 0.000000 0.353746 0.935342
80.629180193 2.860330 1.527583 0.000000 0.000000 0.000000 0.358758 0.933431
80.725515127 2.864483 1.529981 0.000000 0.000000 0.000000 0.367655 0.929962
80.785824299 2.868034 1.531146 0.000000 0.000000 0.000000 0.372907 0.927869
80.885531425 2.871470 1.533363 0.000000 0.000000 0.000000 0.382090 0.924125
80.931448936 2.872626 1.534076 0.000000 0.000000 0.000000 0.386185 0.922421
81.023196459 2.886333 1.542962 0.000000 0.000000 0.000000 0.386255 0.922392
81.074112654 2.892408 1.548808 0.000000 0.000000 0.000000 0.386152 0.922435
81.169610262 2.907800 1.559149 0.000000 0.000000 0.000000 0.385918 0.922533
81.221564293 2.914523 1.568811 0.000000 0.000000 0.000000 0.386541 0.922272
81.317089081 2.929018 1.581005 0.000000 0.000000 0.000000 0.386955 0.922099
81.373459816 2.936582 1.588075 0.000000 0.000000 0.000000 0.387154 0.922015
81.468533754 2.950710 1.599816 0.000000 0.000000 0.000000 0.387101 0.922037
81.523016691 2.959492 1.606178 0.000000 0.000000 0.000000 0.387046 0.922060
81.598726511 2.970449 1.617237 0.000000 0.000000 0.000000 0.387158 0.922013
81.657386780 2.975648 1.618747 0.000000 0.000000 0.000000 0.391962 0.919981
81.743980408 2.979533 1.621461 0.000000 0.000000 0.000000 0.398886 0.917000
81.802433014 2.982282 1.621914 0.000000 0.000000 0.000000 0.404164 0.914687
81.892469883 2.983729 1.622518 0.000000 0.000000 0.000000 0.412559 0.910931
81.951400280 2.986211 1.622531 0.000000 0.000000 0.000000 0.418033 0.908432
82.051398516 2.989911 1.624547 0.000000 0.000000 0.000000 0.425726 0.904852
82.098116398 2.990184 1.625141 0.000000 0.000000 0.000000 0.429097 0.903258
82.188131332 2.999576 1.633445 0.000000 0.000000 0.000000 0.428744 0.903426
82.248149872 3.006793 1.641028 0.000000 0.000000 0.000000 0.428639 0.903476
82.336132288 3.017336 1.653483 0.000000 0.000000 0.000000 0.428402 0.903588
82.396090031 3.023891 1.661513 0.000000 0.000000 0.000000 0.428346 0.903615
82.493404388 3.035517 1.676639 0.000000 0.000000 0.000000 0.428578 0.903505
82.545469284 3.042113 1.684563 0.000000 0.000000 0.000000 0.428214 0.903677
82.645762682 3.056136 1.700795 0.000000 0.000000 0.000000 0.427775 0.903885
82.703368902 3.063576 1.710951 0.000000 0.000000 0.000000 0.427699 0.903921
82.786747932 3.076870 1.723560 0.000000 0.000000 0.000000 0.427568 0.903983
82.854153395 3.086325 1.732549 0.000000 0.000000 0.000000 0.426964 0.904269
82.943068027 3.096620 1.746013 0.000000 0.000000 0.000000 0.426578 0.904451
83.009804964 3.105214 1.755904 0.000000 0.000000 0.000000 0.426450 0.904511
83.085191727 3.113708 1.767539 0.000000 0.000000 0.000000 0.427455 0.904037
83.153803349 3.124113 1.777763 0.000000 0.000000 0.000000 0.426991 0.904256
83.241653681 3.134767 1.791090 0.000000 0.000000 0.000000 0.427124 0.904193
83.297069788 3.137047 1.794278 0.000000 0.000000 0.000000 0.431447 0.902138
83.389735460 3.141336 1.797956 0.000000 0.000000 0.000000 0.439366 0.898308
83.453119040 3.144036 1.798566 0.000000 0.000000 0.000000 0.444897 0.895582
83.537900448 3.147292 1.801801 0.000000 0.000000 0.000000 0.452223 0.891905
83.597048283 3.150108 1.803596 0.000000 0.000000 0.000000 0.456951 0.889492
83.717325926 3.153798 1.806338 0.000000 0.000000 0.000000 0.467012 0.884251
83.749479055 3.154748 1.806442 0.000000 0.000000 0.000000 0.469256 0.883062
83.838826418 3.156865 1.811671 0.000000 0.000000 0.000000 0.476314 0.879275
83.901724577 3.159621 1.813357 0.000000 0.000000 0.000000 0.481433 0.876483
83.992516994 3.165260 1.813010 0.000000 0.000000 0.000000 0.488951 0.872311
84.051721573 3.166962 1.814791 0.000000 0.000000 0.000000 0.493784 0.869584
84.156426907 3.169344 1.817221 0.000000 0.000000 0.000000 0.502200 0.864751
84.200500965 3.169793 1.817145 0.000000 0.000000 0.000000 0.505522 0.862814
84.283172131 3.177640 1.829099 0.000000 0.000000 0.000000 0.505628 0.862751
84.341853619 3.184236 1.840115 0.000000 0.000000 0.000000 0.505293 0.862948
84.440338135 3.193662 1.855973 0.000000 0.000000 0.000000 0.504960 0.863143
84.490278244 3.199467 1.863699 0.000000 0.000000 0.000000 0.504867 0.863197
84.590413809 3.207670 1.879404 0.000000 0.000000 0.000000 0.504484 0.863421
84.637861252 3.211223 1.881709 0.000000 0.000000 0.000000 0.508299 0.861181
84.731191397 3.212869 1.889096 0.000000 0.000000 0.000000 0.515588 0.856836
84.795961142 3.214383 1.893565 0.000000 0.000000 0.000000 0.520792 0.853684
84.885035038 3.217945 1.896137 0.000000 0.000000 0.000000 0.528558 0.848897
84.942189693 3.224878 1.905551 0.000000 0.000000 0.000000 0.528775 0.848762
85.035698891 3.233296 1.921288 0.000000 0.000000 0.000000 0.529084 0.848569
85.087255955 3.236715 1.930188 0.000000 0.000000 0.000000 0.529126 0.848543
85.177431345 3.245012 1.945553 0.000000 0.000000 0.000000 0.529156 0.848525
85.234461546 3.250052 1.957975 0.000000 0.000000 0.000000 0.529024 0.848607
85.317269802 3.259786 1.973408 0.000000 0.000000 0.000000 0.529059 0.848585
85.371974707 3.266941 1.983598 0.000000 0.000000 0.000000 0.529036 0.848599
85.478625298 3.269272 1.989289 0.000000 0.000000 0.000000 0.537342 0.843365
85.528799295 3.270768 1.991381 0.000000 0.000000 0.000000 0.540905 0.841084
85.623463392 3.273101 1.996614 0.000000 0.000000 0.000000 0.548825 0.835938
85.673765659 3.274931 1.996487 0.000000 0.000000 0.000000 0.552344 0.833616
85.763669968 3.281909 2.008974 0.000000 0.000000 0.000000 0.553061 0.833141
85.820935726 3.288466 2.016685 0.000000 0.000000 0.000000 0.553019 0.833169
85.910727024 3.294916 2.032707 0.000000 0.000000 0.000000 0.552603 0.833445
85.964876890 3.300356 2.042861 0.000000 0.000000 0.000000 0.552707 0.833376
86.051109076 3.306980 2.059122 0.000000 0.000000 0.000000 0.552798 0.833316
86.103527308 3.310648 2.070819 0.000000 0.000000 0.000000 0.553111 0.833108
86.201452255 3.316262 2.089416 0.000000 0.000000 0.000000 0.553398 0.832917
86.242657185 3.319233 2.098509 0.000000 0.000000 0.000000 0.553541 0.832822
86.334985495 3.326765 2.117330 0.000000 0.000000 0.000000 0.554005 0.832513
86.382092714 3.328718 2.121165 0.000000 0.000000 0.000000 0.557628 0.830091
86.472083092 3.333376 2.125047 0.000000 0.000000 0.000000 0.564796 0.825231
86.523828268 3.334838 2.128696 0.000000 0.000000 0.000000 0.569079 0.822283
86.615870237 3.339734 2.129822 0.000000 0.000000 0.000000 0.576033 0.817426
86.670076370 3.342059 2.131295 0.000000 0.000000 0.000000 0.579923 0.814672
86.774803400 3.350417 2.149736 0.000000 0.000000 0.000000 0.580169 0.814496
86.820199966 3.353610 2.157895 0.000000 0.000000 0.000000 0.580445 0.814300
86.919469357 3.361328 2.176579 0.000000 0.000000 0.000000 0.580506 0.814256
86.967871189 3.365336 2.185186 0.000000 0.000000 0.000000 0.580571 0.814209
87.056761026 3.371022 2.204456 0.000000 0.000000 0.000000 0.580404 0.814329
87.109259605 3.375835 2.213097 0.000000 0.000000 0.000000 0.580305 0.814399
87.192007065 3.382146 2.229398 0.000000 0.000000 0.000000 0.580602 0.814188
87.253980637 3.387489 2.241870 0.000000 0.000000 0.000000 0.580815 0.814036
87.349741697 3.390084 2.247350 0.000000 0.000000 0.000000 0.587802 0.809005
87.405018091 3.390780 2.249764 0.000000 0.000000 0.000000 0.592125 0.805846
87.485984564 3.392691 2.252846 0.000000 0.000000 0.000000 0.597935 0.801545
87.543567896 3.393432 2.257516 0.000000 0.000000 0.000000 0.602133 0.798396
87.634330273 3.395405 2.261049 0.000000 0.000000 0.000000 0.608972 0.793192
87.686902761 3.394411 2.263314 0.000000 0.000000 0.000000 0.612727 0.790294
87.787247896 3.394775 2.267981 0.000000 0.000000 0.000000 0.619974 0.784623
87.837472916 3.396263 2.276035 0.000000 0.000000 0.000000 0.620036 0.784574
87.916748285 3.399788 2.290370 0.000000 0.000000 0.000000 0.620122 0.784505
87.986268759 3.402020 2.301925 0.000000 0.000000 0.000000 0.620130 0.784499
88.086726427 3.404679 2.320236 0.000000 0.000000 0.000000 0.619717 0.784825
88.150101423 3.409417 2.331754 0.000000 0.000000 0.000000 0.619444 0.785041
88.240933418 3.408704 2.334318 0.000000 0.000000 0.000000 0.625955 0.779859
88.297403812 3.407954 2.338095 0.000000 0.000000 0.000000 0.629959 0.776629
88.386169910 3.408050 2.339690 0.000000 0.000000 0.000000 0.635932 0.771745
88.450335503 3.410040 2.341985 0.000000 0.000000 0.000000 0.640711 0.767782
88.535275698 3.409480 2.348324 0.000000 0.000000 0.000000 0.646505 0.762910
88.605426788 3.407999 2.350584 0.000000 0.000000 0.000000 0.651524 0.758628
88.683759212 3.408890 2.352720 0.000000 0.000000 0.000000 0.657232 0.753688
88.750116110 3.412324 2.364233 0.000000 0.000000 0.000000 0.657322 0.753610
88.851769447 3.414840 2.385193 0.000000 0.000000 0.000000 0.657201 0.753716
88.916266441 3.416884 2.397394 0.000000 0.000000 0.000000 0.656944 0.753939
89.002526760 3.420313 2.413923 0.000000 0.000000 0.000000 0.657020 0.753873
89.057895184 3.424409 2.423118 0.000000 0.000000 0.000000 0.656996 0.753894
89.140100241 3.428069 2.439563 0.000000 0.000000 0.000000 0.657253 0.753670
89.195465088 3.428953 2.443471 0.000000 0.000000 0.000000 0.660992 0.750393
89.289087772 3.428959 2.449251 0.000000 0.000000 0.000000 0.667177 0.744899
89.344048738 3.429360 2.450000 0.000000 0.000000 0.000000 0.670976 0.741479
89.440391302 3.430444 2.454459 0.000000 0.000000 0.000000 0.677886 0.735167
89.492968559 3.432349 2.456188 0.000000 0.000000 0.000000 0.681264 0.732038
89.607647657 3.432531 2.476180 0.000000 0.000000 0.000000 0.681225 0.732074
89.672281504 3.433209 2.487066 0.000000 0.000000 0.000000 0.680958 0.732322
89.768073082 3.434818 2.505395 0.000000 0.000000 0.000000 0.680939 0.732340
89.829360723 3.434896 2.517298 0.000000 0.000000 0.000000 0.680931 0.732348
89.918611765 3.436440 2.531938 0.000000 0.000000 0.000000 0.681055 0.732232
89.983339548 3.437228 2.544603 0.000000 0.000000 0.000000 0.681300 0.732004
90.075467348 3.438596 2.562393 0.000000 0.000000 0.000000 0.681365 0.731944
90.136802912 3.439020 2.576099 0.000000 0.000000 0.000000 0.681585 0.731739
90.217718840 3.438084 2.592835 0.000000 0.000000 0.000000 0.681381 0.731929
90.282570362 3.439154 2.604834 0.000000 0.000000 0.000000 0.681037 0.732249
90.377734184 3.440370 2.625263 0.000000 0.000000 0.000000 0.680831 0.732440
90.428593874 3.439305 2.633374 0.000000 0.000000 0.000000 0.680682 0.732579
90.510604858 3.440351 2.648619 0.000000 0.000000 0.000000 0.680760 0.732507
90.568803549 3.440415 2.661789 0.000000 0.000000 0.000000 0.680679 0.732582
90.669097900 3.440721 2.680296 0.000000 0.000000 0.000000 0.680479 0.732768
90.734403133 3.439433 2.693242 0.000000 0.000000 0.000000 0.680672 0.732588
90.817264557 3.439764 2.709209 0.000000 0.000000 0.000000 0.680748 0.732518
90.874949217 3.438352 2.719352 0.000000 0.000000 0.000000 0.680782 0.732486
90.977848291 3.439004 2.739721 0.000000 0.000000 0.000000 0.680639 0.732619
91.038990498 3.440147 2.749963 0.000000 0.000000 0.000000 0.680923 0.732355
91.132968187 3.441453 2.768812 0.000000 0.000000 0.000000 0.681317 0.731989
91.184181929 3.441046 2.777057 0.000000 0.000000 0.000000 0.681437 0.731877
91.277483940 3.444313 2.792058 0.000000 0.000000 0.000000 0.681209 0.732089
91.333750963 3.446123 2.802254 0.000000 0.000000 0.000000 0.681217 0.732081
91.435931683 3.448093 2.823628 0.000000 0.000000 0.000000 0.681383 0.731927
91.490885019 3.447685 2.834676 0.000000 0.000000 0.000000 0.681373 0.731936
91.596405983 3.450232 2.854472 0.000000 0.000000 0.000000 0.681267 0.732035
91.657889366 3.450982 2.867177 0.000000 0.000000 0.000000 0.681350 0.731958
91.744920015 3.450189 2.882813 0.000000 0.000000 0.000000 0.681619 0.731707
91.803375244 3.451352 2.892781 0.000000 0.000000 0.000000 0.681806 0.731533
91.889576912 3.451411 2.909032 0.000000 0.000000 0.000000 0.681986 0.731365
91.950321198 3.450778 2.922529 0.000000 0.000000 0.000000 0.682465 0.730918
92.040585995 3.452728 2.938001 0.000000 0.000000 0.000000 0.682411 0.730968
92.095539570 3.454206 2.948198 0.000000 0.000000 0.000000 0.682356 0.731020
92.180634975 3.454334 2.967199 0.000000 0.000000 0.000000 0.682809 0.730597
92.233907700 3.454300 2.977802 0.000000 0.000000 0.000000 0.682902 0.730510
92.324627161 3.456759 2.994259 0.000000 0.000000 0.000000 0.683091 0.730333
92.377721786 3.457617 3.005986 0.000000 0.000000 0.000000 0.682890 0.730521
92.477380037 3.458366 3.024407 0.000000 0.000000 0.000000 0.682915 0.730498
92.527386665 3.458043 3.033884 0.000000 0.000000 0.000000 0.682768 0.730635
92.615924358 3.458803 3.051112 0.000000 0.000000 0.000000 0.682758 0.730644
92.672314167 3.460610 3.062350 0.000000 0.000000 0.000000 0.682737 0.730664
92.773890257 3.462382 3.082374 0.000000 0.000000 0.000000 0.683206 0.730225
92.833395958 3.464828 3.096561 0.000000 0.000000 0.000000 0.682975 0.730441
92.924817085 3.466181 3.114302 0.000000 0.000000 0.000000 0.683133 0.730294
92.988978386 3.466903 3.126089 0.000000 0.000000 0.000000 0.683208 0.730223
93.100240469 3.467372 3.148620 0.000000 0.000000 0.000000 0.683559 0.729895
93.152472734 3.467714 3.159789 0.000000 0.000000 0.000000 0.683501 0.729949
93.248969555 3.469037 3.177135 0.000000 0.000000 0.000000 0.683523 0.729929
93.302347898 3.468717 3.188189 0.000000 0.000000 0.000000 0.683424 0.730021
93.402684212 3.469169 3.207091 0.000000 0.000000 0.000000 0.683582 0.729873
93.454676867 3.469297 3.217871 0.000000 0.000000 0.000000 0.683718 0.729746
93.552758694 3.471845 3.236137 0.000000 0.000000 0.000000 0.683856 0.729617
93.613630056 3.473502 3.248444 0.000000 0.000000 0.000000 0.683745 0.729721
93.707502604 3.473956 3.266943 0.000000 0.000000 0.000000 0.683315 0.730123
93.764230251 3.474042 3.277226 0.000000 0.000000 0.000000 0.683171 0.730258
93.873910427 3.476082 3.297197 0.000000 0.000000 0.000000 0.683131 0.730296
93.914932251 3.474998 3.304890 0.000000 0.000000 0.000000 0.683479 0.729970
94.005584240 3.472889 3.319983 0.000000 0.000000 0.000000 0.683615 0.729843
94.060539484 3.474088 3.330190 0.000000 0.000000 0.000000 0.683668 0.729794
94.156020403 3.475635 3.347896 0.000000 0.000000 0.000000 0.683861 0.729612
94.210253716 3.476455 3.358395 0.000000 0.000000 0.000000 0.684121 0.729368
94.306135893 3.476402 3.374769 0.000000 0.000000 0.000000 0.684289 0.729211
94.372974396 3.477431 3.386821 0.000000 0.000000 0.000000 0.684446 0.729064
94.471097946 3.477523 3.405614 0.000000 0.000000 0.000000 0.684438 0.729071
94.529613972 3.477850 3.417525 0.000000 0.000000 0.000000 0.684445 0.729064
94.627149820 3.480345 3.437781 0.000000 0.000000 0.000000 0.684052 0.729433
94.671769142 3.480095 3.446381 0.000000 0.000000 0.000000 0.684321 0.729181
94.763330460 3.481672 3.463643 0.000000 0.000000 0.000000 0.683862 0.729612
94.822440624 3.484482 3.476254 0.000000 0.000000 0.000000 0.683685 0.729777
94.912670851 3.483120 3.490838 0.000000 0.000000 0.000000 0.683970 0.729510
94.978972197 3.482936 3.502354 0.000000 0.000000 0.000000 0.683251 0.730184
95.068254471 3.484929 3.521785 0.000000 0.000000 0.000000 0.682999 0.730420
95.123470068 3.485555 3.532711 0.000000 0.000000 0.000000 0.683123 0.730303
95.210581541 3.486538 3.548997 0.000000 0.000000 0.000000 0.683250 0.730185
95.261231899 3.487991 3.558724 0.000000 0.000000 0.000000 0.683236 0.730197
95.358219862 3.487978 3.577875 0.000000 0.000000 0.000000 0.683467 0.729981
95.405269146 3.487973 3.587891 0.000000 0.000000 0.000000 0.683515 0.729936
95.495450497 3.490307 3.587921 0.000000 0.000000 0.000000 0.683604 0.729853
95.556711435 3.491881 3.588714 0.000000 0.000000 0.000000 0.683682 0.729780
95.654532194 3.493324 3.589233 0.000000 0.000000 0.000000 0.683732 0.729733
95.718507051 3.492301 3.589201 0.000000 0.000000 0.000000 0.683662 0.729799
95.809733868 3.491856 3.587752 0.000000 0.000000 0.000000 0.683852 0.729621
95.869915009 3.492334 3.587875 0.000000 0.000000 0.000000 0.683805 0.729665
95.968504429 3.493302 3.587123 0.000000 0.000000 0.000000 0.683590 0.729866
96.013655424 3.492815 3.586405 0.000000 0.000000 0.000000 0.683276 0.730160
96.105460644 3.493507 3.585865 0.000000 0.000000 0.000000 0.683357 0.730084
96.151817083 3.494387 3.586518 0.000000 0.000000 0.000000 0.683501 0.729950
96.249305487 3.494172 3.586332 0.000000 0.000000 0.000000 0.683670 0.729791
96.313171148 3.493963 3.585707 0.000000 0.000000 0.000000 0.683438 0.730009
96.411842108 3.493423 3.586512 0.000000 0.000000 0.000000 0.683344 0.730096
96.483254194 3.493147 3.586801 0.000000 0.000000 0.000000 0.683333 0.730106
96.576039553 3.493220 3.586338 0.000000 0.000000 0.000000 0.683405 0.730039
96.634468794 3.494595 3.586011 0.000000 0.000000 0.000000 0.683256 0.730179
96.723625898 3.493393 3.588446 0.000000 0.000000 0.000000 0.683220 0.730213
96.781600475 3.494365 3.587420 0.000000 0.000000 0.000000 0.683433 0.730013
96.866395235 3.494918 3.589017 0.000000 0.000000 0.000000 0.683062 0.730361
96.921135187 3.493911 3.591337 0.000000 0.000000 0.000000 0.683227 0.730206
97.019036293 3.493991 3.591522 0.000000 0.000000 0.000000 0.683230 0.730203
97.060910940 3.494908 3.591371 0.000000 0.000000 0.000000 0.683549 0.729905
97.153807163 3.492374 3.592251 0.000000 0.000000 0.000000 0.684013 0.729469
97.211027622 3.492213 3.594291 0.000000 0.000000 0.000000 0.683957 0.729522
97.305245876 3.493207 3.593625 0.000000 0.000000 0.000000 0.683921 0.729557
97.364989996 3.493451 3.592836 0.000000 0.000000 0.000000 0.683842 0.729630
97.465471268 3.494394 3.593168 0.000000 0.000000 0.000000 0.683522 0.729930
97.531141281 3.495186 3.591711 0.000000 0.000000 0.000000 0.683403 0.730041
97.607466698 3.495662 3.589707 0.000000 0.000000 0.000000 0.683377 0.730066
97.670571327 3.495681 3.589232 0.000000 0.000000 0.000000 0.683272 0.730164
97.761371374 3.495152 3.589212 0.000000 0.000000 0.000000 0.683300 0.730138
97.826786518 3.495469 3.588600 0.000000 0.000000 0.000000 0.683341 0.730099
97.904732704 3.495154 3.585769 0.000000 0.000000 0.000000 0.683376 0.730066
97.972033739 3.495664 3.584539 0.000000 0.000000 0.000000 0.683586 0.729870
98.065672398 3.494947 3.583612 0.000000 0.000000 0.000000 0.683671 0.729790
98.120881319 3.496404 3.583965 0.000000 0.000000 0.000000 0.683469 0.729979
98.209275961 3.496255 3.583982 0.000000 0.000000 0.000000 0.683595 0.729862
98.266049623 3.496413 3.583461 0.000000 0.000000 0.000000 0.683566 0.729889
98.353181839 3.496153 3.583496 0.000000 0.000000 0.000000 0.683449 0.729998
98.403073549 3.495920 3.582466 0.000000 0.000000 0.000000 0.683337 0.730103
98.490382910 3.494970 3.582924 0.000000 0.000000 0.000000 0.683615 0.729843
98.542252064 3.493403 3.583100 0.000000 0.000000 0.000000 0.683664 0.729797
98.624454260 3.493062 3.584332 0.000000 0.000000 0.000000 0.683862 0.729612
98.685510397 3.494144 3.584164 0.000000 0.000000 0.000000 0.683809 0.729661
98.779605627 3.494195 3.584102 0.000000 0.000000 0.000000 0.683590 0.729866
98.838194609 3.494926 3.584856 0.000000 0.000000 0.000000 0.683745 0.729721
98.929908276 3.494090 3.585735 0.000000 0.000000 0.000000 0.683943 0.729535
98.986426353 3.494146 3.587542 0.000000 0.000000 0.000000 0.684198 0.729296
99.090990067 3.494650 3.588498 0.000000 0.000000 0.000000 0.684160 0.729332
99.137984037 3.494193 3.588753 0.000000 0.000000 0.000000 0.684114 0.729375
99.222180128 3.492908 3.590025 0.000000 0.000000 0.000000 0.684375 0.729130
99.274515629 3.491915 3.589876 0.000000 0.000000 0.000000 0.684099 0.729389
99.372492313 3.490416 3.590190 0.000000 0.000000 0.000000 0.684081 0.729406
99.430688858 3.489494 3.590554 0.000000 0.000000 0.000000 0.684137 0.729354
99.544572830 3.489641 3.591799 0.000000 0.000000 0.000000 0.684053 0.729433
99.586899042 3.488579 3.591967 0.000000 0.000000 0.000000 0.683666 0.729795
99.684531927 3.489354 3.592757 0.000000 0.000000 0.000000 0.683760 0.729707
99.732462883 3.488069 3.591072 0.000000 0.000000 0.000000 0.683856 0.729617
99.817482233 3.489111 3.591730 0.000000 0.000000 0.000000 0.683726 0.729738
99.865893364 3.487270 3.590421 0.000000 0.000000 0.000000 0.683706 0.729758
99.974117994 3.487055 3.590443 0.000000 0.000000 0.000000 0.683613 0.729845
100.008396149 3.487351 3.590084 0.000000 0.000000 0.000000 0.683410 0.730034
100.099959850 3.487252 3.588501 0.000000 0.000000 0.000000 0.683441 0.730005
100.157341719 3.487541 3.588499 0.000000 0.000000 0.000000 0.683268 0.730168
100.251402378 3.487842 3.588461 0.000000 0.000000 0.000000 0.682987 0.730431
100.296842813 3.489097 3.585441 0.000000 0.000000 0.000000 0.682591 0.730801
100.386153460 3.489698 3.585477 0.000000 0.000000 0.000000 0.682351 0.731025
100.438560963 3.490667 3.587496 0.000000 0.000000 0.000000 0.682290 0.731082
100.523025513 3.490362 3.586229 0.000000 0.000000 0.000000 0.682302 0.731070
100.578892708 3.490733 3.586595 0.000000 0.000000 0.000000 0.682474 0.730910
100.666844606 3.492170 3.585203 0.000000 0.000000 0.000000 0.682658 0.730738
100.717916250 3.491938 3.583009 0.000000 0.000000 0.000000 0.682558 0.730832
100.814438343 3.488458 3.583236 0.000000 0.000000 0.000000 0.682602 0.730790
100.859156370 3.489051 3.583921 0.000000 0.000000 0.000000 0.682669 0.730727
100.952885628 3.490066 3.583237 0.000000 0.000000 0.000000 0.682581 0.730810
101.000487804 3.488824 3.582662 0.000000 0.000000 0.000000 0.682632 0.730762
101.085479736 3.488492 3.581642 0.000000 0.000000 0.000000 0.682293 0.731079
101.136031866 3.487165 3.581078 0.000000 0.000000 0.000000 0.681965 0.731385
101.229514122 3.485634 3.581442 0.000000 0.000000 0.000000 0.682098 0.731260
101.274351120 3.485247 3.581273 0.000000 0.000000 0.000000 0.681966 0.731384
101.373620749 3.484633 3.580302 0.000000 0.000000 0.000000 0.681936 0.731412
101.426921129 3.484072 3.579583 0.000000 0.000000 0.000000 0.681503 0.731815
101.521782160 3.482495 3.578874 0.000000 0.000000 0.000000 0.681544 0.731778
101.570658922 3.481242 3.580542 0.000000 0.000000 0.000000 0.681293 0.732011
101.657437325 3.479538 3.580743 0.000000 0.000000 0.000000 0.681579 0.731745
101.713495970 3.478148 3.582135 0.000000 0.000000 0.000000 0.681517 0.731803
101.799236774 3.478003 3.581474 0.000000 0.000000 0.000000 0.681717 0.731616
101.849389791 3.478030 3.583603 0.000000 0.000000 0.000000 0.682032 0.731323
101.945839167 3.476174 3.584421 0.000000 0.000000 0.000000 0.682240 0.731128
101.999189854 3.474086 3.583412 0.000000 0.000000 0.000000 0.682232 0.731136
102.086042404 3.473067 3.583526 0.000000 0.000000 0.000000 0.682100 0.731259
102.136522293 3.469937 3.583692 0.000000 0.000000 0.000000 0.682272 0.731099
102.221495152 3.470376 3.583603 0.000000 0.000000 0.000000 0.682250 0.731119
102.276251078 3.468326 3.583860 0.000000 0.000000 0.000000 0.682168 0.731196
102.367645025 3.469571 3.584051 0.000000 0.000000 0.000000 0.682130 0.731231
102.423708200 3.468570 3.585528 0.000000 0.000000 0.000000 0.682317 0.731057
102.525077105 3.467356 3.586496 0.000000 0.000000 0.000000 0.682257 0.731113
102.574762106 3.466618 3.586876 0.000000 0.000000 0.000000 0.682051 0.731304
102.674291134 3.464956 3.586193 0.000000 0.000000 0.000000 0.681912 0.731434
