56.000000000 0.001959 0.995136 0.000000 0.000000 0.000000 -0.005382 0.999986
56.092626333 0.001625 0.996645 0.000000 0.000000 0.000000 -0.007676 0.999971
56.136488199 0.001498 0.997229 0.000000 0.000000 0.000000 -0.009897 0.999951
56.234569073 0.000508 0.999272 0.000000 0.000000 0.000000 -0.011754 0.999931
56.291095257 0.000136 0.998874 0.000000 0.000000 0.000000 -0.013032 0.999915
56.384810448 -0.000282 1.000465 0.000000 0.000000 0.000000 -0.014378 0.999897
56.432573795 -0.001074 1.000552 0.000000 0.000000 0.000000 -0.015109 0.999886
56.517774343 -0.000738 1.001100 0.000000 0.000000 0.000000 -0.015686 0.999877
56.566277504 -0.002321 1.001621 0.000000 0.000000 0.000000 -0.016240 0.999868
56.658776283 -0.002056 1.002229 0.000000 0.000000 0.000000 -0.016752 0.999860
56.719421625 -0.002570 1.002331 0.000000 0.000000 0.000000 -0.017335 0.999850
56.806190968 -0.002775 1.003000 0.000000 0.000000 0.000000 -0.017735 0.999843
56.859033823 -0.004994 1.002465 0.000000 0.000000 0.000000 -0.018072 0.999837
56.956225157 -0.006588 1.004951 0.000000 0.000000 0.000000 -0.018670 0.999826
56.992516994 -0.006570 1.004069 0.000000 0.000000 0.000000 -0.018863 0.999822
57.085117579 -0.006949 1.005662 0.000000 0.000000 0.000000 -0.019068 0.999818
57.135342836 -0.006887 1.005974 0.000000 0.000000 0.000000 -0.019598 0.999808
57.226917267 -0.006222 1.006186 0.000000 0.000000 0.000000 -0.019831 0.999803
57.280653477 -0.006774 1.005362 0.000000 0.000000 0.000000 -0.020400 0.999792
57.376023293 -0.007438 1.005113 0.000000 0.000000 0.000000 -0.020554 0.999789
57.421943903 -0.008161 1.004746 0.000000 0.000000 0.000000 -0.020780 0.999784
57.506844759 -0.008861 1.004770 0.000000 0.000000 0.000000 -0.020982 0.999780
57.561612844 -0.008267 1.004506 0.000000 0.000000 0.000000 -0.021195 0.999775
57.661116600 -0.007527 1.005151 0.000000 0.000000 0.000000 -0.021171 0.999776
57.713097334 -0.008100 1.006330 0.000000 0.000000 0.000000 -0.021468 0.999770
57.818692207 -0.007818 1.006748 0.000000 0.000000 0.000000 -0.021691 0.999765
57.857132435 -0.007569 1.008021 0.000000 0.000000 0.000000 -0.021828 0.999762
57.942367077 -0.007588 1.007868 0.000000 0.000000 0.000000 -0.022031 0.999757
57.993121147 -0.007584 1.007426 0.000000 0.000000 0.000000 -0.022057 0.999757
58.084053516 -0.007390 1.007047 0.000000 0.000000 0.000000 -0.022149 0.999755
58.134043932 -0.007156 1.006932 0.000000 0.000000 0.000000 -0.022305 0.999751
58.226578236 -0.008164 1.006529 0.000000 0.000000 0.000000 -0.022218 0.999753
58.278188705 -0.007939 1.006570 0.000000 0.000000 0.000000 -0.022387 0.999749
58.375108480 -0.006520 1.006984 0.000000 0.000000 0.000000 -0.022624 0.999744
58.432198524 -0.007788 1.007749 0.000000 0.000000 0.000000 -0.022519 0.999746
58.513686180 -0.008449 1.009144 0.000000 0.000000 0.000000 -0.022498 0.999747
58.577755451 -0.007407 1.009767 0.000000 0.000000 0.000000 -0.022642 0.999744
58.663658381 -0.007245 1.008870 0.000000 0.000000 0.000000 -0.022880 0.999738
58.721382856 -0.005906 1.009419 0.000000 0.000000 0.000000 -0.022731 0.999742
58.811643362 -0.005853 1.009370 0.000000 0.000000 0.000000 -0.022721 0.999742
58.859117508 -0.006106 1.009183 0.000000 0.000000 0.000000 -0.022776 0.999741
58.954252720 -0.006446 1.010115 0.000000 0.000000 0.000000 -0.023093 0.999733
59.016629219 -0.006718 1.010083 0.000000 0.000000 0.000000 -0.023147 0.999732
59.106379747 -0.006252 1.010030 0.000000 0.000000 0.000000 -0.023294 0.999729
59.158839226 -0.006581 1.009885 0.000000 0.000000 0.000000 -0.023237 0.999730
59.239713192 -0.007408 1.010584 0.000000 0.000000 0.000000 -0.023221 0.999730
59.295119047 -0.007969 1.009866 0.000000 0.000000 0.000000 -0.023402 0.999726
59.400145054 -0.008874 1.009562 0.000000 0.000000 0.000000 -0.023438 0.999725
59.447155952 -0.008790 1.009846 0.000000 0.000000 0.000000 -0.023477 0.999724
59.543852329 -0.008370 1.009870 0.000000 0.000000 0.000000 -0.023438 0.999725
59.590034962 -0.009304 1.009991 0.000000 0.000000 0.000000 -0.023414 0.999726
59.665421247 -0.010408 1.009947 0.000000 0.000000 0.000000 -0.023157 0.999732
59.720851421 -0.009984 1.008662 0.000000 0.000000 0.000000 -0.023353 0.999727
59.805132151 -0.009896 1.007804 0.000000 0.000000 0.000000 -0.023214 0.999731
59.860359430 -0.010215 1.007162 0.000000 0.000000 0.000000 -0.023243 0.999730
59.957119226 -0.010952 1.007691 0.000000 0.000000 0.000000 -0.022891 0.999738
60.005816936 -0.011539 1.007687 0.000000 0.000000 0.000000 -0.022961 0.999736
60.089397669 -0.011803 1.006903 0.000000 0.000000 0.000000 -0.022671 0.999743
60.138172865 -0.011195 1.006891 0.000000 0.000000 0.000000 -0.022430 0.999748
60.220950127 -0.010231 1.006844 0.000000 0.000000 0.000000 -0.022536 0.999746
60.272440672 -0.009968 1.006907 0.000000 0.000000 0.000000 -0.022366 0.999750
60.365985632 -0.009003 1.007892 0.000000 0.000000 0.000000 -0.022514 0.999747
60.419920921 -0.007875 1.007884 0.000000 0.000000 0.000000 -0.022844 0.999739
60.517887354 -0.007584 1.007985 0.000000 0.000000 0.000000 -0.022967 0.999736
60.576246977 -0.007623 1.006706 0.000000 0.000000 0.000000 -0.022974 0.999736
60.661265135 -0.008626 1.006460 0.000000 0.000000 0.000000 -0.022871 0.999738
60.720116138 -0.008381 1.005037 0.000000 0.000000 0.000000 -0.023108 0.999733
60.806773424 -0.008117 1.003871 0.000000 0.000000 0.000000 -0.022917 0.999737
60.856551170 -0.008724 1.004058 0.000000 0.000000 0.000000 -0.023379 0.999727
60.954911470 -0.009648 1.004142 0.000000 0.000000 0.000000 -0.023623 0.999721
61.012297630 -0.010604 1.003686 0.000000 0.000000 0.000000 -0.023664 0.999720
61.109639168 -0.011116 1.002964 0.000000 0.000000 0.000000 -0.023448 0.999725
61.157109976 -0.011089 1.001587 0.000000 0.000000 0.000000 -0.023435 0.999725
61.239634752 -0.010367 1.001834 0.000000 0.000000 0.000000 -0.023722 0.999719
61.291578770 -0.011111 1.000016 0.000000 0.000000 0.000000 -0.023773 0.999717
61.377224922 -0.010320 1.000262 0.000000 0.000000 0.000000 -0.023192 0.999731
61.424571276 -0.010217 1.000724 0.000000 0.000000 0.000000 -0.023134 0.999732
61.517945051 -0.010608 1.001280 0.000000 0.000000 0.000000 -0.023034 0.999735
61.571182013 -0.008992 1.001947 0.000000 0.000000 0.000000 -0.023080 0.999734
61.674693108 -0.008523 1.002015 0.000000 0.000000 0.000000 -0.023120 0.999733
61.731230259 -0.008072 1.001808 0.000000 0.000000 0.000000 -0.023273 0.999729
61.823836803 -0.007023 1.002651 0.000000 0.000000 0.000000 -0.023352 0.999727
61.867137194 -0.006603 1.002407 0.000000 0.000000 0.000000 -0.023726 0.999718
61.957184315 -0.006536 1.002881 0.000000 0.000000 0.000000 -0.023593 0.999722
62.007257462 -0.006288 1.002943 0.000000 0.000000 0.000000 -0.023576 0.999722
62.096065044 -0.004492 1.003008 0.000000 0.000000 0.000000 -0.023857 0.999715
62.149833441 -0.004571 1.002880 0.000000 0.000000 0.000000 -0.024038 0.999711
62.231528997 0.011485 1.001978 0.000000 0.000000 0.000000 -0.023990 0.999712
62.288254261 0.021827 1.001824 0.000000 0.000000 0.000000 -0.023953 0.999713
62.372793436 0.039004 1.001628 0.000000 0.000000 0.000000 -0.024266 0.999706
62.437046528 0.051471 1.001410 0.000000 0.000000 0.000000 -0.023966 0.999713
62.518205643 0.066848 1.000931 0.000000 0.000000 0.000000 -0.023864 0.999715
62.573649645 0.077807 1.000640 0.000000 0.000000 0.000000 -0.023927 0.999714
62.658019066 0.094715 1.000165 0.000000 0.000000 0.000000 -0.023941 0.999713
62.708748341 0.104075 1.000969 0.000000 0.000000 0.000000 -0.023799 0.999717
62.802901506 0.121636 0.999597 0.000000 0.000000 0.000000 -0.023732 0.999718
62.862125397 0.131547 1.000752 0.000000 0.000000 0.000000 -0.023801 0.999717
62.944721937 0.149143 0.999703 0.000000 0.000000 0.000000 -0.024035 0.999711
63.001682520 0.161035 0.999852 0.000000 0.000000 0.000000 -0.023900 0.999714
63.096352816 0.180573 0.999527 0.000000 0.000000 0.000000 -0.023968 0.999713
63.140980959 0.190845 0.998606 0.000000 0.000000 0.000000 -0.023872 0.999715
63.224403381 0.206616 0.996806 0.000000 0.000000 0.000000 -0.023874 0.999715
63.278097630 0.216933 0.998077 0.000000 0.000000 0.000000 -0.023781 0.999717
63.378735542 0.236456 0.997289 0.000000 0.000000 0.000000 -0.023735 0.999718
63.429337263 0.245801 0.996224 0.000000 0.000000 0.000000 -0.023543 0.999723
63.507558107 0.261807 0.995831 0.000000 0.000000 0.000000 -0.023867 0.999715
63.561244726 0.273878 0.995049 0.000000 0.000000 0.000000 -0.023902 0.999714
63.651183605 0.292414 0.993614 0.000000 0.000000 0.000000 -0.024074 0.999710
63.722069025 0.307791 0.994492 0.000000 0.000000 0.000000 -0.024189 0.999707
63.818211794 0.326065 0.993876 0.000000 0.000000 0.000000 -0.024134 0.999709
63.867984533 0.335567 0.994348 0.000000 0.000000 0.000000 -0.024397 0.999702
63.954170942 0.353180 0.992588 0.000000 0.000000 0.000000 -0.024083 0.999710
64.007827759 0.362815 0.992174 0.000000 0.000000 0.000000 -0.024239 0.999706
64.098969221 0.380091 0.990872 0.000000 0.000000 0.000000 -0.024393 0.999702
64.150251389 0.390196 0.990861 0.000000 0.000000 0.000000 -0.024418 0.999702
64.240028858 0.408824 0.989775 0.000000 0.000000 0.000000 -0.024433 0.999701
64.291742325 0.419162 0.988095 0.000000 0.000000 0.000000 -0.024183 0.999708
64.384911537 0.435579 0.988056 0.000000 0.000000 0.000000 -0.024300 0.999705
64.438662767 0.446694 0.987031 0.000000 0.000000 0.000000 -0.024226 0.999707
64.529100657 0.465650 0.985980 0.000000 0.000000 0.000000 -0.024292 0.999705
64.581606388 0.475917 0.986297 0.000000 0.000000 0.000000 -0.024266 0.999706
64.666499376 0.491964 0.984990 0.000000 0.000000 0.000000 -0.024033 0.999711
64.719514608 0.503137 0.984089 0.000000 0.000000 0.000000 -0.024188 0.999707
64.801486015 0.519863 0.982577 0.000000 0.000000 0.000000 -0.024114 0.999709
64.853920698 0.530183 0.981722 0.000000 0.000000 0.000000 -0.024117 0.999709
64.943417788 0.546915 0.981240 0.000000 0.000000 0.000000 -0.024115 0.999709
64.995023489 0.555403 0.979947 0.000000 0.000000 0.000000 -0.024314 0.999704
65.076430798 0.572170 0.978867 0.000000 0.000000 0.000000 -0.024567 0.999698
65.137303352 0.585055 0.978265 0.000000 0.000000 0.000000 -0.024679 0.999695
65.235720634 0.603783 0.976882 0.000000 0.000000 0.000000 -0.024915 0.999690
65.286878586 0.615289 0.976914 0.000000 0.000000 0.000000 -0.024912 0.999690
65.388996363 0.636104 0.975509 0.000000 0.000000 0.000000 -0.024754 0.999694
65.443364143 0.648534 0.973953 0.000000 0.000000 0.000000 -0.024973 0.999688
65.533442974 0.664707 0.972750 0.000000 0.000000 0.000000 -0.025080 0.999685
65.583643198 0.674430 0.972255 0.000000 0.000000 0.000000 -0.025098 0.999685
65.666572094 0.690563 0.970583 0.000000 0.000000 0.000000 -0.025096 0.999685
65.718314648 0.700001 0.969987 0.000000 0.000000 0.000000 -0.025392 0.999678
65.813969851 0.718999 0.968426 0.000000 0.000000 0.000000 -0.025597 0.999672
65.860479355 0.726270 0.969227 0.000000 0.000000 0.000000 -0.025549 0.999674
65.949100494 0.743547 0.969064 0.000000 0.000000 0.000000 -0.025563 0.999673
66.006313324 0.753200 0.967594 0.000000 0.000000 0.000000 -0.025546 0.999674
66.091695070 0.769213 0.966876 0.000000 0.000000 0.000000 -0.025944 0.999663
66.150105000 0.779813 0.965749 0.000000 0.000000 0.000000 -0.026006 0.999662
66.245607138 0.798768 0.964989 0.000000 0.000000 0.000000 -0.025749 0.999668
66.289936066 0.806672 0.965064 0.000000 0.000000 0.000000 -0.025915 0.999664
66.374847174 0.821901 0.963570 0.000000 0.000000 0.000000 -0.025857 0.999666
66.427448988 0.832067 0.962909 0.000000 0.000000 0.000000 -0.026244 0.999656
66.515174389 0.848597 0.961229 0.000000 0.000000 0.000000 -0.026108 0.999659
66.565155268 0.858069 0.961130 0.000000 0.000000 0.000000 -0.026068 0.999660
66.668905973 0.880323 0.961323 0.000000 0.000000 0.000000 -0.026135 0.999658
66.720251560 0.889317 0.960709 0.000000 0.000000 0.000000 -0.026307 0.999654
66.818524122 0.908124 0.959032 0.000000 0.000000 0.000000 -0.026424 0.999651
66.862034321 0.916958 0.958679 0.000000 0.000000 0.000000 -0.026501 0.999649
66.948162079 0.932833 0.956321 0.000000 0.000000 0.000000 -0.026479 0.999649
66.998103142 0.942488 0.955470 0.000000 0.000000 0.000000 -0.026835 0.999640
67.100195885 0.959343 0.950964 0.000000 0.000000 0.000000 -0.026156 0.999658
67.157076359 0.970455 0.950723 0.000000 0.000000 0.000000 -0.026205 0.999657
67.269846916 0.992893 0.949405 0.000000 0.000000 0.000000 -0.026384 0.999652
67.325706720 1.003597 0.949020 0.000000 0.000000 0.000000 -0.026463 0.999650
67.417520761 1.021211 0.947385 0.000000 0.000000 0.000000 -0.026403 0.999651
67.475314379 1.032714 0.946954 0.000000 0.000000 0.000000 -0.026365 0.999652
67.587245464 1.054826 0.945734 0.000000 0.000000 0.000000 -0.026298 0.999654
67.657504320 1.069361 0.944035 0.000000 0.000000 0.000000 -0.026334 0.999653
67.744100571 1.085595 0.943090 0.000000 0.000000 0.000000 -0.026332 0.999653
67.809964418 1.098234 0.942820 0.000000 0.000000 0.000000 -0.026370 0.999652
67.907867193 1.118147 0.942286 0.000000 0.000000 0.000000 -0.026658 0.999645
67.955658197 1.127252 0.941977 0.000000 0.000000 0.000000 -0.026717 0.999643
68.043772697 1.144659 0.940682 0.000000 0.000000 0.000000 -0.026717 0.999643
68.092056751 1.153856 0.939688 0.000000 0.000000 0.000000 -0.026755 0.999642
68.198954105 1.174329 0.938309 0.000000 0.000000 0.000000 -0.026603 0.999646
68.239401817 1.181591 0.937140 0.000000 0.000000 0.000000 -0.026578 0.999647
68.334116697 1.200264 0.936843 0.000000 0.000000 0.000000 -0.026555 0.999647
68.393169165 1.212181 0.935457 0.000000 0.000000 0.000000 -0.026602 0.999646
68.488315105 1.231498 0.934161 0.000000 0.000000 0.000000 -0.026858 0.999639
68.548655272 1.243701 0.933779 0.000000 0.000000 0.000000 -0.027012 0.999635
68.628951550 1.259428 0.932360 0.000000 0.000000 0.000000 -0.027236 0.999629
68.688163757 1.270602 0.930499 0.000000 0.000000 0.000000 -0.027099 0.999633
68.771270037 1.287189 0.929370 0.000000 0.000000 0.000000 -0.026966 0.999636
68.824939728 1.297548 0.929093 0.000000 0.000000 0.000000 -0.027263 0.999628
68.927378178 1.317668 0.927409 0.000000 0.000000 0.000000 -0.027222 0.999629
68.988554239 1.329742 0.926893 0.000000 0.000000 0.000000 -0.027329 0.999626
69.091393948 1.350503 0.925084 0.000000 0.000000 0.000000 -0.027427 0.999624
69.142657280 1.361309 0.924829 0.000000 0.000000 0.000000 -0.027465 0.999623
69.226943970 1.377773 0.923384 0.000000 0.000000 0.000000 -0.027373 0.999625
69.291504383 1.391395 0.922930 0.000000 0.000000 0.000000 -0.027337 0.999626
69.395749092 1.410938 0.923150 0.000000 0.000000 0.000000 -0.027101 0.999633
69.444655418 1.421140 0.922735 0.000000 0.000000 0.000000 -0.027080 0.999633
69.543005466 1.439622 0.920429 0.000000 0.000000 0.000000 -0.027253 0.999629
69.595045090 1.450128 0.919292 0.000000 0.000000 0.000000 -0.027136 0.999632
69.695927858 1.469110 0.917342 0.000000 0.000000 0.000000 -0.027265 0.999628
69.753221989 1.481461 0.917246 0.000000 0.000000 0.000000 -0.027281 0.999628
69.852281094 1.500500 0.916368 0.000000 0.000000 0.000000 -0.027401 0.999625
69.909631014 1.511642 0.914612 0.000000 0.000000 0.000000 -0.027441 0.999623
70.003495455 1.529315 0.914161 0.000000 0.000000 0.000000 -0.027703 0.999616
70.055417776 1.540195 0.912104 0.000000 0.000000 0.000000 -0.027969 0.999609
70.137858391 1.556425 0.910336 0.000000 0.000000 0.000000 -0.027958 0.999609
70.199167728 1.568528 0.910212 0.000000 0.000000 0.000000 -0.027884 0.999611
70.302878618 1.588972 0.908676 0.000000 0.000000 0.000000 -0.027716 0.999616
70.369396687 1.602821 0.908324 0.000000 0.000000 0.000000 -0.027748 0.999615
70.461210728 1.620096 0.906826 0.000000 0.000000 0.000000 -0.028143 0.999604
70.509778738 1.628720 0.905028 0.000000 0.000000 0.000000 -0.027767 0.999614
70.599387646 1.647196 0.904350 0.000000 0.000000 0.000000 -0.027979 0.999609
70.656033039 1.658635 0.903850 0.000000 0.000000 0.000000 -0.028104 0.999605
70.768153429 1.680775 0.902825 0.000000 0.000000 0.000000 -0.027975 0.999609
70.815999985 1.690243 0.901895 0.000000 0.000000 0.000000 -0.028449 0.999595
70.900581121 1.705941 0.900246 0.000000 0.000000 0.000000 -0.028220 0.999602
70.955633402 1.717549 0.897913 0.000000 0.000000 0.000000 -0.027908 0.999610
71.042252779 1.735898 0.894690 0.000000 0.000000 0.000000 -0.028067 0.999606
71.103641987 1.747458 0.894446 0.000000 0.000000 0.000000 -0.027794 0.999614
71.186776161 1.765341 0.892862 0.000000 0.000000 0.000000 -0.027774 0.999614
71.250498533 1.778475 0.891385 0.000000 0.000000 0.000000 -0.027982 0.999608
71.341936827 1.783491 0.890707 0.000000 0.000000 0.000000 -0.019319 0.999813
71.393325806 1.787241 0.890059 0.000000 0.000000 0.000000 -0.014220 0.999899
71.487019539 1.792018 0.889723 0.000000 0.000000 0.000000 -0.005273 0.999986
71.537977695 1.793110 0.889309 0.000000 0.000000 0.000000 -0.000141 1.000000
71.626116753 1.797765 0.889092 0.000000 0.000000 0.000000 0.008570 0.999963
71.682151079 1.799861 0.888762 0.000000 0.000000 0.000000 0.014178 0.999899
71.763496399 1.803519 0.889112 0.000000 0.000000 0.000000 0.022688 0.999743
71.820455313 1.804274 0.889125 0.000000 0.000000 0.000000 0.028325 0.999599
71.918866396 1.807552 0.889002 0.000000 0.000000 0.000000 0.038226 0.999269
71.975845575 1.810753 0.889667 0.000000 0.000000 0.000000 0.043770 0.999042
72.068582535 1.815954 0.889682 0.000000 0.000000 0.000000 0.052967 0.998596
72.122643709 1.816993 0.890554 0.000000 0.000000 0.000000 0.058448 0.998290
72.217851877 1.835443 0.891466 0.000000 0.000000 0.000000 0.058564 0.998284
72.265589714 1.843151 0.892570 0.000000 0.000000 0.000000 0.058880 0.998265
72.354194641 1.860515 0.894028 0.000000 0.000000 0.000000 0.058984 0.998259
72.403216600 1.869834 0.894919 0.000000 0.000000 0.000000 0.059248 0.998243
72.504085302 1.889954 0.896270 0.000000 0.000000 0.000000 0.058753 0.998273
72.559812546 1.901946 0.898862 0.000000 0.000000 0.000000 0.058259 0.998302
72.641114473 1.918032 0.899418 0.000000 0.000000 0.000000 0.058033 0.998315
72.695553064 1.928451 0.902274 0.000000 0.000000 0.000000 0.058164 0.998307
72.784453154 1.947088 0.904472 0.000000 0.000000 0.000000 0.057878 0.998324
72.839464188 1.949794 0.905419 0.000000 0.000000 0.000000 0.063853 0.997959
72.931765556 1.955106 0.907049 0.000000 0.000000 0.000000 0.073201 0.997317
72.986810684 1.957578 0.908447 0.000000 0.000000 0.000000 0.078378 0.996924
73.071648121 1.962322 0.910201 0.000000 0.000000 0.000000 0.087136 0.996196
73.129702330 1.964704 0.911071 0.000000 0.000000 0.000000 0.093330 0.995635
73.227200508 1.970352 0.910927 0.000000 0.000000 0.000000 0.102948 0.994687
73.271549940 1.972686 0.911460 0.000000 0.000000 0.000000 0.107422 0.994213
73.365193605 1.990537 0.914571 0.000000 0.000000 0.000000 0.107553 0.994199
73.410813332 2.001057 0.914139 0.000000 0.000000 0.000000 0.108064 0.994144
73.495560646 2.018587 0.917771 0.000000 0.000000 0.000000 0.107808 0.994172
73.549853325 2.029158 0.920066 0.000000 0.000000 0.000000 0.107501 0.994205
73.635336399 2.045793 0.924736 0.000000 0.000000 0.000000 0.107493 0.994206
73.700213671 2.058512 0.927156 0.000000 0.000000 0.000000 0.107506 0.994204
73.794411182 2.076304 0.931061 0.000000 0.000000 0.000000 0.107580 0.994196
73.851395130 2.088111 0.933666 0.000000 0.000000 0.000000 0.107616 0.994193
73.934927464 2.104006 0.937631 0.000000 0.000000 0.000000 0.107816 0.994171
73.994324923 2.107307 0.938586 0.000000 0.000000 0.000000 0.113567 0.993530
74.076428652 2.112027 0.939014 0.000000 0.000000 0.000000 0.121429 0.992600
74.138641834 2.114608 0.941536 0.000000 0.000000 0.000000 0.127272 0.991868
74.232690811 2.119527 0.942383 0.000000 0.000000 0.000000 0.136671 0.990616
74.284757137 2.121452 0.942149 0.000000 0.000000 0.000000 0.141936 0.989876
74.368963718 2.124713 0.943870 0.000000 0.000000 0.000000 0.150273 0.988644
74.424954653 2.127898 0.945585 0.000000 0.000000 0.000000 0.155773 0.987793
74.512892008 2.132580 0.947084 0.000000 0.000000 0.000000 0.164691 0.986345
74.568120718 2.142169 0.950163 0.000000 0.000000 0.000000 0.164571 0.986365
74.659038782 2.159754 0.956882 0.000000 0.000000 0.000000 0.164764 0.986333
74.720528126 2.171883 0.960169 0.000000 0.000000 0.000000 0.164975 0.986298
74.807915449 2.188182 0.966070 0.000000 0.000000 0.000000 0.165072 0.986281
74.867791891 2.199596 0.970486 0.000000 0.000000 0.000000 0.165079 0.986280
74.956265450 2.216690 0.976678 0.000000 0.000000 0.000000 0.164910 0.986309
75.006022692 2.225357 0.980114 0.000000 0.000000 0.000000 0.164875 0.986314
75.093890429 2.241270 0.985582 0.000000 0.000000 0.000000 0.164986 0.986296
75.151803017 2.253519 0.989293 0.000000 0.000000 0.000000 0.164653 0.986352
75.237923384 2.270460 0.995619 0.000000 0.000000 0.000000 0.164678 0.986347
75.289012432 2.280870 0.999590 0.000000 0.000000 0.000000 0.164657 0.986351
75.377345324 2.297544 1.005288 0.000000 0.000000 0.000000 0.164812 0.986325
75.433693886 2.307917 1.008443 0.000000 0.000000 0.000000 0.164805 0.986326
75.537194490 2.327395 1.016199 0.000000 0.000000 0.000000 0.165063 0.986283
75.586070776 2.336488 1.019467 0.000000 0.000000 0.000000 0.165048 0.986285
75.689361572 2.354874 1.026188 0.000000 0.000000 0.000000 0.165238 0.986254
75.744805098 2.365849 1.029440 0.000000 0.000000 0.000000 0.165300 0.986243
75.826009274 2.380317 1.034851 0.000000 0.000000 0.000000 0.165536 0.986204
75.899021864 2.384221 1.036796 0.000000 0.000000 0.000000 0.172798 0.984957
75.992537260 2.389172 1.038620 0.000000 0.000000 0.000000 0.182142 0.983272
76.056124210 2.393852 1.041372 0.000000 0.000000 0.000000 0.188154 0.982139
76.141805172 2.398228 1.043392 0.000000 0.000000 0.000000 0.196535 0.980497
76.196712971 2.400664 1.045379 0.000000 0.000000 0.000000 0.201972 0.979391
76.279946327 2.404716 1.047407 0.000000 0.000000 0.000000 0.210096 0.977681
76.336917877 2.407231 1.049702 0.000000 0.000000 0.000000 0.216055 0.976381
76.431858301 2.411804 1.052168 0.000000 0.000000 0.000000 0.225355 0.974277
76.487337351 2.421015 1.057473 0.000000 0.000000 0.000000 0.225548 0.974232
76.576975346 2.436198 1.067098 0.000000 0.000000 0.000000 0.225822 0.974169
76.635664701 2.446357 1.073093 0.000000 0.000000 0.000000 0.225906 0.974149
76.736702204 2.463271 1.082174 0.000000 0.000000 0.000000 0.225904 0.974150
76.784813404 2.471316 1.087078 0.000000 0.000000 0.000000 0.225660 0.974206
76.872728825 2.487897 1.095733 0.000000 0.000000 0.000000 0.225768 0.974181
76.940669060 2.499592 1.100317 0.000000 0.000000 0.000000 0.225724 0.974191
77.039191484 2.517912 1.109917 0.000000 0.000000 0.000000 0.225664 0.974205
77.091496944 2.527847 1.115769 0.000000 0.000000 0.000000 0.225678 0.974202
77.178045034 2.530655 1.117644 0.000000 0.000000 0.000000 0.233949 0.972249
77.233334064 2.532473 1.119986 0.000000 0.000000 0.000000 0.239490 0.970899
77.321522951 2.536623 1.121802 0.000000 0.000000 0.000000 0.248009 0.968758
77.385615587 2.538584 1.123761 0.000000 0.000000 0.000000 0.254067 0.967187
77.482558012 2.555234 1.133666 0.000000 0.000000 0.000000 0.254058 0.967189
77.535058022 2.563766 1.138812 0.000000 0.000000 0.000000 0.254472 0.967080
77.635596514 2.579640 1.147843 0.000000 0.000000 0.000000 0.254338 0.967115
77.687636852 2.586167 1.152885 0.000000 0.000000 0.000000 0.254306 0.967124
77.783472538 2.600926 1.161704 0.000000 0.000000 0.000000 0.254451 0.967086
77.833787918 2.607782 1.166496 0.000000 0.000000 0.000000 0.254824 0.966987
77.940711260 2.625445 1.176449 0.000000 0.000000 0.000000 0.254686 0.967024
77.985099792 2.633305 1.182441 0.000000 0.000000 0.000000 0.254659 0.967031
78.074628830 2.648160 1.190431 0.000000 0.000000 0.000000 0.254444 0.967087
78.126539230 2.657724 1.196681 0.000000 0.000000 0.000000 0.254670 0.967028
78.225707769 2.661520 1.199364 0.000000 0.000000 0.000000 0.263840 0.964566
78.287621975 2.661770 1.202173 0.000000 0.000000 0.000000 0.270012 0.962857
78.371752024 2.676205 1.209549 0.000000 0.000000 0.000000 0.269814 0.962912
78.425225496 2.684944 1.216274 0.000000 0.000000 0.000000 0.269934 0.962879
78.525620699 2.701346 1.224486 0.000000 0.000000 0.000000 0.269932 0.962879
78.588539600 2.710732 1.230523 0.000000 0.000000 0.000000 0.269920 0.962883
78.670593977 2.724480 1.239212 0.000000 0.000000 0.000000 0.269799 0.962917
78.735427380 2.734517 1.245449 0.000000 0.000000 0.000000 0.269930 0.962880
78.827690363 2.750507 1.252415 0.000000 0.000000 0.000000 0.269771 0.962925
78.889282465 2.759760 1.260047 0.000000 0.000000 0.000000 0.269719 0.962939
78.986895561 2.775159 1.269782 0.000000 0.000000 0.000000 0.269673 0.962952
79.038242817 2.783922 1.274742 0.000000 0.000000 0.000000 0.269274 0.963064
79.133278370 2.792919 1.274303 0.000000 0.000000 0.000000 0.278261 0.960506
79.188038111 2.794491 1.275710 0.000000 0.000000 0.000000 0.283227 0.959053
79.274859905 2.798381 1.278897 0.000000 0.000000 0.000000 0.291923 0.956442
79.325020790 2.806254 1.283744 0.000000 0.000000 0.000000 0.291799 0.956480
79.419587612 2.821567 1.294286 0.000000 0.000000 0.000000 0.291832 0.956469
79.476016521 2.830902 1.300402 0.000000 0.000000 0.000000 0.291647 0.956526
79.572896481 2.847039 1.311474 0.000000 0.000000 0.000000 0.291770 0.956489
79.625355482 2.856233 1.316188 0.000000 0.000000 0.000000 0.292019 0.956413
79.715934038 2.870699 1.326423 0.000000 0.000000 0.000000 0.291872 0.956457
79.766192913 2.879042 1.331477 0.000000 0.000000 0.000000 0.291797 0.956480
79.851100206 2.893156 1.341963 0.000000 0.000000 0.000000 0.292073 0.956396
79.911969662 2.903559 1.348685 0.000000 0.000000 0.000000 0.292058 0.956401
80.005322218 2.918448 1.359599 0.000000 0.000000 0.000000 0.292045 0.956405
80.049822092 2.925666 1.364753 0.000000 0.000000 0.000000 0.292252 0.956341
80.144307137 2.941055 1.375520 0.000000 0.000000 0.000000 0.292225 0.956350
80.194717646 2.949664 1.380654 0.000000 0.000000 0.000000 0.292192 0.956360
80.283586025 2.953529 1.383913 0.000000 0.000000 0.000000 0.300389 0.953817
80.339012861 2.955186 1.385653 0.000000 0.000000 0.000000 0.305457 0.952206
80.432806969 2.958584 1.387932 0.000000 0.000000 0.000000 0.314136 0.949378
80.481657505 2.960608 1.389981 0.000000 0.000000 0.000000 0.318838 0.947809
80.570667744 2.965198 1.393588 0.000000 0.000000 0.000000 0.327427 0.944876
80.629180193 2.968065 1.395311 0.000000 0.000000 0.000000 0.333194 0.942858
80.725515127 2.971565 1.399278 0.000000 0.000000 0.000000 0.342614 0.939476
80.785824299 2.973616 1.401172 0.000000 0.000000 0.000000 0.348067 0.937470
80.885531425 2.976999 1.402504 0.000000 0.000000 0.000000 0.357572 0.933885
80.931448936 2.978920 1.404325 0.000000 0.000000 0.000000 0.362179 0.932109
81.023196459 2.992584 1.415594 0.000000 0.000000 0.000000 0.362127 0.932129
81.074112654 2.999224 1.423624 0.000000 0.000000 0.000000 0.362333 0.932049
81.169610262 3.012141 1.436190 0.000000 0.000000 0.000000 0.362309 0.932058
81.221564293 3.020790 1.443531 0.000000 0.000000 0.000000 0.362564 0.931959
81.317089081 3.034692 1.456170 0.000000 0.000000 0.000000 0.362758 0.931884
81.373459816 3.042810 1.462828 0.000000 0.000000 0.000000 0.362792 0.931870
81.468533754 3.056623 1.476477 0.000000 0.000000 0.000000 0.362555 0.931963
81.523016691 3.064362 1.484033 0.000000 0.000000 0.000000 0.362417 0.932016
81.598726511 3.075736 1.495521 0.000000 0.000000 0.000000 0.362369 0.932035
81.657386780 3.078551 1.497059 0.000000 0.000000 0.000000 0.367752 0.929924
81.743980408 3.082913 1.500199 0.000000 0.000000 0.000000 0.375628 0.926771
81.802433014 3.085033 1.503140 0.000000 0.000000 0.000000 0.380743 0.924681
81.892469883 3.089201 1.506734 0.000000 0.000000 0.000000 0.388890 0.921284
81.951400280 3.090748 1.507689 0.000000 0.000000 0.000000 0.394429 0.918927
82.051398516 3.095111 1.511496 0.000000 0.000000 0.000000 0.403302 0.915067
82.098116398 3.097049 1.514141 0.000000 0.000000 0.000000 0.407740 0.913098
82.188131332 3.108635 1.527405 0.000000 0.000000 0.000000 0.407779 0.913081
82.248149872 3.116090 1.536134 0.000000 0.000000 0.000000 0.407840 0.913054
82.336132288 3.127065 1.549205 0.000000 0.000000 0.000000 0.407663 0.913132
82.396090031 3.136312 1.558204 0.000000 0.000000 0.000000 0.407716 0.913109
82.493404388 3.149269 1.573313 0.000000 0.000000 0.000000 0.407532 0.913191
82.545469284 3.156108 1.581514 0.000000 0.000000 0.000000 0.407200 0.913339
82.645762682 3.168657 1.596719 0.000000 0.000000 0.000000 0.406898 0.913474
82.703368902 3.176751 1.606455 0.000000 0.000000 0.000000 0.406929 0.913460
82.786747932 3.187979 1.619667 0.000000 0.000000 0.000000 0.407027 0.913416
82.854153395 3.195629 1.631669 0.000000 0.000000 0.000000 0.407182 0.913347
82.943068027 3.208741 1.643117 0.000000 0.000000 0.000000 0.407173 0.913351
83.009804964 3.217197 1.654219 0.000000 0.000000 0.000000 0.407137 0.913367
83.085191727 3.227705 1.666042 0.000000 0.000000 0.000000 0.406962 0.913445
83.153803349 3.236576 1.675449 0.000000 0.000000 0.000000 0.407099 0.913384
83.241653681 3.249764 1.691058 0.000000 0.000000 0.000000 0.407285 0.913301
83.297069788 3.250709 1.694905 0.000000 0.000000 0.000000 0.412643 0.910893
83.389735460 3.254717 1.698920 0.000000 0.000000 0.000000 0.421094 0.907017
83.453119040 3.255559 1.701284 0.000000 0.000000 0.000000 0.427052 0.904227
83.537900448 3.257898 1.704989 0.000000 0.000000 0.000000 0.435023 0.900419
83.597048283 3.260377 1.706678 0.000000 0.000000 0.000000 0.440540 0.897733
83.717325926 3.263425 1.712053 0.000000 0.000000 0.000000 0.451190 0.892428
83.749479055 3.264814 1.712837 0.000000 0.000000 0.000000 0.454224 0.890888
83.838826418 3.268431 1.715681 0.000000 0.000000 0.000000 0.461950 0.886906
83.901724577 3.270471 1.718340 0.000000 0.000000 0.000000 0.467416 0.884038
83.992516994 3.273154 1.721888 0.000000 0.000000 0.000000 0.475597 0.879663
84.051721573 3.274070 1.724172 0.000000 0.000000 0.000000 0.480669 0.876902
84.156426907 3.276490 1.728743 0.000000 0.000000 0.000000 0.489851 0.871806
84.200500965 3.277379 1.731911 0.000000 0.000000 0.000000 0.493541 0.869722
84.283172131 3.285143 1.746233 0.000000 0.000000 0.000000 0.493670 0.869649
84.341853619 3.290215 1.756256 0.000000 0.000000 0.000000 0.493281 0.869870
84.440338135 3.299709 1.773537 0.000000 0.000000 0.000000 0.493052 0.870000
84.490278244 3.305464 1.781055 0.000000 0.000000 0.000000 0.493190 0.869922
84.590413809 3.314553 1.798126 0.000000 0.000000 0.000000 0.493027 0.870014
84.637861252 3.313088 1.797754 0.000000 0.000000 0.000000 0.496150 0.868237
84.731191397 3.314906 1.802711 0.000000 0.000000 0.000000 0.504127 0.863630
84.795961142 3.317315 1.805407 0.000000 0.000000 0.000000 0.509648 0.860383
84.885035038 3.319444 1.809038 0.000000 0.000000 0.000000 0.517160 0.855889
84.942189693 3.324982 1.819234 0.000000 0.000000 0.000000 0.517264 0.855826
85.035698891 3.332491 1.835956 0.000000 0.000000 0.000000 0.517401 0.855743
85.087255955 3.337651 1.844691 0.000000 0.000000 0.000000 0.517527 0.855667
85.177431345 3.345273 1.860738 0.000000 0.000000 0.000000 0.517387 0.855752
85.234461546 3.350096 1.870796 0.000000 0.000000 0.000000 0.517140 0.855901
85.317269802 3.358837 1.885774 0.000000 0.000000 0.000000 0.517071 0.855943
85.371974707 3.363986 1.895409 0.000000 0.000000 0.000000 0.517276 0.855819
85.478625298 3.366738 1.900605 0.000000 0.000000 0.000000 0.526320 0.850286
85.528799295 3.368796 1.902785 0.000000 0.000000 0.000000 0.530563 0.847645
85.623463392 3.372300 1.905786 0.000000 0.000000 0.000000 0.538331 0.842733
85.673765659 3.373688 1.907652 0.000000 0.000000 0.000000 0.542455 0.840085
85.763669968 3.380781 1.923558 0.000000 0.000000 0.000000 0.542449 0.840089
85.820935726 3.385480 1.934495 0.000000 0.000000 0.000000 0.542403 0.840118
85.910727024 3.391913 1.952008 0.000000 0.000000 0.000000 0.542526 0.840039
85.964876890 3.396677 1.961924 0.000000 0.000000 0.000000 0.542499 0.840057
86.051109076 3.403171 1.977096 0.000000 0.000000 0.000000 0.542772 0.839880
86.103527308 3.405942 1.986572 0.000000 0.000000 0.000000 0.542825 0.839846
86.201452255 3.413462 2.003802 0.000000 0.000000 0.000000 0.542551 0.840023
86.242657185 3.416247 2.010810 0.000000 0.000000 0.000000 0.542309 0.840179
86.334985495 3.424844 2.029309 0.000000 0.000000 0.000000 0.542333 0.840164
86.382092714 3.424987 2.031919 0.000000 0.000000 0.000000 0.546246 0.837625
86.472083092 3.426376 2.036263 0.000000 0.000000 0.000000 0.553743 0.832688
86.523828268 3.427793 2.038371 0.000000 0.000000 0.000000 0.558045 0.829811
86.615870237 3.430497 2.043850 0.000000 0.000000 0.000000 0.565365 0.824841
86.670076370 3.431543 2.046776 0.000000 0.000000 0.000000 0.569885 0.821725
86.774803400 3.438665 2.065492 0.000000 0.000000 0.000000 0.570090 0.821582
86.820199966 3.443003 2.074846 0.000000 0.000000 0.000000 0.570036 0.821619
86.919469357 3.451248 2.093838 0.000000 0.000000 0.000000 0.569878 0.821730
86.967871189 3.454819 2.102100 0.000000 0.000000 0.000000 0.569762 0.821810
87.056761026 3.460983 2.119535 0.000000 0.000000 0.000000 0.569431 0.822039
87.109259605 3.463162 2.128708 0.000000 0.000000 0.000000 0.569520 0.821977
87.192007065 3.469798 2.144341 0.000000 0.000000 0.000000 0.569591 0.821928
87.253980637 3.474789 2.155397 0.000000 0.000000 0.000000 0.569403 0.822059
87.349741697 3.476402 2.158674 0.000000 0.000000 0.000000 0.577238 0.816576
87.405018091 3.477864 2.161602 0.000000 0.000000 0.000000 0.581577 0.813492
87.485984564 3.480586 2.166151 0.000000 0.000000 0.000000 0.587608 0.809146
87.543567896 3.481315 2.168876 0.000000 0.000000 0.000000 0.592210 0.805784
87.634330273 3.483252 2.173531 0.000000 0.000000 0.000000 0.599302 0.800523
87.686902761 3.484889 2.177081 0.000000 0.000000 0.000000 0.603438 0.797410
87.787247896 3.487258 2.181801 0.000000 0.000000 0.000000 0.611439 0.791292
87.837472916 3.490752 2.191463 0.000000 0.000000 0.000000 0.611605 0.791163
87.916748285 3.495052 2.206483 0.000000 0.000000 0.000000 0.611517 0.791231
87.986268759 3.498388 2.220493 0.000000 0.000000 0.000000 0.611660 0.791121
88.086726427 3.504671 2.239570 0.000000 0.000000 0.000000 0.611360 0.791353
88.150101423 3.508009 2.251993 0.000000 0.000000 0.000000 0.611210 0.791469
88.240933418 3.509326 2.257234 0.000000 0.000000 0.000000 0.618148 0.786062
88.297403812 3.511035 2.261437 0.000000 0.000000 0.000000 0.622166 0.782885
88.386169910 3.511791 2.266589 0.000000 0.000000 0.000000 0.629053 0.777363
88.450335503 3.513521 2.269472 0.000000 0.000000 0.000000 0.633998 0.773334
88.535275698 3.514419 2.274498 0.000000 0.000000 0.000000 0.640458 0.767993
88.605426788 3.514457 2.277563 0.000000 0.000000 0.000000 0.645886 0.763434
88.683759212 3.515877 2.281164 0.000000 0.000000 0.000000 0.651672 0.758501
88.750116110 3.519159 2.294307 0.000000 0.000000 0.000000 0.651683 0.758491
88.851769447 3.522841 2.315955 0.000000 0.000000 0.000000 0.651533 0.758620
88.916266441 3.526290 2.328381 0.000000 0.000000 0.000000 0.651355 0.758773
89.002526760 3.530644 2.345787 0.000000 0.000000 0.000000 0.651367 0.758763
89.057895184 3.532458 2.356370 0.000000 0.000000 0.000000 0.651390 0.758743
89.140100241 3.536123 2.373972 0.000000 0.000000 0.000000 0.651064 0.759023
89.195465088 3.538258 2.378542 0.000000 0.000000 0.000000 0.655213 0.755444
89.289087772 3.539413 2.383530 0.000000 0.000000 0.000000 0.662411 0.749141
89.344048738 3.541132 2.385300 0.000000 0.000000 0.000000 0.666473 0.745529
89.440391302 3.541970 2.390461 0.000000 0.000000 0.000000 0.673665 0.739037
89.492968559 3.542666 2.394191 0.000000 0.000000 0.000000 0.677691 0.735347
89.607647657 3.545461 2.417788 0.000000 0.000000 0.000000 0.677772 0.735272
89.672281504 3.547770 2.430433 0.000000 0.000000 0.000000 0.678121 0.734950
89.768073082 3.548701 2.449788 0.000000 0.000000 0.000000 0.678234 0.734846
89.829360723 3.549352 2.462476 0.000000 0.000000 0.000000 0.678464 0.734633
89.918611765 3.551315 2.480755 0.000000 0.000000 0.000000 0.678441 0.734655
89.983339548 3.553374 2.492458 0.000000 0.000000 0.000000 0.678293 0.734791
90.075467348 3.554538 2.510919 0.000000 0.000000 0.000000 0.678397 0.734695
90.136802912 3.555344 2.523162 0.000000 0.000000 0.000000 0.678325 0.734762
90.217718840 3.557216 2.539364 0.000000 0.000000 0.000000 0.678416 0.734678
90.282570362 3.558010 2.551927 0.000000 0.000000 0.000000 0.678460 0.734638
90.377734184 3.559474 2.571196 0.000000 0.000000 0.000000 0.678445 0.734651
90.428593874 3.560898 2.582335 0.000000 0.000000 0.000000 0.678399 0.734694
90.510604858 3.561448 2.598664 0.000000 0.000000 0.000000 0.678503 0.734598
90.568803549 3.563065 2.611435 0.000000 0.000000 0.000000 0.678591 0.734516
90.669097900 3.564438 2.630428 0.000000 0.000000 0.000000 0.678534 0.734569
90.734403133 3.565257 2.643933 0.000000 0.000000 0.000000 0.678531 0.734571
90.817264557 3.568041 2.660245 0.000000 0.000000 0.000000 0.678596 0.734512
90.874949217 3.569441 2.671665 0.000000 0.000000 0.000000 0.678694 0.734421
90.977848291 3.572124 2.691840 0.000000 0.000000 0.000000 0.678612 0.734497
91.038990498 3.572877 2.703089 0.000000 0.000000 0.000000 0.678496 0.734605
91.132968187 3.575364 2.722112 0.000000 0.000000 0.000000 0.678366 0.734724
91.184181929 3.576376 2.733118 0.000000 0.000000 0.000000 0.678167 0.734908
91.277483940 3.577935 2.751327 0.000000 0.000000 0.000000 0.678266 0.734817
91.333750963 3.579911 2.762430 0.000000 0.000000 0.000000 0.678401 0.734691
91.435931683 3.582277 2.782119 0.000000 0.000000 0.000000 0.678394 0.734698
91.490885019 3.583190 2.793377 0.000000 0.000000 0.000000 0.678077 0.734991
91.596405983 3.585450 2.813789 0.000000 0.000000 0.000000 0.678099 0.734971
91.657889366 3.586768 2.825878 0.000000 0.000000 0.000000 0.678149 0.734925
91.744920015 3.588814 2.842469 0.000000 0.000000 0.000000 0.678271 0.734811
91.803375244 3.589563 2.852930 0.000000 0.000000 0.000000 0.678278 0.734805
91.889576912 3.591118 2.870815 0.000000 0.000000 0.000000 0.678304 0.734781
91.950321198 3.592258 2.883352 0.000000 0.000000 0.000000 0.678333 0.734755
92.040585995 3.593996 2.901614 0.000000 0.000000 0.000000 0.678418 0.734676
92.095539570 3.594717 2.913167 0.000000 0.000000 0.000000 0.678510 0.734591
92.180634975 3.596441 2.930240 0.000000 0.000000 0.000000 0.678583 0.734524
92.233907700 3.598212 2.939707 0.000000 0.000000 0.000000 0.678561 0.734544
92.324627161 3.599157 2.957014 0.000000 0.000000 0.000000 0.678562 0.734544
92.377721786 3.601266 2.967700 0.000000 0.000000 0.000000 0.678655 0.734457
92.477380037 3.603166 2.987285 0.000000 0.000000 0.000000 0.678611 0.734498
92.527386665 3.603639 2.998063 0.000000 0.000000 0.000000 0.678608 0.734501
92.615924358 3.604713 3.015031 0.000000 0.000000 0.000000 0.678783 0.734339
92.672314167 3.605080 3.024022 0.000000 0.000000 0.000000 0.678788 0.734334
92.773890257 3.607399 3.044120 0.000000 0.000000 0.000000 0.678483 0.734616
92.833395958 3.609069 3.055542 0.000000 0.000000 0.000000 0.678514 0.734588
92.924817085 3.612241 3.073769 0.000000 0.000000 0.000000 0.678680 0.734434
92.988978386 3.614130 3.086270 0.000000 0.000000 0.000000 0.678721 0.734396
93.100240469 3.616391 3.106800 0.000000 0.000000 0.000000 0.678713 0.734404
93.152472734 3.616961 3.116423 0.000000 0.000000 0.000000 0.678850 0.734277
93.248969555 3.618163 3.134919 0.000000 0.000000 0.000000 0.678793 0.734330
93.302347898 3.618937 3.145748 0.000000 0.000000 0.000000 0.678894 0.734236
93.402684212 3.620427 3.165956 0.000000 0.000000 0.000000 0.679249 0.733908
93.454676867 3.621963 3.176700 0.000000 0.000000 0.000000 0.679219 0.733936
93.552758694 3.625573 3.195156 0.000000 0.000000 0.000000 0.679048 0.734094
93.613630056 3.626109 3.206987 0.000000 0.000000 0.000000 0.679170 0.733981
93.707502604 3.628941 3.224957 0.000000 0.000000 0.000000 0.679029 0.734112
93.764230251 3.629564 3.236333 0.000000 0.000000 0.000000 0.678900 0.734231
93.873910427 3.631015 3.256893 0.000000 0.000000 0.000000 0.678800 0.734323
93.914932251 3.632405 3.264714 0.000000 0.000000 0.000000 0.678703 0.734413
94.005584240 3.635322 3.282597 0.000000 0.000000 0.000000 0.678552 0.734552
94.060539484 3.634887 3.293123 0.000000 0.000000 0.000000 0.678650 0.734462
94.156020403 3.635458 3.311985 0.000000 0.000000 0.000000 0.678853 0.734274
94.210253716 3.638385 3.322332 0.000000 0.000000 0.000000 0.678730 0.734388
94.306135893 3.639629 3.339764 0.000000 0.000000 0.000000 0.678582 0.734525
94.372974396 3.640298 3.351579 0.000000 0.000000 0.000000 0.678317 0.734770
94.471097946 3.642681 3.371774 0.000000 0.000000 0.000000 0.678237 0.734843
94.529613972 3.643864 3.383913 0.000000 0.000000 0.000000 0.678271 0.734812
94.627149820 3.644179 3.404185 0.000000 0.000000 0.000000 0.678176 0.734900
94.671769142 3.645589 3.412915 0.000000 0.000000 0.000000 0.677921 0.735135
94.763330460 3.646966 3.432286 0.000000 0.000000 0.000000 0.678107 0.734964
94.822440624 3.647651 3.442966 0.000000 0.000000 0.000000 0.677983 0.735077
94.912670851 3.647621 3.461600 0.000000 0.000000 0.000000 0.678086 0.734983
94.978972197 3.647785 3.474260 0.000000 0.000000 0.000000 0.677858 0.735193
95.068254471 3.650583 3.493911 0.000000 0.000000 0.000000 0.677811 0.735236
95.123470068 3.652962 3.504312 0.000000 0.000000 0.000000 0.677674 0.735362
95.210581541 3.653257 3.521170 0.000000 0.000000 0.000000 0.677649 0.735385
95.261231899 3.654575 3.530871 0.000000 0.000000 0.000000 0.677334 0.735676
95.358219862 3.656435 3.549897 0.000000 0.000000 0.000000 0.677297 0.735710
95.405269146 3.659427 3.561914 0.000000 0.000000 0.000000 0.677589 0.735441
95.495450497 3.658819 3.562148 0.000000 0.000000 0.000000 0.677724 0.735317
95.556711435 3.659729 3.561942 0.000000 0.000000 0.000000 0.677538 0.735488
95.654532194 3.659023 3.561076 0.000000 0.000000 0.000000 0.677448 0.735571
95.718507051 3.659656 3.560615 0.000000 0.000000 0.000000 0.677670 0.735366
95.809733868 3.660105 3.561179 0.000000 0.000000 0.000000 0.677565 0.735463
95.869915009 3.659754 3.561399 0.000000 0.000000 0.000000 0.677511 0.735513
95.968504429 3.660265 3.560672 0.000000 0.000000 0.000000 0.677420 0.735597
96.013655424 3.660499 3.560379 0.000000 0.000000 0.000000 0.677213 0.735787
96.105460644 3.660940 3.559547 0.000000 0.000000 0.000000 0.677152 0.735843
96.151817083 3.660150 3.559306 0.000000 0.000000 0.000000 0.677181 0.735817
96.249305487 3.659794 3.558676 0.000000 0.000000 0.000000 0.677130 0.735864
96.313171148 3.658966 3.558453 0.000000 0.000000 0.000000 0.677188 0.735810
96.411842108 3.659385 3.556949 0.000000 0.000000 0.000000 0.677406 0.735610
96.483254194 3.660082 3.556793 0.000000 0.000000 0.000000 0.677478 0.735543
96.576039553 3.660681 3.556374 0.000000 0.000000 0.000000 0.677362 0.735650
96.634468794 3.661131 3.555634 0.000000 0.000000 0.000000 0.677450 0.735569
96.723625898 3.660876 3.556529 0.000000 0.000000 0.000000 0.677332 0.735678
96.781600475 3.660664 3.557622 0.000000 0.000000 0.000000 0.677105 0.735886
96.866395235 3.659597 3.557643 0.000000 0.000000 0.000000 0.677212 0.735788
96.921135187 3.660856 3.557766 0.000000 0.000000 0.000000 0.677183 0.735815
97.019036293 3.661331 3.557555 0.000000 0.000000 0.000000 0.677102 0.735889
97.060910940 3.660686 3.557755 0.000000 0.000000 0.000000 0.677030 0.735955
97.153807163 3.661588 3.556785 0.000000 0.000000 0.000000 0.677141 0.735853
97.211027622 3.662264 3.558024 0.000000 0.000000 0.000000 0.677128 0.735865
97.305245876 3.661217 3.556704 0.000000 0.000000 0.000000 0.677011 0.735973
97.364989996 3.660342 3.555339 0.000000 0.000000 0.000000 0.677108 0.735884
97.465471268 3.661147 3.555363 0.000000 0.000000 0.000000 0.677138 0.735856
97.531141281 3.660868 3.555059 0.000000 0.000000 0.000000 0.677066 0.735922
97.607466698 3.660729 3.555794 0.000000 0.000000 0.000000 0.676916 0.736061
97.670571327 3.660347 3.555103 0.000000 0.000000 0.000000 0.677064 0.735924
97.761371374 3.660232 3.555561 0.000000 0.000000 0.000000 0.676955 0.736024
97.826786518 3.659140 3.555246 0.000000 0.000000 0.000000 0.676944 0.736035
97.904732704 3.660239 3.554863 0.000000 0.000000 0.000000 0.676715 0.736245
97.972033739 3.661240 3.556104 0.000000 0.000000 0.000000 0.676724 0.736237
98.065672398 3.661129 3.555831 0.000000 0.000000 0.000000 0.676806 0.736161
98.120881319 3.660957 3.557148 0.000000 0.000000 0.000000 0.676773 0.736192
98.209275961 3.661055 3.558490 0.000000 0.000000 0.000000 0.676701 0.736258
98.266049623 3.661134 3.557742 0.000000 0.000000 0.000000 0.676602 0.736349
98.353181839 3.660869 3.556521 0.000000 0.000000 0.000000 0.676420 0.736516
98.403073549 3.661897 3.555431 0.000000 0.000000 0.000000 0.676395 0.736539
98.490382910 3.662285 3.554082 0.000000 0.000000 0.000000 0.676500 0.736443
98.542252064 3.662441 3.554265 0.000000 0.000000 0.000000 0.676462 0.736478
98.624454260 3.663152 3.554769 0.000000 0.000000 0.000000 0.676462 0.736478
98.685510397 3.664722 3.555330 0.000000 0.000000 0.000000 0.676278 0.736646
98.779605627 3.664831 3.555349 0.000000 0.000000 0.000000 0.676210 0.736709
98.838194609 3.666313 3.554662 0.000000 0.000000 0.000000 0.676172 0.736744
98.929908276 3.665240 3.554279 0.000000 0.000000 0.000000 0.676243 0.736678
98.986426353 3.665606 3.554113 0.000000 0.000000 0.000000 0.676041 0.736864
99.090990067 3.665093 3.553671 0.000000 0.000000 0.000000 0.675933 0.736963
99.137984037 3.666174 3.554760 0.000000 0.000000 0.000000 0.675504 0.737357
99.222180128 3.666867 3.553891 0.000000 0.000000 0.000000 0.675462 0.737395
99.274515629 3.666162 3.551985 0.000000 0.000000 0.000000 0.675638 0.737233
99.372492313 3.665905 3.550737 0.000000 0.000000 0.000000 0.675358 0.737490
99.430688858 3.666437 3.550556 0.000000 0.000000 0.000000 0.675141 0.737689
99.544572830 3.664543 3.549784 0.000000 0.000000 0.000000 0.675238 0.737599
99.586899042 3.665401 3.550836 0.000000 0.000000 0.000000 0.675323 0.737522
99.684531927 3.665496 3.550915 0.000000 0.000000 0.000000 0.675167 0.737665
99.732462883 3.666589 3.550129 0.000000 0.000000 0.000000 0.674999 0.737819
99.817482233 3.666883 3.549931 0.000000 0.000000 0.000000 0.674961 0.737853
99.865893364 3.667124 3.549965 0.000000 0.000000 0.000000 0.674914 0.737897
99.974117994 3.668248 3.549995 0.000000 0.000000 0.000000 0.674984 0.737832
100.008396149 3.668959 3.549739 0.000000 0.000000 0.000000 0.674887 0.737921
100.099959850 3.669508 3.551918 0.000000 0.000000 0.000000 0.674975 0.737841
100.157341719 3.669459 3.550701 0.000000 0.000000 0.000000 0.674805 0.737996
100.251402378 3.668586 3.549231 0.000000 0.000000 0.000000 0.674456 0.738315
100.296842813 3.669931 3.548609 0.000000 0.000000 0.000000 0.674540 0.738239
100.386153460 3.670989 3.548419 0.000000 0.000000 0.000000 0.674557 0.738222
100.438560963 3.671298 3.548258 0.000000 0.000000 0.000000 0.674488 0.738285
100.523025513 3.672824 3.549501 0.000000 0.000000 0.000000 0.674544 0.738235
100.578892708 3.672986 3.549311 0.000000 0.000000 0.000000 0.674706 0.738086
100.666844606 3.672229 3.550554 0.000000 0.000000 0.000000 0.674666 0.738123
100.717916250 3.670281 3.547590 0.000000 0.000000 0.000000 0.674966 0.737849
100.814438343 3.670806 3.547932 0.000000 0.000000 0.000000 0.675018 0.737802
100.859156370 3.671035 3.548765 0.000000 0.000000 0.000000 0.675014 0.737805
100.952885628 3.671201 3.548309 0.000000 0.000000 0.000000 0.674955 0.737859
101.000487804 3.671078 3.548831 0.000000 0.000000 0.000000 0.675103 0.737723
101.085479736 3.670704 3.548244 0.000000 0.000000 0.000000 0.675108 0.737719
101.136031866 3.670064 3.548531 0.000000 0.000000 0.000000 0.674991 0.737826
101.229514122 3.669772 3.548823 0.000000 0.000000 0.000000 0.675096 0.737730
101.274351120 3.669980 3.549397 0.000000 0.000000 0.000000 0.675176 0.737657
101.373620749 3.669460 3.549062 0.000000 0.000000 0.000000 0.675074 0.737750
101.426921129 3.669832 3.548586 0.000000 0.000000 0.000000 0.675007 0.737812
101.521782160 3.670029 3.548375 0.000000 0.000000 0.000000 0.674985 0.737831
101.570658922 3.669613 3.548912 0.000000 0.000000 0.000000 0.674931 0.737881
101.657437325 3.670070 3.548580 0.000000 0.000000 0.000000 0.674960 0.737854
101.713495970 3.670925 3.547888 0.000000 0.000000 0.000000 0.675057 0.737765
101.799236774 3.672614 3.547008 0.000000 0.000000 0.000000 0.675044 0.737778
101.849389791 3.673893 3.547058 0.000000 0.000000 0.000000 0.675111 0.737716
101.945839167 3.674102 3.546889 0.000000 0.000000 0.000000 0.675143 0.737687
101.999189854 3.674292 3.546534 0.000000 0.000000 0.000000 0.675138 0.737691
102.086042404 3.675278 3.547051 0.000000 0.000000 0.000000 0.675089 0.737736
102.136522293 3.674556 3.546449 0.000000 0.000000 0.000000 0.675223 0.737614
102.221495152 3.673744 3.546943 0.000000 0.000000 0.000000 0.675250 0.737589
102.276251078 3.673542 3.546509 0.000000 0.000000 0.000000 0.675473 0.737385
102.367645025 3.673304 3.546445 0.000000 0.000000 0.000000 0.675574 0.737292
102.423708200 3.672876 3.546579 0.000000 0.000000 0.000000 0.675623 0.737247
102.525077105 3.672387 3.546497 0.000000 0.000000 0.000000 0.675645 0.737227
102.574762106 3.672653 3.545403 0.000000 0.000000 0.000000 0.675482 0.737377
102.674291134 3.672051 3.544989 0.000000 0.000000 0.000000 0.675319 0.737525
