56.000000000 -0.003397 0.996743 0.000000 0.000000 0.000000 -0.006264 0.999980
56.092626333 -0.002072 0.996392 0.000000 0.000000 0.000000 -0.005760 0.999983
56.136488199 -0.000548 0.995726 0.000000 0.000000 0.000000 -0.005448 0.999985
56.234569073 -0.000082 0.995231 0.000000 0.000000 0.000000 -0.005399 0.999985
56.291095257 0.000318 0.995792 0.000000 0.000000 0.000000 -0.005555 0.999985
56.384810448 0.000476 0.995504 0.000000 0.000000 0.000000 -0.005598 0.999984
56.432573795 0.000715 0.995155 0.000000 0.000000 0.000000 -0.005424 0.999985
56.517774343 0.000520 0.995673 0.000000 0.000000 0.000000 -0.005173 0.999987
56.566277504 0.000731 0.995313 0.000000 0.000000 0.000000 -0.004989 0.999988
56.658776283 0.000311 0.995466 0.000000 0.000000 0.000000 -0.004592 0.999989
56.719421625 -0.000077 0.994821 0.000000 0.000000 0.000000 -0.004437 0.999990
56.806190968 -0.001226 0.994385 0.000000 0.000000 0.000000 -0.004140 0.999991
56.859033823 -0.001235 0.994637 0.000000 0.000000 0.000000 -0.004332 0.999991
56.956225157 -0.002657 0.994497 0.000000 0.000000 0.000000 -0.004383 0.999990
56.992516994 -0.003666 0.994135 0.000000 0.000000 0.000000 -0.004357 0.999991
57.085117579 -0.004081 0.993903 0.000000 0.000000 0.000000 -0.004433 0.999990
57.135342836 -0.003880 0.995514 0.000000 0.000000 0.000000 -0.004479 0.999990
57.226917267 -0.004165 0.996758 0.000000 0.000000 0.000000 -0.004334 0.999991
57.280653477 -0.003844 0.996000 0.000000 0.000000 0.000000 -0.004245 0.999991
57.376023293 -0.004072 0.996704 0.000000 0.000000 0.000000 -0.004257 0.999991
57.421943903 -0.003868 0.996782 0.000000 0.000000 0.000000 -0.003833 0.999993
57.506844759 -0.004271 0.997012 0.000000 0.000000 0.000000 -0.004049 0.999992
57.561612844 -0.004462 0.997132 0.000000 0.000000 0.000000 -0.004108 0.999992
57.661116600 -0.004791 0.997354 0.000000 0.000000 0.000000 -0.004083 0.999992
57.713097334 -0.003846 0.997964 0.000000 0.000000 0.000000 -0.004196 0.999991
57.818692207 -0.003765 0.997270 0.000000 0.000000 0.000000 -0.004380 0.999990
57.857132435 -0.003848 0.997959 0.000000 0.000000 0.000000 -0.004443 0.999990
57.942367077 -0.004109 0.998167 0.000000 0.000000 0.000000 -0.004630 0.999989
57.993121147 -0.004167 0.998140 0.000000 0.000000 0.000000 -0.004828 0.999988
58.084053516 -0.005012 0.998369 0.000000 0.000000 0.000000 -0.004841 0.999988
58.134043932 -0.004311 0.998316 0.000000 0.000000 0.000000 -0.004641 0.999989
58.226578236 -0.004654 0.998551 0.000000 0.000000 0.000000 -0.004674 0.999989
58.278188705 -0.004998 0.999139 0.000000 0.000000 0.000000 -0.004759 0.999989
58.375108480 -0.005297 0.998031 0.000000 0.000000 0.000000 -0.004812 0.999988
58.432198524 -0.005932 0.998598 0.000000 0.000000 0.000000 -0.004786 0.999989
58.513686180 -0.005400 0.999256 0.000000 0.000000 0.000000 -0.004753 0.999989
58.577755451 -0.005601 0.998518 0.000000 0.000000 0.000000 -0.004842 0.999988
58.663658381 -0.006430 1.000074 0.000000 0.000000 0.000000 -0.004852 0.999988
58.721382856 -0.006525 0.999964 0.000000 0.000000 0.000000 -0.004937 0.999988
58.811643362 -0.006422 0.999925 0.000000 0.000000 0.000000 -0.004931 0.999988
58.859117508 -0.006434 0.999275 0.000000 0.000000 0.000000 -0.004818 0.999988
58.954252720 -0.006322 0.998640 0.000000 0.000000 0.000000 -0.004939 0.999988
59.016629219 -0.006574 0.998732 0.000000 0.000000 0.000000 -0.005046 0.999987
59.106379747 -0.007037 0.998107 0.000000 0.000000 0.000000 -0.005078 0.999987
59.158839226 -0.007526 0.998869 0.000000 0.000000 0.000000 -0.005041 0.999987
59.239713192 -0.006663 0.999788 0.000000 0.000000 0.000000 -0.005065 0.999987
59.295119047 -0.006719 0.999476 0.000000 0.000000 0.000000 -0.005162 0.999987
59.400145054 -0.006172 0.998595 0.000000 0.000000 0.000000 -0.004989 0.999988
59.447155952 -0.006272 0.999047 0.000000 0.000000 0.000000 -0.005235 0.999986
59.543852329 -0.006311 0.998964 0.000000 0.000000 0.000000 -0.005127 0.999987
59.590034962 -0.005953 0.998656 0.000000 0.000000 0.000000 -0.005405 0.999985
59.665421247 -0.006267 0.998881 0.000000 0.000000 0.000000 -0.005493 0.999985
59.720851421 -0.006366 1.000235 0.000000 0.000000 0.000000 -0.005842 0.999983
59.805132151 -0.006389 1.000975 0.000000 0.000000 0.000000 -0.005730 0.999984
59.860359430 -0.006850 1.000184 0.000000 0.000000 0.000000 -0.005762 0.999983
59.957119226 -0.006935 1.000164 0.000000 0.000000 0.000000 -0.005797 0.999983
60.005816936 -0.007677 1.000424 0.000000 0.000000 0.000000 -0.005774 0.999983
60.089397669 -0.008095 1.000551 0.000000 0.000000 0.000000 -0.005759 0.999983
60.138172865 -0.008572 1.000231 0.000000 0.000000 0.000000 -0.005828 0.999983
60.220950127 -0.009440 1.000733 0.000000 0.000000 0.000000 -0.005903 0.999983
60.272440672 -0.010364 1.001084 0.000000 0.000000 0.000000 -0.005899 0.999983
60.365985632 -0.010347 1.000915 0.000000 0.000000 0.000000 -0.005912 0.999983
60.419920921 -0.010391 1.000441 0.000000 0.000000 0.000000 -0.006006 0.999982
60.517887354 -0.010774 1.000103 0.000000 0.000000 0.000000 -0.005961 0.999982
60.576246977 -0.010866 1.000138 0.000000 0.000000 0.000000 -0.006015 0.999982
60.661265135 -0.010577 0.999736 0.000000 0.000000 0.000000 -0.005955 0.999982
60.720116138 -0.010643 0.999937 0.000000 0.000000 0.000000 -0.006063 0.999982
60.806773424 -0.010733 1.000161 0.000000 0.000000 0.000000 -0.006312 0.999980
60.856551170 -0.010250 0.999714 0.000000 0.000000 0.000000 -0.006472 0.999979
60.954911470 -0.010837 0.999906 0.000000 0.000000 0.000000 -0.006546 0.999979
61.012297630 -0.010616 0.999982 0.000000 0.000000 0.000000 -0.006708 0.999978
61.109639168 -0.009971 0.999695 0.000000 0.000000 0.000000 -0.006767 0.999977
61.157109976 -0.010113 0.999531 0.000000 0.000000 0.000000 -0.006766 0.999977
61.239634752 -0.010005 0.998758 0.000000 0.000000 0.000000 -0.006692 0.999978
61.291578770 -0.008982 0.997334 0.000000 0.000000 0.000000 -0.006629 0.999978
61.377224922 -0.008510 0.996152 0.000000 0.000000 0.000000 -0.006453 0.999979
61.424571276 -0.008458 0.996296 0.000000 0.000000 0.000000 -0.006647 0.999978
61.517945051 -0.008811 0.995224 0.000000 0.000000 0.000000 -0.006660 0.999978
61.571182013 -0.008690 0.994533 0.000000 0.000000 0.000000 -0.006737 0.999977
61.674693108 -0.009160 0.995137 0.000000 0.000000 0.000000 -0.007233 0.999974
61.731230259 -0.010242 0.995108 0.000000 0.000000 0.000000 -0.007268 0.999974
61.823836803 -0.010295 0.994944 0.000000 0.000000 0.000000 -0.007326 0.999973
61.867137194 -0.010102 0.995050 0.000000 0.000000 0.000000 -0.007426 0.999972
61.957184315 -0.009908 0.995201 0.000000 0.000000 0.000000 -0.007290 0.999973
62.007257462 -0.009471 0.996728 0.000000 0.000000 0.000000 -0.007315 0.999973
62.096065044 -0.010089 0.996525 0.000000 0.000000 0.000000 -0.007125 0.999975
62.149833441 -0.011064 0.995410 0.000000 0.000000 0.000000 -0.007445 0.999972
62.231528997 0.005148 0.995206 0.000000 0.000000 0.000000 -0.007411 0.999973
62.288254261 0.017137 0.995188 0.000000 0.000000 0.000000 -0.007377 0.999973
62.372793436 0.033879 0.994723 0.000000 0.000000 0.000000 -0.007350 0.999973
62.437046528 0.045816 0.995617 0.000000 0.000000 0.000000 -0.007278 0.999974
62.518205643 0.061857 0.994714 0.000000 0.000000 0.000000 -0.007085 0.999975
62.573649645 0.072550 0.994998 0.000000 0.000000 0.000000 -0.007073 0.999975
62.658019066 0.089203 0.993969 0.000000 0.000000 0.000000 -0.006914 0.999976
62.708748341 0.099253 0.994035 0.000000 0.000000 0.000000 -0.006990 0.999976
62.802901506 0.117569 0.993803 0.000000 0.000000 0.000000 -0.006929 0.999976
62.862125397 0.130330 0.993326 0.000000 0.000000 0.000000 -0.006896 0.999976
62.944721937 0.146555 0.991953 0.000000 0.000000 0.000000 -0.006753 0.999977
63.001682520 0.157162 0.991946 0.000000 0.000000 0.000000 -0.006647 0.999978
63.096352816 0.175284 0.990918 0.000000 0.000000 0.000000 -0.006602 0.999978
63.140980959 0.184626 0.989742 0.000000 0.000000 0.000000 -0.006706 0.999978
63.224403381 0.201219 0.989004 0.000000 0.000000 0.000000 -0.006715 0.999977
63.278097630 0.211558 0.989497 0.000000 0.000000 0.000000 -0.006598 0.999978
63.378735542 0.230846 0.988950 0.000000 0.000000 0.000000 -0.006635 0.999978
63.429337263 0.240692 0.988469 0.000000 0.000000 0.000000 -0.006538 0.999979
63.507558107 0.256783 0.988165 0.000000 0.000000 0.000000 -0.006430 0.999979
63.561244726 0.267501 0.988728 0.000000 0.000000 0.000000 -0.006587 0.999978
63.651183605 0.284776 0.987613 0.000000 0.000000 0.000000 -0.006518 0.999979
63.722069025 0.298810 0.986984 0.000000 0.000000 0.000000 -0.006433 0.999979
63.818211794 0.316915 0.987234 0.000000 0.000000 0.000000 -0.006479 0.999979
63.867984533 0.327425 0.986671 0.000000 0.000000 0.000000 -0.006613 0.999978
63.954170942 0.344885 0.986287 0.000000 0.000000 0.000000 -0.006417 0.999979
64.007827759 0.355144 0.985724 0.000000 0.000000 0.000000 -0.006352 0.999980
64.098969221 0.371563 0.985348 0.000000 0.000000 0.000000 -0.006196 0.999981
64.150251389 0.382553 0.985915 0.000000 0.000000 0.000000 -0.006123 0.999981
64.240028858 0.400568 0.986723 0.000000 0.000000 0.000000 -0.006169 0.999981
64.291742325 0.410161 0.986632 0.000000 0.000000 0.000000 -0.006339 0.999980
64.384911537 0.428890 0.986291 0.000000 0.000000 0.000000 -0.006343 0.999980
64.438662767 0.439913 0.986201 0.000000 0.000000 0.000000 -0.006405 0.999979
64.529100657 0.457928 0.986235 0.000000 0.000000 0.000000 -0.006374 0.999980
64.581606388 0.467050 0.987204 0.000000 0.000000 0.000000 -0.007016 0.999975
64.666499376 0.484007 0.986742 0.000000 0.000000 0.000000 -0.007171 0.999974
64.719514608 0.494268 0.986459 0.000000 0.000000 0.000000 -0.007188 0.999974
64.801486015 0.509530 0.986736 0.000000 0.000000 0.000000 -0.007268 0.999974
64.853920698 0.520023 0.987003 0.000000 0.000000 0.000000 -0.007256 0.999974
64.943417788 0.537804 0.987551 0.000000 0.000000 0.000000 -0.007368 0.999973
64.995023489 0.547888 0.987231 0.000000 0.000000 0.000000 -0.007384 0.999973
65.076430798 0.564977 0.986552 0.000000 0.000000 0.000000 -0.007435 0.999972
65.137303352 0.577306 0.986459 0.000000 0.000000 0.000000 -0.007504 0.999972
65.235720634 0.597093 0.986677 0.000000 0.000000 0.000000 -0.007474 0.999972
65.286878586 0.606743 0.987039 0.000000 0.000000 0.000000 -0.007501 0.999972
65.388996363 0.626915 0.986887 0.000000 0.000000 0.000000 -0.007500 0.999972
65.443364143 0.637705 0.986803 0.000000 0.000000 0.000000 -0.007540 0.999972
65.533442974 0.654760 0.986754 0.000000 0.000000 0.000000 -0.007414 0.999973
65.583643198 0.664252 0.985512 0.000000 0.000000 0.000000 -0.007363 0.999973
65.666572094 0.680880 0.984051 0.000000 0.000000 0.000000 -0.007599 0.999971
65.718314648 0.691439 0.984267 0.000000 0.000000 0.000000 -0.007559 0.999971
65.813969851 0.710914 0.984016 0.000000 0.000000 0.000000 -0.007630 0.999971
65.860479355 0.720381 0.983573 0.000000 0.000000 0.000000 -0.007646 0.999971
65.949100494 0.737552 0.982819 0.000000 0.000000 0.000000 -0.007719 0.999970
66.006313324 0.749437 0.983068 0.000000 0.000000 0.000000 -0.007875 0.999969
66.091695070 0.765390 0.982769 0.000000 0.000000 0.000000 -0.007980 0.999968
66.150105000 0.776592 0.982216 0.000000 0.000000 0.000000 -0.007895 0.999969
66.245607138 0.795663 0.981984 0.000000 0.000000 0.000000 -0.007949 0.999968
66.289936066 0.804723 0.981530 0.000000 0.000000 0.000000 -0.007879 0.999969
66.374847174 0.821802 0.981548 0.000000 0.000000 0.000000 -0.007788 0.999970
66.427448988 0.832621 0.981807 0.000000 0.000000 0.000000 -0.007733 0.999970
66.515174389 0.849978 0.981920 0.000000 0.000000 0.000000 -0.007710 0.999970
66.565155268 0.860552 0.981506 0.000000 0.000000 0.000000 -0.007582 0.999971
66.668905973 0.881905 0.979988 0.000000 0.000000 0.000000 -0.007623 0.999971
66.720251560 0.892269 0.979101 0.000000 0.000000 0.000000 -0.007342 0.999973
66.818524122 0.910898 0.977638 0.000000 0.000000 0.000000 -0.007029 0.999975
66.862034321 0.919365 0.977163 0.000000 0.000000 0.000000 -0.006807 0.999977
66.948162079 0.936925 0.976604 0.000000 0.000000 0.000000 -0.006802 0.999977
66.998103142 0.948947 0.977921 0.000000 0.000000 0.000000 -0.006365 0.999980
67.100195885 0.968111 0.976986 0.000000 0.000000 0.000000 -0.006152 0.999981
67.157076359 0.979215 0.977111 0.000000 0.000000 0.000000 -0.006107 0.999981
67.269846916 1.000734 0.976196 0.000000 0.000000 0.000000 -0.006075 0.999982
67.325706720 1.011635 0.976761 0.000000 0.000000 0.000000 -0.006100 0.999981
67.417520761 1.029428 0.976665 0.000000 0.000000 0.000000 -0.006338 0.999980
67.475314379 1.040463 0.976450 0.000000 0.000000 0.000000 -0.006156 0.999981
67.587245464 1.062453 0.976519 0.000000 0.000000 0.000000 -0.006130 0.999981
67.657504320 1.077514 0.975795 0.000000 0.000000 0.000000 -0.006052 0.999982
67.744100571 1.095157 0.975614 0.000000 0.000000 0.000000 -0.006019 0.999982
67.809964418 1.108678 0.975583 0.000000 0.000000 0.000000 -0.006206 0.999981
67.907867193 1.127666 0.976020 0.000000 0.000000 0.000000 -0.006200 0.999981
67.955658197 1.136601 0.976382 0.000000 0.000000 0.000000 -0.006187 0.999981
68.043772697 1.154396 0.976321 0.000000 0.000000 0.000000 -0.006344 0.999980
68.092056751 1.164891 0.975771 0.000000 0.000000 0.000000 -0.006206 0.999981
68.198954105 1.185568 0.975592 0.000000 0.000000 0.000000 -0.006169 0.999981
68.239401817 1.193181 0.975999 0.000000 0.000000 0.000000 -0.006216 0.999981
68.334116697 1.212204 0.975844 0.000000 0.000000 0.000000 -0.006105 0.999981
68.393169165 1.223904 0.975703 0.000000 0.000000 0.000000 -0.006078 0.999982
68.488315105 1.242499 0.976272 0.000000 0.000000 0.000000 -0.005900 0.999983
68.548655272 1.253977 0.976957 0.000000 0.000000 0.000000 -0.005860 0.999983
68.628951550 1.270080 0.977164 0.000000 0.000000 0.000000 -0.005844 0.999983
68.688163757 1.282255 0.977979 0.000000 0.000000 0.000000 -0.005958 0.999982
68.771270037 1.299603 0.977356 0.000000 0.000000 0.000000 -0.005968 0.999982
68.824939728 1.310250 0.977315 0.000000 0.000000 0.000000 -0.006182 0.999981
68.927378178 1.329954 0.977453 0.000000 0.000000 0.000000 -0.006216 0.999981
68.988554239 1.342068 0.977116 0.000000 0.000000 0.000000 -0.006276 0.999980
69.091393948 1.362387 0.977004 0.000000 0.000000 0.000000 -0.006362 0.999980
69.142657280 1.372097 0.977242 0.000000 0.000000 0.000000 -0.006330 0.999980
69.226943970 1.389340 0.977679 0.000000 0.000000 0.000000 -0.006306 0.999980
69.291504383 1.401953 0.976882 0.000000 0.000000 0.000000 -0.006447 0.999979
69.395749092 1.422652 0.976885 0.000000 0.000000 0.000000 -0.006471 0.999979
69.444655418 1.433335 0.975971 0.000000 0.000000 0.000000 -0.006694 0.999978
69.543005466 1.453443 0.976325 0.000000 0.000000 0.000000 -0.006873 0.999976
69.595045090 1.462811 0.978395 0.000000 0.000000 0.000000 -0.006634 0.999978
69.695927858 1.482643 0.977666 0.000000 0.000000 0.000000 -0.006684 0.999978
69.753221989 1.493915 0.977791 0.000000 0.000000 0.000000 -0.006549 0.999979
69.852281094 1.513502 0.978743 0.000000 0.000000 0.000000 -0.006610 0.999978
69.909631014 1.525694 0.978432 0.000000 0.000000 0.000000 -0.006660 0.999978
70.003495455 1.544084 0.978264 0.000000 0.000000 0.000000 -0.006803 0.999977
70.055417776 1.553986 0.977792 0.000000 0.000000 0.000000 -0.006906 0.999976
70.137858391 1.570206 0.978008 0.000000 0.000000 0.000000 -0.006968 0.999976
70.199167728 1.581567 0.977127 0.000000 0.000000 0.000000 -0.006901 0.999976
70.302878618 1.602449 0.976474 0.000000 0.000000 0.000000 -0.007022 0.999975
70.369396687 1.615756 0.975928 0.000000 0.000000 0.000000 -0.007173 0.999974
70.461210728 1.633747 0.975142 0.000000 0.000000 0.000000 -0.007312 0.999973
70.509778738 1.643688 0.974569 0.000000 0.000000 0.000000 -0.007233 0.999974
70.599387646 1.661282 0.975020 0.000000 0.000000 0.000000 -0.007397 0.999973
70.656033039 1.671776 0.974083 0.000000 0.000000 0.000000 -0.007339 0.999973
70.768153429 1.693807 0.973565 0.000000 0.000000 0.000000 -0.007199 0.999974
70.815999985 1.704041 0.973002 0.000000 0.000000 0.000000 -0.007151 0.999974
70.900581121 1.720938 0.972528 0.000000 0.000000 0.000000 -0.007222 0.999974
70.955633402 1.732058 0.972591 0.000000 0.000000 0.000000 -0.007494 0.999972
71.042252779 1.748593 0.971723 0.000000 0.000000 0.000000 -0.007344 0.999973
71.103641987 1.760068 0.971261 0.000000 0.000000 0.000000 -0.007293 0.999973
71.186776161 1.777409 0.972082 0.000000 0.000000 0.000000 -0.006994 0.999976
71.250498533 1.790249 0.970697 0.000000 0.000000 0.000000 -0.007157 0.999974
71.341936827 1.795289 0.969591 0.000000 0.000000 0.000000 0.001695 0.999999
71.393325806 1.797659 0.969930 0.000000 0.000000 0.000000 0.006808 0.999977
71.487019539 1.802188 0.969673 0.000000 0.000000 0.000000 0.016215 0.999869
71.537977695 1.804082 0.969928 0.000000 0.000000 0.000000 0.021467 0.999770
71.626116753 1.808619 0.969808 0.000000 0.000000 0.000000 0.030224 0.999543
71.682151079 1.810649 0.969054 0.000000 0.000000 0.000000 0.035639 0.999365
71.763496399 1.813761 0.968769 0.000000 0.000000 0.000000 0.043661 0.999046
71.820455313 1.815873 0.968793 0.000000 0.000000 0.000000 0.048977 0.998800
71.918866396 1.822256 0.969393 0.000000 0.000000 0.000000 0.058946 0.998261
71.975845575 1.823385 0.968625 0.000000 0.000000 0.000000 0.064480 0.997919
72.068582535 1.827963 0.969169 0.000000 0.000000 0.000000 0.073441 0.997300
72.122643709 1.829673 0.970071 0.000000 0.000000 0.000000 0.078534 0.996911
72.217851877 1.848688 0.973360 0.000000 0.000000 0.000000 0.078365 0.996925
72.265589714 1.858332 0.974880 0.000000 0.000000 0.000000 0.078113 0.996945
72.354194641 1.875085 0.977616 0.000000 0.000000 0.000000 0.078214 0.996937
72.403216600 1.885115 0.979099 0.000000 0.000000 0.000000 0.078365 0.996925
72.504085302 1.904781 0.982152 0.000000 0.000000 0.000000 0.078561 0.996909
72.559812546 1.916468 0.984318 0.000000 0.000000 0.000000 0.078434 0.996919
72.641114473 1.932668 0.986824 0.000000 0.000000 0.000000 0.078368 0.996924
72.695553064 1.943996 0.987944 0.000000 0.000000 0.000000 0.078307 0.996929
72.784453154 1.960467 0.990947 0.000000 0.000000 0.000000 0.078276 0.996932
72.839464188 1.963209 0.992571 0.000000 0.000000 0.000000 0.083618 0.996498
72.931765556 1.967661 0.992979 0.000000 0.000000 0.000000 0.092504 0.995712
72.986810684 1.970063 0.993690 0.000000 0.000000 0.000000 0.098027 0.995184
73.071648121 1.973545 0.993963 0.000000 0.000000 0.000000 0.106119 0.994353
73.129702330 1.976287 0.994490 0.000000 0.000000 0.000000 0.112055 0.993702
73.227200508 1.980549 0.995451 0.000000 0.000000 0.000000 0.121537 0.992587
73.271549940 1.981853 0.997525 0.000000 0.000000 0.000000 0.126042 0.992025
73.365193605 1.999107 1.002992 0.000000 0.000000 0.000000 0.126071 0.992021
73.410813332 2.007676 1.005213 0.000000 0.000000 0.000000 0.126272 0.991996
73.495560646 2.024859 1.009348 0.000000 0.000000 0.000000 0.126369 0.991983
73.549853325 2.036355 1.012598 0.000000 0.000000 0.000000 0.126014 0.992028
73.635336399 2.052643 1.016572 0.000000 0.000000 0.000000 0.126050 0.992024
73.700213671 2.065154 1.020129 0.000000 0.000000 0.000000 0.126001 0.992030
73.794411182 2.083376 1.024608 0.000000 0.000000 0.000000 0.126294 0.991993
73.851395130 2.094602 1.027440 0.000000 0.000000 0.000000 0.126202 0.992005
73.934927464 2.110965 1.031025 0.000000 0.000000 0.000000 0.126262 0.991997
73.994324923 2.113925 1.032037 0.000000 0.000000 0.000000 0.131795 0.991277
74.076428652 2.118586 1.033739 0.000000 0.000000 0.000000 0.139657 0.990200
74.138641834 2.121803 1.034967 0.000000 0.000000 0.000000 0.145809 0.989313
74.232690811 2.126618 1.036349 0.000000 0.000000 0.000000 0.154940 0.987924
74.284757137 2.128973 1.036940 0.000000 0.000000 0.000000 0.160463 0.987042
74.368963718 2.132888 1.038019 0.000000 0.000000 0.000000 0.168525 0.985697
74.424954653 2.134973 1.039932 0.000000 0.000000 0.000000 0.174171 0.984715
74.512892008 2.139717 1.041865 0.000000 0.000000 0.000000 0.182744 0.983160
74.568120718 2.149276 1.045311 0.000000 0.000000 0.000000 0.182673 0.983174
74.659038782 2.165592 1.052708 0.000000 0.000000 0.000000 0.182918 0.983128
74.720528126 2.178038 1.055938 0.000000 0.000000 0.000000 0.182950 0.983122
74.807915449 2.194436 1.061690 0.000000 0.000000 0.000000 0.182678 0.983173
74.867791891 2.205446 1.065156 0.000000 0.000000 0.000000 0.182515 0.983203
74.956265450 2.221529 1.070867 0.000000 0.000000 0.000000 0.182661 0.983176
75.006022692 2.231111 1.074648 0.000000 0.000000 0.000000 0.182632 0.983181
75.093890429 2.247682 1.081870 0.000000 0.000000 0.000000 0.182762 0.983157
75.151803017 2.258176 1.086027 0.000000 0.000000 0.000000 0.182597 0.983188
75.237923384 2.274089 1.092555 0.000000 0.000000 0.000000 0.182583 0.983190
75.289012432 2.283259 1.096926 0.000000 0.000000 0.000000 0.182658 0.983176
75.377345324 2.299434 1.102894 0.000000 0.000000 0.000000 0.182430 0.983219
75.433693886 2.309759 1.107272 0.000000 0.000000 0.000000 0.182218 0.983258
75.537194490 2.328328 1.114542 0.000000 0.000000 0.000000 0.182364 0.983231
75.586070776 2.337614 1.118143 0.000000 0.000000 0.000000 0.182276 0.983247
75.689361572 2.356781 1.124928 0.000000 0.000000 0.000000 0.182387 0.983227
75.744805098 2.367127 1.129710 0.000000 0.000000 0.000000 0.182102 0.983280
75.826009274 2.382639 1.135425 0.000000 0.000000 0.000000 0.182043 0.983291
75.899021864 2.386401 1.136679 0.000000 0.000000 0.000000 0.189031 0.981971
75.992537260 2.390803 1.138265 0.000000 0.000000 0.000000 0.198043 0.980193
76.056124210 2.392389 1.140037 0.000000 0.000000 0.000000 0.204463 0.978874
76.141805172 2.396862 1.141459 0.000000 0.000000 0.000000 0.213001 0.977052
76.196712971 2.399320 1.143122 0.000000 0.000000 0.000000 0.218337 0.975873
76.279946327 2.402931 1.145054 0.000000 0.000000 0.000000 0.226318 0.974053
76.336917877 2.405331 1.146159 0.000000 0.000000 0.000000 0.231797 0.972764
76.431858301 2.409428 1.148089 0.000000 0.000000 0.000000 0.240841 0.970565
76.487337351 2.418055 1.153388 0.000000 0.000000 0.000000 0.240855 0.970561
76.576975346 2.433125 1.161072 0.000000 0.000000 0.000000 0.240728 0.970593
76.635664701 2.442678 1.165860 0.000000 0.000000 0.000000 0.240739 0.970590
76.736702204 2.460025 1.174259 0.000000 0.000000 0.000000 0.240695 0.970601
76.784813404 2.469102 1.179301 0.000000 0.000000 0.000000 0.240522 0.970644
76.872728825 2.485201 1.187908 0.000000 0.000000 0.000000 0.240702 0.970599
76.940669060 2.496396 1.193980 0.000000 0.000000 0.000000 0.240808 0.970573
77.039191484 2.513660 1.203870 0.000000 0.000000 0.000000 0.240670 0.970607
77.091496944 2.524067 1.208475 0.000000 0.000000 0.000000 0.240605 0.970623
77.178045034 2.529288 1.210875 0.000000 0.000000 0.000000 0.248523 0.968626
77.233334064 2.531757 1.212757 0.000000 0.000000 0.000000 0.253654 0.967295
77.321522951 2.536197 1.214603 0.000000 0.000000 0.000000 0.261575 0.965183
77.385615587 2.539305 1.215912 0.000000 0.000000 0.000000 0.267584 0.963535
77.482558012 2.555192 1.226320 0.000000 0.000000 0.000000 0.267982 0.963424
77.535058022 2.564051 1.231333 0.000000 0.000000 0.000000 0.267965 0.963429
77.635596514 2.580557 1.241849 0.000000 0.000000 0.000000 0.267809 0.963472
77.687636852 2.588616 1.247640 0.000000 0.000000 0.000000 0.267728 0.963494
77.783472538 2.604311 1.257503 0.000000 0.000000 0.000000 0.267712 0.963499
77.833787918 2.613129 1.262589 0.000000 0.000000 0.000000 0.267752 0.963488
77.940711260 2.631471 1.274963 0.000000 0.000000 0.000000 0.267799 0.963475
77.985099792 2.638906 1.280003 0.000000 0.000000 0.000000 0.267615 0.963526
78.074628830 2.654404 1.289828 0.000000 0.000000 0.000000 0.267521 0.963552
78.126539230 2.663385 1.295221 0.000000 0.000000 0.000000 0.267792 0.963477
78.225707769 2.668803 1.297862 0.000000 0.000000 0.000000 0.276901 0.960899
78.287621975 2.671735 1.300346 0.000000 0.000000 0.000000 0.282556 0.959251
78.371752024 2.685914 1.309256 0.000000 0.000000 0.000000 0.282753 0.959193
78.425225496 2.695546 1.314862 0.000000 0.000000 0.000000 0.282897 0.959150
78.525620699 2.712321 1.326578 0.000000 0.000000 0.000000 0.282760 0.959191
78.588539600 2.723750 1.332681 0.000000 0.000000 0.000000 0.282777 0.959186
78.670593977 2.737541 1.341451 0.000000 0.000000 0.000000 0.282760 0.959191
78.735427380 2.748650 1.347786 0.000000 0.000000 0.000000 0.282511 0.959264
78.827690363 2.764251 1.356776 0.000000 0.000000 0.000000 0.282664 0.959219
78.889282465 2.774821 1.363971 0.000000 0.000000 0.000000 0.282817 0.959174
78.986895561 2.791022 1.373710 0.000000 0.000000 0.000000 0.282792 0.959181
79.038242817 2.799881 1.378906 0.000000 0.000000 0.000000 0.282757 0.959192
79.133278370 2.804852 1.383095 0.000000 0.000000 0.000000 0.291408 0.956599
79.188038111 2.807129 1.384837 0.000000 0.000000 0.000000 0.296024 0.955181
79.274859905 2.810992 1.387747 0.000000 0.000000 0.000000 0.304097 0.952641
79.325020790 2.819168 1.393638 0.000000 0.000000 0.000000 0.304448 0.952529
79.419587612 2.835062 1.403538 0.000000 0.000000 0.000000 0.304493 0.952515
79.476016521 2.844881 1.409586 0.000000 0.000000 0.000000 0.304315 0.952571
79.572896481 2.860435 1.421220 0.000000 0.000000 0.000000 0.304307 0.952574
79.625355482 2.869400 1.428056 0.000000 0.000000 0.000000 0.304502 0.952512
79.715934038 2.883286 1.437322 0.000000 0.000000 0.000000 0.304652 0.952464
79.766192913 2.892173 1.443647 0.000000 0.000000 0.000000 0.304628 0.952471
79.851100206 2.906144 1.452472 0.000000 0.000000 0.000000 0.304643 0.952467
79.911969662 2.916249 1.459311 0.000000 0.000000 0.000000 0.304458 0.952526
80.005322218 2.930871 1.469673 0.000000 0.000000 0.000000 0.304526 0.952504
80.049822092 2.938471 1.475251 0.000000 0.000000 0.000000 0.304705 0.952447
80.144307137 2.953596 1.485894 0.000000 0.000000 0.000000 0.304389 0.952548
80.194717646 2.962406 1.492081 0.000000 0.000000 0.000000 0.304397 0.952545
80.283586025 2.966125 1.495242 0.000000 0.000000 0.000000 0.312484 0.949923
80.339012861 2.968908 1.497164 0.000000 0.000000 0.000000 0.317580 0.948231
80.432806969 2.972305 1.499993 0.000000 0.000000 0.000000 0.326399 0.945232
80.481657505 2.974853 1.501724 0.000000 0.000000 0.000000 0.331210 0.943557
80.570667744 2.978051 1.503650 0.000000 0.000000 0.000000 0.339363 0.940656
80.629180193 2.981513 1.505298 0.000000 0.000000 0.000000 0.344527 0.938777
80.725515127 2.985532 1.507368 0.000000 0.000000 0.000000 0.353242 0.935532
80.785824299 2.987694 1.509110 0.000000 0.000000 0.000000 0.358864 0.933390
80.885531425 2.991594 1.512830 0.000000 0.000000 0.000000 0.368278 0.929716
80.931448936 2.993364 1.515423 0.000000 0.000000 0.000000 0.372733 0.927939
81.023196459 3.005757 1.527891 0.000000 0.000000 0.000000 0.373014 0.927826
81.074112654 3.013954 1.534191 0.000000 0.000000 0.000000 0.373100 0.927791
81.169610262 3.027461 1.546859 0.000000 0.000000 0.000000 0.372916 0.927865
81.221564293 3.035709 1.554527 0.000000 0.000000 0.000000 0.372834 0.927898
81.317089081 3.049261 1.567106 0.000000 0.000000 0.000000 0.372796 0.927913
81.373459816 3.057041 1.574376 0.000000 0.000000 0.000000 0.372952 0.927851
81.468533754 3.070624 1.587027 0.000000 0.000000 0.000000 0.372827 0.927901
81.523016691 3.079115 1.594642 0.000000 0.000000 0.000000 0.372687 0.927957
81.598726511 3.091270 1.605238 0.000000 0.000000 0.000000 0.372570 0.928004
81.657386780 3.094112 1.608328 0.000000 0.000000 0.000000 0.377903 0.925845
81.743980408 3.097956 1.612911 0.000000 0.000000 0.000000 0.385669 0.922637
81.802433014 3.101365 1.614990 0.000000 0.000000 0.000000 0.390883 0.920440
81.892469883 3.104650 1.618720 0.000000 0.000000 0.000000 0.399237 0.916848
81.951400280 3.106837 1.621487 0.000000 0.000000 0.000000 0.405060 0.914290
82.051398516 3.110059 1.625630 0.000000 0.000000 0.000000 0.414028 0.910264
82.098116398 3.111766 1.627289 0.000000 0.000000 0.000000 0.418098 0.908402
82.188131332 3.123188 1.640525 0.000000 0.000000 0.000000 0.418227 0.908343
82.248149872 3.131328 1.649434 0.000000 0.000000 0.000000 0.418370 0.908277
82.336132288 3.141780 1.662281 0.000000 0.000000 0.000000 0.418151 0.908378
82.396090031 3.149599 1.671596 0.000000 0.000000 0.000000 0.418322 0.908299
82.493404388 3.161670 1.686470 0.000000 0.000000 0.000000 0.418466 0.908233
82.545469284 3.168399 1.693407 0.000000 0.000000 0.000000 0.418153 0.908377
82.645762682 3.181019 1.708949 0.000000 0.000000 0.000000 0.418345 0.908288
82.703368902 3.189122 1.717159 0.000000 0.000000 0.000000 0.418224 0.908344
82.786747932 3.200876 1.728985 0.000000 0.000000 0.000000 0.418204 0.908353
82.854153395 3.209628 1.739067 0.000000 0.000000 0.000000 0.418280 0.908318
82.943068027 3.221579 1.752687 0.000000 0.000000 0.000000 0.418106 0.908398
83.009804964 3.231211 1.763395 0.000000 0.000000 0.000000 0.417986 0.908453
83.085191727 3.240453 1.774602 0.000000 0.000000 0.000000 0.418015 0.908440
83.153803349 3.249020 1.784906 0.000000 0.000000 0.000000 0.417949 0.908471
83.241653681 3.260514 1.797097 0.000000 0.000000 0.000000 0.417764 0.908556
83.297069788 3.263148 1.799907 0.000000 0.000000 0.000000 0.422645 0.906295
83.389735460 3.267171 1.803506 0.000000 0.000000 0.000000 0.430903 0.902398
83.453119040 3.269339 1.805673 0.000000 0.000000 0.000000 0.436649 0.899632
83.537900448 3.272106 1.809128 0.000000 0.000000 0.000000 0.444197 0.895929
83.597048283 3.274657 1.811067 0.000000 0.000000 0.000000 0.449230 0.893416
83.717325926 3.277417 1.815091 0.000000 0.000000 0.000000 0.459926 0.887957
83.749479055 3.277951 1.815055 0.000000 0.000000 0.000000 0.462626 0.886554
83.838826418 3.280750 1.818501 0.000000 0.000000 0.000000 0.470276 0.882520
83.901724577 3.282835 1.820526 0.000000 0.000000 0.000000 0.475913 0.879492
83.992516994 3.285640 1.825965 0.000000 0.000000 0.000000 0.483662 0.875255
84.051721573 3.287512 1.827810 0.000000 0.000000 0.000000 0.488570 0.872525
84.156426907 3.290603 1.831945 0.000000 0.000000 0.000000 0.497567 0.867425
84.200500965 3.291626 1.833258 0.000000 0.000000 0.000000 0.501509 0.865153
84.283172131 3.299604 1.846623 0.000000 0.000000 0.000000 0.501718 0.865031
84.341853619 3.305668 1.857116 0.000000 0.000000 0.000000 0.501779 0.864996
84.440338135 3.315089 1.874866 0.000000 0.000000 0.000000 0.501825 0.864969
84.490278244 3.320948 1.882669 0.000000 0.000000 0.000000 0.501523 0.865144
84.590413809 3.330894 1.899987 0.000000 0.000000 0.000000 0.501534 0.865138
84.637861252 3.332642 1.902620 0.000000 0.000000 0.000000 0.505314 0.862936
84.731191397 3.335060 1.906477 0.000000 0.000000 0.000000 0.513074 0.858344
84.795961142 3.337510 1.909868 0.000000 0.000000 0.000000 0.518665 0.854978
84.885035038 3.340430 1.914059 0.000000 0.000000 0.000000 0.526062 0.850446
84.942189693 3.344898 1.923830 0.000000 0.000000 0.000000 0.525897 0.850548
85.035698891 3.352850 1.940034 0.000000 0.000000 0.000000 0.526185 0.850370
85.087255955 3.357311 1.948783 0.000000 0.000000 0.000000 0.526071 0.850440
85.177431345 3.365277 1.964459 0.000000 0.000000 0.000000 0.526031 0.850465
85.234461546 3.370730 1.974570 0.000000 0.000000 0.000000 0.526045 0.850457
85.317269802 3.378770 1.989036 0.000000 0.000000 0.000000 0.526044 0.850457
85.371974707 3.383784 1.998418 0.000000 0.000000 0.000000 0.526092 0.850428
85.478625298 3.386630 2.001774 0.000000 0.000000 0.000000 0.534679 0.845055
85.528799295 3.388012 2.003245 0.000000 0.000000 0.000000 0.538812 0.842426
85.623463392 3.389078 2.008023 0.000000 0.000000 0.000000 0.546814 0.837254
85.673765659 3.390207 2.010826 0.000000 0.000000 0.000000 0.550972 0.834524
85.763669968 3.397164 2.026866 0.000000 0.000000 0.000000 0.551113 0.834431
85.820935726 3.401462 2.037015 0.000000 0.000000 0.000000 0.551127 0.834421
85.910727024 3.408568 2.052591 0.000000 0.000000 0.000000 0.551130 0.834419
85.964876890 3.412451 2.062367 0.000000 0.000000 0.000000 0.551259 0.834334
86.051109076 3.419618 2.078852 0.000000 0.000000 0.000000 0.551212 0.834365
86.103527308 3.423156 2.089708 0.000000 0.000000 0.000000 0.551304 0.834305
86.201452255 3.430021 2.108600 0.000000 0.000000 0.000000 0.551071 0.834459
86.242657185 3.433888 2.116512 0.000000 0.000000 0.000000 0.550941 0.834544
86.334985495 3.440863 2.132926 0.000000 0.000000 0.000000 0.551081 0.834452
86.382092714 3.441957 2.135272 0.000000 0.000000 0.000000 0.554864 0.831941
86.472083092 3.442774 2.139223 0.000000 0.000000 0.000000 0.561970 0.827158
86.523828268 3.443694 2.141807 0.000000 0.000000 0.000000 0.566177 0.824284
86.615870237 3.445686 2.146208 0.000000 0.000000 0.000000 0.573700 0.819066
86.670076370 3.446517 2.148300 0.000000 0.000000 0.000000 0.578020 0.816022
86.774803400 3.454332 2.168138 0.000000 0.000000 0.000000 0.578021 0.816022
86.820199966 3.457948 2.178203 0.000000 0.000000 0.000000 0.578586 0.815622
86.919469357 3.464366 2.196880 0.000000 0.000000 0.000000 0.578590 0.815618
86.967871189 3.467299 2.206438 0.000000 0.000000 0.000000 0.578548 0.815648
87.056761026 3.472763 2.223465 0.000000 0.000000 0.000000 0.578318 0.815812
87.109259605 3.476429 2.234350 0.000000 0.000000 0.000000 0.578253 0.815857
87.192007065 3.481270 2.249017 0.000000 0.000000 0.000000 0.578353 0.815786
87.253980637 3.484917 2.260236 0.000000 0.000000 0.000000 0.578493 0.815687
87.349741697 3.486105 2.265811 0.000000 0.000000 0.000000 0.585969 0.810333
87.405018091 3.486956 2.268730 0.000000 0.000000 0.000000 0.590407 0.807105
87.485984564 3.488392 2.271896 0.000000 0.000000 0.000000 0.596618 0.802526
87.543567896 3.489180 2.274537 0.000000 0.000000 0.000000 0.601494 0.798878
87.634330273 3.490441 2.278154 0.000000 0.000000 0.000000 0.608626 0.793457
87.686902761 3.491275 2.280609 0.000000 0.000000 0.000000 0.612718 0.790302
87.787247896 3.491285 2.284893 0.000000 0.000000 0.000000 0.620570 0.784151
87.837472916 3.494058 2.293851 0.000000 0.000000 0.000000 0.620691 0.784055
87.916748285 3.497768 2.309207 0.000000 0.000000 0.000000 0.620648 0.784090
87.986268759 3.501279 2.322575 0.000000 0.000000 0.000000 0.620697 0.784051
88.086726427 3.505001 2.341677 0.000000 0.000000 0.000000 0.620607 0.784122
88.150101423 3.508005 2.353507 0.000000 0.000000 0.000000 0.620588 0.784137
88.240933418 3.508417 2.357795 0.000000 0.000000 0.000000 0.627525 0.778597
88.297403812 3.509486 2.360240 0.000000 0.000000 0.000000 0.631559 0.775328
88.386169910 3.509440 2.364144 0.000000 0.000000 0.000000 0.638212 0.769860
88.450335503 3.509403 2.366948 0.000000 0.000000 0.000000 0.643008 0.765859
88.535275698 3.509552 2.369665 0.000000 0.000000 0.000000 0.649521 0.760343
88.605426788 3.509410 2.372663 0.000000 0.000000 0.000000 0.654659 0.755924
88.683759212 3.509417 2.376009 0.000000 0.000000 0.000000 0.660540 0.750790
88.750116110 3.511343 2.389368 0.000000 0.000000 0.000000 0.660631 0.750710
88.851769447 3.513014 2.409300 0.000000 0.000000 0.000000 0.660452 0.750868
88.916266441 3.514696 2.422002 0.000000 0.000000 0.000000 0.660444 0.750875
89.002526760 3.517196 2.438395 0.000000 0.000000 0.000000 0.660390 0.750923
89.057895184 3.518887 2.448891 0.000000 0.000000 0.000000 0.660411 0.750904
89.140100241 3.521578 2.464545 0.000000 0.000000 0.000000 0.660410 0.750905
89.195465088 3.523281 2.466989 0.000000 0.000000 0.000000 0.664471 0.747314
89.289087772 3.523584 2.472068 0.000000 0.000000 0.000000 0.671359 0.741132
89.344048738 3.523728 2.475630 0.000000 0.000000 0.000000 0.675610 0.737259
89.440391302 3.523869 2.480000 0.000000 0.000000 0.000000 0.682462 0.730921
89.492968559 3.523614 2.482000 0.000000 0.000000 0.000000 0.686439 0.727188
89.607647657 3.524569 2.503379 0.000000 0.000000 0.000000 0.686636 0.727001
89.672281504 3.525023 2.516204 0.000000 0.000000 0.000000 0.686670 0.726969
89.768073082 3.525690 2.534773 0.000000 0.000000 0.000000 0.686623 0.727013
89.829360723 3.526159 2.546386 0.000000 0.000000 0.000000 0.686612 0.727024
89.918611765 3.526274 2.564457 0.000000 0.000000 0.000000 0.686676 0.726964
89.983339548 3.527539 2.576691 0.000000 0.000000 0.000000 0.686570 0.727063
90.075467348 3.528136 2.594667 0.000000 0.000000 0.000000 0.686444 0.727183
90.136802912 3.528657 2.607415 0.000000 0.000000 0.000000 0.686234 0.727380
90.217718840 3.528720 2.623332 0.000000 0.000000 0.000000 0.686099 0.727508
90.282570362 3.529904 2.635707 0.000000 0.000000 0.000000 0.685969 0.727631
90.377734184 3.531163 2.655031 0.000000 0.000000 0.000000 0.685938 0.727660
90.428593874 3.531359 2.664831 0.000000 0.000000 0.000000 0.685934 0.727663
90.510604858 3.533150 2.680399 0.000000 0.000000 0.000000 0.685998 0.727604
90.568803549 3.534077 2.691964 0.000000 0.000000 0.000000 0.685794 0.727795
90.669097900 3.535039 2.711137 0.000000 0.000000 0.000000 0.685651 0.727930
90.734403133 3.534590 2.724078 0.000000 0.000000 0.000000 0.685771 0.727817
90.817264557 3.535110 2.739599 0.000000 0.000000 0.000000 0.685827 0.727765
90.874949217 3.536255 2.751467 0.000000 0.000000 0.000000 0.685830 0.727762
90.977848291 3.537159 2.772450 0.000000 0.000000 0.000000 0.685744 0.727843
91.038990498 3.538062 2.785495 0.000000 0.000000 0.000000 0.685708 0.727877
91.132968187 3.538264 2.804351 0.000000 0.000000 0.000000 0.685783 0.727806
91.184181929 3.538900 2.814979 0.000000 0.000000 0.000000 0.685853 0.727740
91.277483940 3.539070 2.833265 0.000000 0.000000 0.000000 0.685756 0.727832
91.333750963 3.540424 2.844236 0.000000 0.000000 0.000000 0.685523 0.728051
91.435931683 3.541814 2.864026 0.000000 0.000000 0.000000 0.685350 0.728214
91.490885019 3.544572 2.873623 0.000000 0.000000 0.000000 0.685197 0.728358
91.596405983 3.545109 2.894686 0.000000 0.000000 0.000000 0.685150 0.728402
91.657889366 3.545584 2.906882 0.000000 0.000000 0.000000 0.685202 0.728354
91.744920015 3.546287 2.924775 0.000000 0.000000 0.000000 0.685269 0.728290
91.803375244 3.547296 2.935857 0.000000 0.000000 0.000000 0.685178 0.728375
91.889576912 3.548690 2.952444 0.000000 0.000000 0.000000 0.685223 0.728333
91.950321198 3.549197 2.965427 0.000000 0.000000 0.000000 0.685177 0.728376
92.040585995 3.549826 2.982804 0.000000 0.000000 0.000000 0.685184 0.728370
92.095539570 3.550594 2.994016 0.000000 0.000000 0.000000 0.685251 0.728307
92.180634975 3.551321 3.011601 0.000000 0.000000 0.000000 0.685167 0.728386
92.233907700 3.552064 3.023317 0.000000 0.000000 0.000000 0.685290 0.728270
92.324627161 3.553249 3.040713 0.000000 0.000000 0.000000 0.685129 0.728422
92.377721786 3.554046 3.051678 0.000000 0.000000 0.000000 0.685160 0.728392
92.477380037 3.555793 3.071629 0.000000 0.000000 0.000000 0.685174 0.728380
92.527386665 3.555815 3.082257 0.000000 0.000000 0.000000 0.685157 0.728395
92.615924358 3.557259 3.100279 0.000000 0.000000 0.000000 0.685110 0.728439
92.672314167 3.558111 3.111260 0.000000 0.000000 0.000000 0.685167 0.728386
92.773890257 3.558881 3.131641 0.000000 0.000000 0.000000 0.685415 0.728152
92.833395958 3.560301 3.144043 0.000000 0.000000 0.000000 0.685333 0.728229
92.924817085 3.561291 3.161188 0.000000 0.000000 0.000000 0.685382 0.728184
92.988978386 3.562042 3.174891 0.000000 0.000000 0.000000 0.685345 0.728219
93.100240469 3.562921 3.197186 0.000000 0.000000 0.000000 0.685456 0.728114
93.152472734 3.563616 3.207647 0.000000 0.000000 0.000000 0.685601 0.727977
93.248969555 3.565379 3.227305 0.000000 0.000000 0.000000 0.685555 0.728021
93.302347898 3.565832 3.238864 0.000000 0.000000 0.000000 0.685545 0.728030
93.402684212 3.566476 3.258215 0.000000 0.000000 0.000000 0.685657 0.727925
93.454676867 3.568007 3.268320 0.000000 0.000000 0.000000 0.685972 0.727628
93.552758694 3.569240 3.287304 0.000000 0.000000 0.000000 0.686160 0.727451
93.613630056 3.569919 3.299736 0.000000 0.000000 0.000000 0.686253 0.727363
93.707502604 3.571429 3.319163 0.000000 0.000000 0.000000 0.686268 0.727349
93.764230251 3.571369 3.330681 0.000000 0.000000 0.000000 0.686107 0.727501
93.873910427 3.572091 3.351997 0.000000 0.000000 0.000000 0.686153 0.727457
93.914932251 3.572351 3.360618 0.000000 0.000000 0.000000 0.686296 0.727322
94.005584240 3.572724 3.378078 0.000000 0.000000 0.000000 0.686343 0.727278
94.060539484 3.573197 3.388936 0.000000 0.000000 0.000000 0.686459 0.727169
94.156020403 3.573999 3.408040 0.000000 0.000000 0.000000 0.686472 0.727156
94.210253716 3.575284 3.418386 0.000000 0.000000 0.000000 0.686352 0.727270
94.306135893 3.576012 3.437561 0.000000 0.000000 0.000000 0.686313 0.727306
94.372974396 3.576980 3.451312 0.000000 0.000000 0.000000 0.686214 0.727400
94.471097946 3.577836 3.470816 0.000000 0.000000 0.000000 0.686356 0.727266
94.529613972 3.578564 3.482835 0.000000 0.000000 0.000000 0.686358 0.727264
94.627149820 3.580104 3.502637 0.000000 0.000000 0.000000 0.686187 0.727425
94.671769142 3.580383 3.511430 0.000000 0.000000 0.000000 0.686278 0.727339
94.763330460 3.581490 3.529071 0.000000 0.000000 0.000000 0.686022 0.727580
94.822440624 3.581726 3.541588 0.000000 0.000000 0.000000 0.686026 0.727577
94.912670851 3.582806 3.560090 0.000000 0.000000 0.000000 0.686131 0.727478
94.978972197 3.582639 3.572850 0.000000 0.000000 0.000000 0.686212 0.727401
95.068254471 3.584046 3.591576 0.000000 0.000000 0.000000 0.685970 0.727630
95.123470068 3.584509 3.603594 0.000000 0.000000 0.000000 0.685927 0.727670
95.210581541 3.585075 3.620482 0.000000 0.000000 0.000000 0.686113 0.727495
95.261231899 3.584896 3.631022 0.000000 0.000000 0.000000 0.686087 0.727519
95.358219862 3.585155 3.649917 0.000000 0.000000 0.000000 0.686415 0.727210
95.405269146 3.585621 3.658099 0.000000 0.000000 0.000000 0.686429 0.727196
95.495450497 3.585575 3.657974 0.000000 0.000000 0.000000 0.686486 0.727143
95.556711435 3.585056 3.658604 0.000000 0.000000 0.000000 0.686643 0.726995
95.654532194 3.585339 3.658808 0.000000 0.000000 0.000000 0.686594 0.727041
95.718507051 3.585019 3.658430 0.000000 0.000000 0.000000 0.686657 0.726982
95.809733868 3.584205 3.658549 0.000000 0.000000 0.000000 0.686777 0.726868
95.869915009 3.583809 3.659076 0.000000 0.000000 0.000000 0.686827 0.726821
95.968504429 3.583819 3.657978 0.000000 0.000000 0.000000 0.686729 0.726914
96.013655424 3.583991 3.657489 0.000000 0.000000 0.000000 0.686912 0.726741
96.105460644 3.583878 3.657862 0.000000 0.000000 0.000000 0.686945 0.726709
96.151817083 3.583924 3.657879 0.000000 0.000000 0.000000 0.686918 0.726735
96.249305487 3.583525 3.657407 0.000000 0.000000 0.000000 0.687028 0.726631
96.313171148 3.582931 3.656850 0.000000 0.000000 0.000000 0.687174 0.726493
96.411842108 3.582851 3.657253 0.000000 0.000000 0.000000 0.687195 0.726473
96.483254194 3.582809 3.656689 0.000000 0.000000 0.000000 0.687128 0.726536
96.576039553 3.582444 3.655920 0.000000 0.000000 0.000000 0.687335 0.726340
96.634468794 3.581954 3.655976 0.000000 0.000000 0.000000 0.687469 0.726214
96.723625898 3.581185 3.656327 0.000000 0.000000 0.000000 0.687572 0.726116
96.781600475 3.580684 3.656892 0.000000 0.000000 0.000000 0.687636 0.726056
96.866395235 3.580662 3.656459 0.000000 0.000000 0.000000 0.687611 0.726079
96.921135187 3.580717 3.656585 0.000000 0.000000 0.000000 0.687520 0.726165
97.019036293 3.580354 3.656185 0.000000 0.000000 0.000000 0.687539 0.726147
97.060910940 3.580107 3.655585 0.000000 0.000000 0.000000 0.687515 0.726170
97.153807163 3.580014 3.654979 0.000000 0.000000 0.000000 0.687411 0.726269
97.211027622 3.580524 3.654945 0.000000 0.000000 0.000000 0.687443 0.726238
97.305245876 3.580694 3.654727 0.000000 0.000000 0.000000 0.687629 0.726062
97.364989996 3.580336 3.654611 0.000000 0.000000 0.000000 0.687770 0.725929
97.465471268 3.580881 3.654583 0.000000 0.000000 0.000000 0.687824 0.725877
97.531141281 3.579691 3.654260 0.000000 0.000000 0.000000 0.687814 0.725887
97.607466698 3.580005 3.654712 0.000000 0.000000 0.000000 0.687768 0.725930
97.670571327 3.579189 3.654883 0.000000 0.000000 0.000000 0.687675 0.726019
97.761371374 3.578817 3.654174 0.000000 0.000000 0.000000 0.687725 0.725972
97.826786518 3.578596 3.655339 0.000000 0.000000 0.000000 0.687561 0.726126
97.904732704 3.577688 3.656016 0.000000 0.000000 0.000000 0.687463 0.726219
97.972033739 3.578414 3.655748 0.000000 0.000000 0.000000 0.687549 0.726138
98.065672398 3.579225 3.655222 0.000000 0.000000 0.000000 0.687318 0.726356
98.120881319 3.577941 3.655724 0.000000 0.000000 0.000000 0.687234 0.726436
98.209275961 3.578238 3.655506 0.000000 0.000000 0.000000 0.687292 0.726381
98.266049623 3.578315 3.655762 0.000000 0.000000 0.000000 0.687296 0.726377
98.353181839 3.578361 3.656060 0.000000 0.000000 0.000000 0.687258 0.726414
98.403073549 3.575535 3.657424 0.000000 0.000000 0.000000 0.687391 0.726288
98.490382910 3.575636 3.658267 0.000000 0.000000 0.000000 0.687344 0.726332
98.542252064 3.575033 3.658302 0.000000 0.000000 0.000000 0.687183 0.726484
98.624454260 3.575229 3.658750 0.000000 0.000000 0.000000 0.687115 0.726549
98.685510397 3.575748 3.658914 0.000000 0.000000 0.000000 0.687109 0.726554
98.779605627 3.575558 3.659284 0.000000 0.000000 0.000000 0.687147 0.726519
98.838194609 3.575345 3.659492 0.000000 0.000000 0.000000 0.687179 0.726488
98.929908276 3.574899 3.659312 0.000000 0.000000 0.000000 0.687141 0.726524
98.986426353 3.574257 3.658891 0.000000 0.000000 0.000000 0.687230 0.726440
99.090990067 3.574315 3.658952 0.000000 0.000000 0.000000 0.687119 0.726545
99.137984037 3.574238 3.658622 0.000000 0.000000 0.000000 0.687068 0.726593
99.222180128 3.574348 3.658418 0.000000 0.000000 0.000000 0.686977 0.726679
99.274515629 3.574500 3.659140 0.000000 0.000000 0.000000 0.687137 0.726527
99.372492313 3.575032 3.658633 0.000000 0.000000 0.000000 0.687144 0.726521
99.430688858 3.575539 3.658204 0.000000 0.000000 0.000000 0.686976 0.726680
99.544572830 3.575455 3.658542 0.000000 0.000000 0.000000 0.687057 0.726604
99.586899042 3.575205 3.657767 0.000000 0.000000 0.000000 0.687105 0.726559
99.684531927 3.575126 3.658414 0.000000 0.000000 0.000000 0.687029 0.726630
99.732462883 3.575591 3.658106 0.000000 0.000000 0.000000 0.687140 0.726525
99.817482233 3.575356 3.657512 0.000000 0.000000 0.000000 0.687293 0.726381
99.865893364 3.576228 3.657633 0.000000 0.000000 0.000000 0.687320 0.726355
99.974117994 3.577433 3.657018 0.000000 0.000000 0.000000 0.687288 0.726385
100.008396149 3.576898 3.656469 0.000000 0.000000 0.000000 0.687409 0.726270
100.099959850 3.575605 3.655838 0.000000 0.000000 0.000000 0.687324 0.726351
100.157341719 3.576075 3.654737 0.000000 0.000000 0.000000 0.687162 0.726504
100.251402378 3.575387 3.655020 0.000000 0.000000 0.000000 0.687355 0.726322
100.296842813 3.575392 3.654777 0.000000 0.000000 0.000000 0.687436 0.726245
100.386153460 3.575129 3.654516 0.000000 0.000000 0.000000 0.687536 0.726150
100.438560963 3.575270 3.655284 0.000000 0.000000 0.000000 0.687598 0.726091
100.523025513 3.575847 3.655382 0.000000 0.000000 0.000000 0.687567 0.726121
100.578892708 3.575450 3.655244 0.000000 0.000000 0.000000 0.687483 0.726201
100.666844606 3.573304 3.654133 0.000000 0.000000 0.000000 0.687680 0.726014
100.717916250 3.573446 3.653288 0.000000 0.000000 0.000000 0.687730 0.725966
100.814438343 3.573555 3.653157 0.000000 0.000000 0.000000 0.687742 0.725955
100.859156370 3.573244 3.654039 0.000000 0.000000 0.000000 0.687982 0.725728
100.952885628 3.572773 3.653964 0.000000 0.000000 0.000000 0.687919 0.725787
101.000487804 3.572146 3.654342 0.000000 0.000000 0.000000 0.687865 0.725839
101.085479736 3.572490 3.654197 0.000000 0.000000 0.000000 0.687799 0.725901
101.136031866 3.572885 3.653954 0.000000 0.000000 0.000000 0.687796 0.725904
101.229514122 3.572705 3.654499 0.000000 0.000000 0.000000 0.687886 0.725818
101.274351120 3.572102 3.655297 0.000000 0.000000 0.000000 0.688021 0.725690
101.373620749 3.572136 3.655949 0.000000 0.000000 0.000000 0.687943 0.725765
101.426921129 3.572074 3.655482 0.000000 0.000000 0.000000 0.687815 0.725886
101.521782160 3.572000 3.655579 0.000000 0.000000 0.000000 0.687900 0.725805
101.570658922 3.572310 3.655384 0.000000 0.000000 0.000000 0.687869 0.725835
101.657437325 3.572544 3.654616 0.000000 0.000000 0.000000 0.687932 0.725775
101.713495970 3.572021 3.654143 0.000000 0.000000 0.000000 0.687865 0.725839
101.799236774 3.571839 3.654491 0.000000 0.000000 0.000000 0.687783 0.725917
101.849389791 3.571880 3.653389 0.000000 0.000000 0.000000 0.687799 0.725902
101.945839167 3.571976 3.653327 0.000000 0.000000 0.000000 0.687975 0.725734
101.999189854 3.572341 3.653002 0.000000 0.000000 0.000000 0.688234 0.725488
102.086042404 3.572366 3.652787 0.000000 0.000000 0.000000 0.688431 0.725301
102.136522293 3.572747 3.652721 0.000000 0.000000 0.000000 0.688524 0.725214
102.221495152 3.571951 3.652576 0.000000 0.000000 0.000000 0.688437 0.725296
102.276251078 3.572779 3.652684 0.000000 0.000000 0.000000 0.688519 0.725218
102.367645025 3.573605 3.652675 0.000000 0.000000 0.000000 0.688725 0.725022
102.423708200 3.573762 3.652742 0.000000 0.000000 0.000000 0.688837 0.724916
102.525077105 3.573623 3.653169 0.000000 0.000000 0.000000 0.688940 0.724818
102.574762106 3.574237 3.653024 0.000000 0.000000 0.000000 0.688938 0.724821
102.674291134 3.574049 3.652629 0.000000 0.000000 0.000000 0.688850 0.724904
