56.000000000 -0.000317 1.004232 0.000000 0.000000 0.000000 -0.007143 0.999974
56.092626333 -0.004963 0.995206 0.000000 0.000000 0.000000 -0.010254 0.999947
56.136488199 -0.006146 0.992565 0.000000 0.000000 0.000000 -0.009735 0.999953
56.234569073 -0.005690 0.990366 0.000000 0.000000 0.000000 -0.009718 0.999953
56.291095257 -0.005761 0.987859 0.000000 0.000000 0.000000 -0.008419 0.999965
56.384810448 -0.004999 0.988531 0.000000 0.000000 0.000000 -0.008947 0.999960
56.432573795 -0.003999 0.988370 0.000000 0.000000 0.000000 -0.009025 0.999959
56.517774343 -0.003098 0.988417 0.000000 0.000000 0.000000 -0.009009 0.999959
56.566277504 -0.002697 0.989428 0.000000 0.000000 0.000000 -0.008937 0.999960
56.658776283 -0.002122 0.991149 0.000000 0.000000 0.000000 -0.008737 0.999962
56.719421625 -0.001805 0.990428 0.000000 0.000000 0.000000 -0.008717 0.999962
56.806190968 -0.000379 0.990250 0.000000 0.000000 0.000000 -0.008774 0.999962
56.859033823 0.000005 0.988770 0.000000 0.000000 0.000000 -0.008848 0.999961
56.956225157 0.000011 0.988030 0.000000 0.000000 0.000000 -0.009005 0.999959
56.992516994 0.000549 0.989377 0.000000 0.000000 0.000000 -0.009001 0.999959
57.085117579 -0.000252 0.990513 0.000000 0.000000 0.000000 -0.008902 0.999960
57.135342836 0.000424 0.991213 0.000000 0.000000 0.000000 -0.008989 0.999960
57.226917267 -0.000383 0.992511 0.000000 0.000000 0.000000 -0.009258 0.999957
57.280653477 -0.000527 0.992459 0.000000 0.000000 0.000000 -0.009278 0.999957
57.376023293 0.000377 0.992622 0.000000 0.000000 0.000000 -0.009541 0.999954
57.421943903 0.000753 0.992551 0.000000 0.000000 0.000000 -0.009312 0.999957
57.506844759 0.000900 0.992503 0.000000 0.000000 0.000000 -0.009159 0.999958
57.561612844 0.001721 0.992811 0.000000 0.000000 0.000000 -0.009304 0.999957
57.661116600 0.000695 0.992931 0.000000 0.000000 0.000000 -0.009119 0.999958
57.713097334 0.001240 0.993658 0.000000 0.000000 0.000000 -0.008754 0.999962
57.818692207 0.000989 0.993850 0.000000 0.000000 0.000000 -0.008733 0.999962
57.857132435 0.001953 0.994492 0.000000 0.000000 0.000000 -0.008730 0.999962
57.942367077 0.001391 0.995625 0.000000 0.000000 0.000000 -0.008638 0.999963
57.993121147 0.000846 0.995453 0.000000 0.000000 0.000000 -0.008676 0.999962
58.084053516 -0.000402 0.996209 0.000000 0.000000 0.000000 -0.008757 0.999962
58.134043932 -0.000968 0.996347 0.000000 0.000000 0.000000 -0.008897 0.999960
58.226578236 -0.001434 0.996102 0.000000 0.000000 0.000000 -0.009256 0.999957
58.278188705 -0.002722 0.996792 0.000000 0.000000 0.000000 -0.009205 0.999958
58.375108480 -0.001868 0.997456 0.000000 0.000000 0.000000 -0.009189 0.999958
58.432198524 -0.002837 0.998024 0.000000 0.000000 0.000000 -0.009027 0.999959
58.513686180 -0.003383 0.998939 0.000000 0.000000 0.000000 -0.008975 0.999960
58.577755451 -0.001235 0.998684 0.000000 0.000000 0.000000 -0.008915 0.999960
58.663658381 -0.000687 0.999070 0.000000 0.000000 0.000000 -0.008590 0.999963
58.721382856 -0.001074 0.999118 0.000000 0.000000 0.000000 -0.008914 0.999960
58.811643362 -0.001097 0.998433 0.000000 0.000000 0.000000 -0.008956 0.999960
58.859117508 -0.000417 0.998271 0.000000 0.000000 0.000000 -0.009161 0.999958
58.954252720 -0.000093 0.998430 0.000000 0.000000 0.000000 -0.009058 0.999959
59.016629219 0.000536 0.999210 0.000000 0.000000 0.000000 -0.009027 0.999959
59.106379747 0.000281 0.998170 0.000000 0.000000 0.000000 -0.009324 0.999957
59.158839226 0.000466 0.997694 0.000000 0.000000 0.000000 -0.009420 0.999956
59.239713192 0.001458 0.996866 0.000000 0.000000 0.000000 -0.009909 0.999951
59.295119047 0.000630 0.995982 0.000000 0.000000 0.000000 -0.010072 0.999949
59.400145054 0.000106 0.994790 0.000000 0.000000 0.000000 -0.010037 0.999950
59.447155952 0.001362 0.996194 0.000000 0.000000 0.000000 -0.009619 0.999954
59.543852329 0.001612 0.996568 0.000000 0.000000 0.000000 -0.009627 0.999954
59.590034962 0.001802 0.997120 0.000000 0.000000 0.000000 -0.009716 0.999953
59.665421247 0.002215 0.997831 0.000000 0.000000 0.000000 -0.009699 0.999953
59.720851421 0.002848 0.998012 0.000000 0.000000 0.000000 -0.009604 0.999954
59.805132151 0.002157 0.999565 0.000000 0.000000 0.000000 -0.009363 0.999956
59.860359430 0.002020 1.000510 0.000000 0.000000 0.000000 -0.009474 0.999955
59.957119226 0.001227 1.000327 0.000000 0.000000 0.000000 -0.009334 0.999956
60.005816936 0.001442 0.999297 0.000000 0.000000 0.000000 -0.009323 0.999957
60.089397669 0.001191 0.997934 0.000000 0.000000 0.000000 -0.009373 0.999956
60.138172865 0.002724 0.996525 0.000000 0.000000 0.000000 -0.009411 0.999956
60.220950127 0.003585 0.999222 0.000000 0.000000 0.000000 -0.008590 0.999963
60.272440672 0.004197 0.999196 0.000000 0.000000 0.000000 -0.008272 0.999966
60.365985632 0.004522 0.999059 0.000000 0.000000 0.000000 -0.008236 0.999966
60.419920921 0.005095 0.999345 0.000000 0.000000 0.000000 -0.008252 0.999966
60.517887354 0.006199 0.999141 0.000000 0.000000 0.000000 -0.008270 0.999966
60.576246977 0.007035 0.999919 0.000000 0.000000 0.000000 -0.008261 0.999966
60.661265135 0.007176 1.000523 0.000000 0.000000 0.000000 -0.008300 0.999966
60.720116138 0.007437 0.999957 0.000000 0.000000 0.000000 -0.008307 0.999965
60.806773424 0.007767 1.001848 0.000000 0.000000 0.000000 -0.008404 0.999965
60.856551170 0.008798 1.002534 0.000000 0.000000 0.000000 -0.008801 0.999961
60.954911470 0.011242 1.002242 0.000000 0.000000 0.000000 -0.008633 0.999963
61.012297630 0.009395 1.002927 0.000000 0.000000 0.000000 -0.008587 0.999963
61.109639168 0.010964 1.002245 0.000000 0.000000 0.000000 -0.008693 0.999962
61.157109976 0.010233 1.002640 0.000000 0.000000 0.000000 -0.009005 0.999959
61.239634752 0.010436 1.003171 0.000000 0.000000 0.000000 -0.009106 0.999959
61.291578770 0.010707 1.003429 0.000000 0.000000 0.000000 -0.009466 0.999955
61.377224922 0.012055 1.004114 0.000000 0.000000 0.000000 -0.009337 0.999956
61.424571276 0.011423 1.003767 0.000000 0.000000 0.000000 -0.009382 0.999956
61.517945051 0.013418 1.003043 0.000000 0.000000 0.000000 -0.009396 0.999956
61.571182013 0.012506 1.002679 0.000000 0.000000 0.000000 -0.009457 0.999955
61.674693108 0.012578 1.003570 0.000000 0.000000 0.000000 -0.009594 0.999954
61.731230259 0.013618 1.003419 0.000000 0.000000 0.000000 -0.009472 0.999955
61.823836803 0.013781 1.004931 0.000000 0.000000 0.000000 -0.009513 0.999955
61.867137194 0.011606 1.002859 0.000000 0.000000 0.000000 -0.009531 0.999955
61.957184315 0.011456 1.003218 0.000000 0.000000 0.000000 -0.009640 0.999954
62.007257462 0.012395 1.002947 0.000000 0.000000 0.000000 -0.009782 0.999952
62.096065044 0.013943 1.003117 0.000000 0.000000 0.000000 -0.009864 0.999951
62.149833441 0.013914 1.003804 0.000000 0.000000 0.000000 -0.010024 0.999950
62.231528997 0.028567 1.004715 0.000000 0.000000 0.000000 -0.010137 0.999949
62.288254261 0.041513 1.005321 0.000000 0.000000 0.000000 -0.010274 0.999947
62.372793436 0.057691 1.004548 0.000000 0.000000 0.000000 -0.010159 0.999948
62.437046528 0.069593 1.005494 0.000000 0.000000 0.000000 -0.009827 0.999952
62.518205643 0.084477 1.003703 0.000000 0.000000 0.000000 -0.009682 0.999953
62.573649645 0.095762 1.004091 0.000000 0.000000 0.000000 -0.009355 0.999956
62.658019066 0.114055 1.004118 0.000000 0.000000 0.000000 -0.009140 0.999958
62.708748341 0.124040 1.002196 0.000000 0.000000 0.000000 -0.009019 0.999959
62.802901506 0.142117 1.001540 0.000000 0.000000 0.000000 -0.008732 0.999962
62.862125397 0.154457 1.001057 0.000000 0.000000 0.000000 -0.008539 0.999964
62.944721937 0.171000 1.000601 0.000000 0.000000 0.000000 -0.008569 0.999963
63.001682520 0.182162 1.000235 0.000000 0.000000 0.000000 -0.008319 0.999965
63.096352816 0.200136 0.999565 0.000000 0.000000 0.000000 -0.007880 0.999969
63.140980959 0.208398 0.999747 0.000000 0.000000 0.000000 -0.008042 0.999968
63.224403381 0.224456 0.998758 0.000000 0.000000 0.000000 -0.007951 0.999968
63.278097630 0.234259 0.998800 0.000000 0.000000 0.000000 -0.007915 0.999969
63.378735542 0.252990 0.998691 0.000000 0.000000 0.000000 -0.008041 0.999968
63.429337263 0.262138 0.997970 0.000000 0.000000 0.000000 -0.008101 0.999967
63.507558107 0.276109 0.998319 0.000000 0.000000 0.000000 -0.008262 0.999966
63.561244726 0.287045 0.998129 0.000000 0.000000 0.000000 -0.008200 0.999966
63.651183605 0.303775 0.998121 0.000000 0.000000 0.000000 -0.008050 0.999968
63.722069025 0.317217 0.997832 0.000000 0.000000 0.000000 -0.007853 0.999969
63.818211794 0.335523 0.997255 0.000000 0.000000 0.000000 -0.007913 0.999969
63.867984533 0.345129 0.996923 0.000000 0.000000 0.000000 -0.007778 0.999970
63.954170942 0.361718 0.996903 0.000000 0.000000 0.000000 -0.007956 0.999968
64.007827759 0.370690 0.995787 0.000000 0.000000 0.000000 -0.008042 0.999968
64.098969221 0.386534 0.994317 0.000000 0.000000 0.000000 -0.008091 0.999967
64.150251389 0.396465 0.993685 0.000000 0.000000 0.000000 -0.008186 0.999966
64.240028858 0.412533 0.995486 0.000000 0.000000 0.000000 -0.008361 0.999965
64.291742325 0.421661 0.995083 0.000000 0.000000 0.000000 -0.008067 0.999967
64.384911537 0.439135 0.996720 0.000000 0.000000 0.000000 -0.008004 0.999968
64.438662767 0.448431 0.996334 0.000000 0.000000 0.000000 -0.008298 0.999966
64.529100657 0.465404 0.995724 0.000000 0.000000 0.000000 -0.008496 0.999964
64.581606388 0.475248 0.996349 0.000000 0.000000 0.000000 -0.008508 0.999964
64.666499376 0.490124 0.996600 0.000000 0.000000 0.000000 -0.008418 0.999965
64.719514608 0.500398 0.997485 0.000000 0.000000 0.000000 -0.008597 0.999963
64.801486015 0.515752 0.997853 0.000000 0.000000 0.000000 -0.008739 0.999962
64.853920698 0.526886 0.997193 0.000000 0.000000 0.000000 -0.008307 0.999965
64.943417788 0.543661 0.998030 0.000000 0.000000 0.000000 -0.008001 0.999968
64.995023489 0.552983 0.997464 0.000000 0.000000 0.000000 -0.007645 0.999971
65.076430798 0.568924 0.996752 0.000000 0.000000 0.000000 -0.007504 0.999972
65.137303352 0.577910 0.994600 0.000000 0.000000 0.000000 -0.007389 0.999973
65.235720634 0.596355 0.994252 0.000000 0.000000 0.000000 -0.007258 0.999974
65.286878586 0.606317 0.993976 0.000000 0.000000 0.000000 -0.007329 0.999973
65.388996363 0.625545 0.994257 0.000000 0.000000 0.000000 -0.007220 0.999974
65.443364143 0.636472 0.993683 0.000000 0.000000 0.000000 -0.007248 0.999974
65.533442974 0.654788 0.993676 0.000000 0.000000 0.000000 -0.007081 0.999975
65.583643198 0.664269 0.993647 0.000000 0.000000 0.000000 -0.007230 0.999974
65.666572094 0.679823 0.993734 0.000000 0.000000 0.000000 -0.007190 0.999974
65.718314648 0.689948 0.992066 0.000000 0.000000 0.000000 -0.007018 0.999975
65.813969851 0.707912 0.992009 0.000000 0.000000 0.000000 -0.007174 0.999974
65.860479355 0.716758 0.992824 0.000000 0.000000 0.000000 -0.007355 0.999973
65.949100494 0.734355 0.991996 0.000000 0.000000 0.000000 -0.007497 0.999972
66.006313324 0.744285 0.991995 0.000000 0.000000 0.000000 -0.007326 0.999973
66.091695070 0.759164 0.992562 0.000000 0.000000 0.000000 -0.007230 0.999974
66.150105000 0.768830 0.992921 0.000000 0.000000 0.000000 -0.007140 0.999975
66.245607138 0.786871 0.992393 0.000000 0.000000 0.000000 -0.007077 0.999975
66.289936066 0.795654 0.991047 0.000000 0.000000 0.000000 -0.007280 0.999973
66.374847174 0.811864 0.989548 0.000000 0.000000 0.000000 -0.007273 0.999974
66.427448988 0.822270 0.988081 0.000000 0.000000 0.000000 -0.007452 0.999972
66.515174389 0.838816 0.986356 0.000000 0.000000 0.000000 -0.007507 0.999972
66.565155268 0.847169 0.984938 0.000000 0.000000 0.000000 -0.007538 0.999972
66.668905973 0.866316 0.984568 0.000000 0.000000 0.000000 -0.007505 0.999972
66.720251560 0.876512 0.981694 0.000000 0.000000 0.000000 -0.007214 0.999974
66.818524122 0.893530 0.980555 0.000000 0.000000 0.000000 -0.007349 0.999973
66.862034321 0.900475 0.979406 0.000000 0.000000 0.000000 -0.007399 0.999973
66.948162079 0.916982 0.977632 0.000000 0.000000 0.000000 -0.007578 0.999971
66.998103142 0.926820 0.977276 0.000000 0.000000 0.000000 -0.007467 0.999972
67.100195885 0.946105 0.976819 0.000000 0.000000 0.000000 -0.007612 0.999971
67.157076359 0.956222 0.977072 0.000000 0.000000 0.000000 -0.007445 0.999972
67.269846916 0.976756 0.975161 0.000000 0.000000 0.000000 -0.007620 0.999971
67.325706720 0.987706 0.973828 0.000000 0.000000 0.000000 -0.007630 0.999971
67.417520761 1.007165 0.971375 0.000000 0.000000 0.000000 -0.007705 0.999970
67.475314379 1.018320 0.971748 0.000000 0.000000 0.000000 -0.007474 0.999972
67.587245464 1.039209 0.969550 0.000000 0.000000 0.000000 -0.007792 0.999970
67.657504320 1.053715 0.969850 0.000000 0.000000 0.000000 -0.007682 0.999970
67.744100571 1.070746 0.970555 0.000000 0.000000 0.000000 -0.007691 0.999970
67.809964418 1.084235 0.970139 0.000000 0.000000 0.000000 -0.007502 0.999972
67.907867193 1.102800 0.970540 0.000000 0.000000 0.000000 -0.007234 0.999974
67.955658197 1.110005 0.970748 0.000000 0.000000 0.000000 -0.007198 0.999974
68.043772697 1.126566 0.970666 0.000000 0.000000 0.000000 -0.007122 0.999975
68.092056751 1.135871 0.970216 0.000000 0.000000 0.000000 -0.007058 0.999975
68.198954105 1.156386 0.969950 0.000000 0.000000 0.000000 -0.007151 0.999974
68.239401817 1.163625 0.969826 0.000000 0.000000 0.000000 -0.007028 0.999975
68.334116697 1.182517 0.969280 0.000000 0.000000 0.000000 -0.007067 0.999975
68.393169165 1.193687 0.968032 0.000000 0.000000 0.000000 -0.006373 0.999980
68.488315105 1.212792 0.968297 0.000000 0.000000 0.000000 -0.006194 0.999981
68.548655272 1.224161 0.968939 0.000000 0.000000 0.000000 -0.006336 0.999980
68.628951550 1.239693 0.968816 0.000000 0.000000 0.000000 -0.006167 0.999981
68.688163757 1.249905 0.969206 0.000000 0.000000 0.000000 -0.006024 0.999982
68.771270037 1.267150 0.970708 0.000000 0.000000 0.000000 -0.005632 0.999984
68.824939728 1.278120 0.970035 0.000000 0.000000 0.000000 -0.005808 0.999983
68.927378178 1.297896 0.969667 0.000000 0.000000 0.000000 -0.005704 0.999984
68.988554239 1.309379 0.969933 0.000000 0.000000 0.000000 -0.005934 0.999982
69.091393948 1.330868 0.971161 0.000000 0.000000 0.000000 -0.006092 0.999981
69.142657280 1.339014 0.970738 0.000000 0.000000 0.000000 -0.005742 0.999984
69.226943970 1.355027 0.970807 0.000000 0.000000 0.000000 -0.005777 0.999983
69.291504383 1.368096 0.971962 0.000000 0.000000 0.000000 -0.005523 0.999985
69.395749092 1.388063 0.971172 0.000000 0.000000 0.000000 -0.005678 0.999984
69.444655418 1.398336 0.972146 0.000000 0.000000 0.000000 -0.005624 0.999984
69.543005466 1.416863 0.971395 0.000000 0.000000 0.000000 -0.005557 0.999985
69.595045090 1.426221 0.971288 0.000000 0.000000 0.000000 -0.005408 0.999985
69.695927858 1.444823 0.970892 0.000000 0.000000 0.000000 -0.005175 0.999987
69.753221989 1.454461 0.970596 0.000000 0.000000 0.000000 -0.005189 0.999987
69.852281094 1.472956 0.970053 0.000000 0.000000 0.000000 -0.005035 0.999987
69.909631014 1.486165 0.968880 0.000000 0.000000 0.000000 -0.004539 0.999990
70.003495455 1.503615 0.968993 0.000000 0.000000 0.000000 -0.004447 0.999990
70.055417776 1.514480 0.969763 0.000000 0.000000 0.000000 -0.004152 0.999991
70.137858391 1.529877 0.970527 0.000000 0.000000 0.000000 -0.003993 0.999992
70.199167728 1.542029 0.970289 0.000000 0.000000 0.000000 -0.004070 0.999992
70.302878618 1.561688 0.970067 0.000000 0.000000 0.000000 -0.003868 0.999993
70.369396687 1.575242 0.970507 0.000000 0.000000 0.000000 -0.004000 0.999992
70.461210728 1.593234 0.970332 0.000000 0.000000 0.000000 -0.003973 0.999992
70.509778738 1.603703 0.968783 0.000000 0.000000 0.000000 -0.004080 0.999992
70.599387646 1.618510 0.968659 0.000000 0.000000 0.000000 -0.003910 0.999992
70.656033039 1.629181 0.968526 0.000000 0.000000 0.000000 -0.003932 0.999992
70.768153429 1.649684 0.967079 0.000000 0.000000 0.000000 -0.003894 0.999992
70.815999985 1.657462 0.966852 0.000000 0.000000 0.000000 -0.003999 0.999992
70.900581121 1.673400 0.966430 0.000000 0.000000 0.000000 -0.003814 0.999993
70.955633402 1.683639 0.967019 0.000000 0.000000 0.000000 -0.003974 0.999992
71.042252779 1.699777 0.966962 0.000000 0.000000 0.000000 -0.003983 0.999992
71.103641987 1.711984 0.966692 0.000000 0.000000 0.000000 -0.004029 0.999992
71.186776161 1.726993 0.966377 0.000000 0.000000 0.000000 -0.004018 0.999992
71.250498533 1.739327 0.966776 0.000000 0.000000 0.000000 -0.003789 0.999993
71.341936827 1.744620 0.966331 0.000000 0.000000 0.000000 0.004257 0.999991
71.393325806 1.747798 0.964618 0.000000 0.000000 0.000000 0.008776 0.999961
71.487019539 1.750901 0.963281 0.000000 0.000000 0.000000 0.016904 0.999857
71.537977695 1.751303 0.963290 0.000000 0.000000 0.000000 0.021280 0.999774
71.626116753 1.756332 0.962084 0.000000 0.000000 0.000000 0.028808 0.999585
71.682151079 1.756913 0.960300 0.000000 0.000000 0.000000 0.033349 0.999444
71.763496399 1.759521 0.959158 0.000000 0.000000 0.000000 0.040568 0.999177
71.820455313 1.760181 0.958275 0.000000 0.000000 0.000000 0.045410 0.998968
71.918866396 1.764933 0.957720 0.000000 0.000000 0.000000 0.053951 0.998544
71.975845575 1.766795 0.955463 0.000000 0.000000 0.000000 0.058639 0.998279
72.068582535 1.768583 0.955822 0.000000 0.000000 0.000000 0.065934 0.997824
72.122643709 1.770917 0.956526 0.000000 0.000000 0.000000 0.070509 0.997511
72.217851877 1.787969 0.957788 0.000000 0.000000 0.000000 0.070518 0.997511
72.265589714 1.795923 0.959009 0.000000 0.000000 0.000000 0.070601 0.997505
72.354194641 1.811520 0.960186 0.000000 0.000000 0.000000 0.070576 0.997506
72.403216600 1.820214 0.959874 0.000000 0.000000 0.000000 0.070519 0.997510
72.504085302 1.840040 0.962659 0.000000 0.000000 0.000000 0.070921 0.997482
72.559812546 1.851988 0.965926 0.000000 0.000000 0.000000 0.070951 0.997480
72.641114473 1.866935 0.968518 0.000000 0.000000 0.000000 0.070976 0.997478
72.695553064 1.878605 0.970061 0.000000 0.000000 0.000000 0.071103 0.997469
72.784453154 1.894162 0.971820 0.000000 0.000000 0.000000 0.071441 0.997445
72.839464188 1.896877 0.972297 0.000000 0.000000 0.000000 0.076174 0.997095
72.931765556 1.900179 0.972232 0.000000 0.000000 0.000000 0.083707 0.996490
72.986810684 1.903641 0.973787 0.000000 0.000000 0.000000 0.088700 0.996058
73.071648121 1.908271 0.972985 0.000000 0.000000 0.000000 0.095699 0.995410
73.129702330 1.909554 0.972423 0.000000 0.000000 0.000000 0.100647 0.994922
73.227200508 1.912860 0.972674 0.000000 0.000000 0.000000 0.109337 0.994005
73.271549940 1.913775 0.972203 0.000000 0.000000 0.000000 0.113012 0.993594
73.365193605 1.931580 0.976106 0.000000 0.000000 0.000000 0.113180 0.993574
73.410813332 1.939085 0.978039 0.000000 0.000000 0.000000 0.113212 0.993571
73.495560646 1.955481 0.981941 0.000000 0.000000 0.000000 0.113339 0.993556
73.549853325 1.966375 0.985663 0.000000 0.000000 0.000000 0.113350 0.993555
73.635336399 1.982243 0.988927 0.000000 0.000000 0.000000 0.113510 0.993537
73.700213671 1.994865 0.990893 0.000000 0.000000 0.000000 0.113665 0.993519
73.794411182 2.013746 0.994718 0.000000 0.000000 0.000000 0.114137 0.993465
73.851395130 2.022403 0.996164 0.000000 0.000000 0.000000 0.114156 0.993463
73.934927464 2.037380 1.000528 0.000000 0.000000 0.000000 0.114359 0.993440
73.994324923 2.042046 1.002661 0.000000 0.000000 0.000000 0.119640 0.992817
74.076428652 2.045800 1.004948 0.000000 0.000000 0.000000 0.126488 0.991968
74.138641834 2.048194 1.006375 0.000000 0.000000 0.000000 0.131811 0.991275
74.232690811 2.050989 1.007646 0.000000 0.000000 0.000000 0.140107 0.990136
74.284757137 2.052367 1.007976 0.000000 0.000000 0.000000 0.144437 0.989514
74.368963718 2.056468 1.007997 0.000000 0.000000 0.000000 0.151493 0.988458
74.424954653 2.057443 1.008267 0.000000 0.000000 0.000000 0.156434 0.987688
74.512892008 2.059831 1.009560 0.000000 0.000000 0.000000 0.164361 0.986400
74.568120718 2.068022 1.013139 0.000000 0.000000 0.000000 0.164385 0.986396
74.659038782 2.083302 1.019730 0.000000 0.000000 0.000000 0.164244 0.986420
74.720528126 2.092746 1.024265 0.000000 0.000000 0.000000 0.164342 0.986403
74.807915449 2.108189 1.030287 0.000000 0.000000 0.000000 0.164229 0.986422
74.867791891 2.120014 1.033283 0.000000 0.000000 0.000000 0.164443 0.986387
74.956265450 2.136170 1.038618 0.000000 0.000000 0.000000 0.164613 0.986358
75.006022692 2.144702 1.041466 0.000000 0.000000 0.000000 0.164449 0.986386
75.093890429 2.160990 1.046392 0.000000 0.000000 0.000000 0.164231 0.986422
75.151803017 2.170198 1.049509 0.000000 0.000000 0.000000 0.164293 0.986412
75.237923384 2.185808 1.054666 0.000000 0.000000 0.000000 0.164538 0.986371
75.289012432 2.194460 1.058799 0.000000 0.000000 0.000000 0.164341 0.986404
75.377345324 2.211056 1.064640 0.000000 0.000000 0.000000 0.164534 0.986371
75.433693886 2.221775 1.069573 0.000000 0.000000 0.000000 0.164624 0.986356
75.537194490 2.240305 1.074928 0.000000 0.000000 0.000000 0.164891 0.986312
75.586070776 2.250367 1.078727 0.000000 0.000000 0.000000 0.164867 0.986316
75.689361572 2.267782 1.086095 0.000000 0.000000 0.000000 0.164682 0.986347
75.744805098 2.278762 1.090748 0.000000 0.000000 0.000000 0.164643 0.986353
75.826009274 2.293084 1.096575 0.000000 0.000000 0.000000 0.164469 0.986382
75.899021864 2.295635 1.097796 0.000000 0.000000 0.000000 0.170970 0.985276
75.992537260 2.299683 1.098864 0.000000 0.000000 0.000000 0.179189 0.983815
76.056124210 2.302520 1.100008 0.000000 0.000000 0.000000 0.185310 0.982680
76.141805172 2.304500 1.101375 0.000000 0.000000 0.000000 0.192169 0.981362
76.196712971 2.306246 1.103304 0.000000 0.000000 0.000000 0.196989 0.980406
76.279946327 2.306939 1.105410 0.000000 0.000000 0.000000 0.203770 0.979019
76.336917877 2.307771 1.105694 0.000000 0.000000 0.000000 0.208807 0.977957
76.431858301 2.312157 1.105534 0.000000 0.000000 0.000000 0.216442 0.976295
76.487337351 2.319881 1.109070 0.000000 0.000000 0.000000 0.216292 0.976329
76.576975346 2.333410 1.116092 0.000000 0.000000 0.000000 0.216551 0.976271
76.635664701 2.342349 1.121206 0.000000 0.000000 0.000000 0.216914 0.976191
76.736702204 2.359756 1.130922 0.000000 0.000000 0.000000 0.216949 0.976183
76.784813404 2.368781 1.134348 0.000000 0.000000 0.000000 0.216764 0.976224
76.872728825 2.383726 1.140863 0.000000 0.000000 0.000000 0.216854 0.976204
76.940669060 2.396044 1.146533 0.000000 0.000000 0.000000 0.216677 0.976243
77.039191484 2.413088 1.154434 0.000000 0.000000 0.000000 0.216667 0.976246
77.091496944 2.421805 1.160230 0.000000 0.000000 0.000000 0.216712 0.976236
77.178045034 2.426851 1.161177 0.000000 0.000000 0.000000 0.224172 0.974550
77.233334064 2.427650 1.163783 0.000000 0.000000 0.000000 0.229444 0.973322
77.321522951 2.430871 1.163951 0.000000 0.000000 0.000000 0.236966 0.971518
77.385615587 2.431572 1.163198 0.000000 0.000000 0.000000 0.242501 0.970151
77.482558012 2.444962 1.170356 0.000000 0.000000 0.000000 0.242567 0.970135
77.535058022 2.452184 1.173339 0.000000 0.000000 0.000000 0.242177 0.970232
77.635596514 2.469006 1.181532 0.000000 0.000000 0.000000 0.242248 0.970214
77.687636852 2.478277 1.185172 0.000000 0.000000 0.000000 0.242055 0.970263
77.783472538 2.494798 1.193234 0.000000 0.000000 0.000000 0.242171 0.970233
77.833787918 2.502139 1.196457 0.000000 0.000000 0.000000 0.242283 0.970206
77.940711260 2.520170 1.206010 0.000000 0.000000 0.000000 0.242164 0.970235
77.985099792 2.527411 1.208783 0.000000 0.000000 0.000000 0.242392 0.970178
78.074628830 2.544373 1.216849 0.000000 0.000000 0.000000 0.242431 0.970169
78.126539230 2.552455 1.221492 0.000000 0.000000 0.000000 0.242647 0.970115
78.225707769 2.557754 1.224465 0.000000 0.000000 0.000000 0.250967 0.967996
78.287621975 2.559417 1.225479 0.000000 0.000000 0.000000 0.255876 0.966710
78.371752024 2.574783 1.232028 0.000000 0.000000 0.000000 0.255916 0.966699
78.425225496 2.582370 1.234519 0.000000 0.000000 0.000000 0.255726 0.966749
78.525620699 2.598138 1.244164 0.000000 0.000000 0.000000 0.255684 0.966760
78.588539600 2.607705 1.250685 0.000000 0.000000 0.000000 0.255938 0.966693
78.670593977 2.621676 1.260063 0.000000 0.000000 0.000000 0.256071 0.966658
78.735427380 2.632245 1.266288 0.000000 0.000000 0.000000 0.256412 0.966568
78.827690363 2.646919 1.274451 0.000000 0.000000 0.000000 0.256516 0.966540
78.889282465 2.655655 1.282450 0.000000 0.000000 0.000000 0.256614 0.966514
78.986895561 2.672932 1.293507 0.000000 0.000000 0.000000 0.256544 0.966532
79.038242817 2.682775 1.300950 0.000000 0.000000 0.000000 0.256818 0.966460
79.133278370 2.688349 1.304744 0.000000 0.000000 0.000000 0.264453 0.964399
79.188038111 2.691275 1.309037 0.000000 0.000000 0.000000 0.269176 0.963091
79.274859905 2.695480 1.311385 0.000000 0.000000 0.000000 0.276628 0.960977
79.325020790 2.702459 1.315198 0.000000 0.000000 0.000000 0.276907 0.960897
79.419587612 2.717972 1.325578 0.000000 0.000000 0.000000 0.276983 0.960875
79.476016521 2.725900 1.332051 0.000000 0.000000 0.000000 0.277026 0.960862
79.572896481 2.739774 1.341628 0.000000 0.000000 0.000000 0.277135 0.960831
79.625355482 2.747423 1.347673 0.000000 0.000000 0.000000 0.277077 0.960848
79.715934038 2.761874 1.357138 0.000000 0.000000 0.000000 0.276921 0.960893
79.766192913 2.768328 1.361709 0.000000 0.000000 0.000000 0.276798 0.960928
79.851100206 2.782385 1.370126 0.000000 0.000000 0.000000 0.276905 0.960897
79.911969662 2.792296 1.377906 0.000000 0.000000 0.000000 0.277305 0.960782
80.005322218 2.807726 1.386420 0.000000 0.000000 0.000000 0.277195 0.960814
80.049822092 2.815965 1.390030 0.000000 0.000000 0.000000 0.277113 0.960837
80.144307137 2.831807 1.400119 0.000000 0.000000 0.000000 0.276877 0.960905
80.194717646 2.839388 1.406583 0.000000 0.000000 0.000000 0.276857 0.960911
80.283586025 2.844182 1.408590 0.000000 0.000000 0.000000 0.284502 0.958675
80.339012861 2.846638 1.410043 0.000000 0.000000 0.000000 0.289258 0.957251
80.432806969 2.850935 1.409593 0.000000 0.000000 0.000000 0.296583 0.955007
80.481657505 2.852550 1.408144 0.000000 0.000000 0.000000 0.300311 0.953841
80.570667744 2.857375 1.408697 0.000000 0.000000 0.000000 0.307422 0.951573
80.629180193 2.860278 1.408426 0.000000 0.000000 0.000000 0.312141 0.950036
80.725515127 2.865075 1.409440 0.000000 0.000000 0.000000 0.320009 0.947414
80.785824299 2.866386 1.409788 0.000000 0.000000 0.000000 0.324704 0.945816
80.885531425 2.869696 1.411208 0.000000 0.000000 0.000000 0.332580 0.943075
80.931448936 2.871032 1.410849 0.000000 0.000000 0.000000 0.336225 0.941782
81.023196459 2.882380 1.419112 0.000000 0.000000 0.000000 0.336293 0.941757
81.074112654 2.888291 1.424162 0.000000 0.000000 0.000000 0.336121 0.941819
81.169610262 2.900572 1.435874 0.000000 0.000000 0.000000 0.336426 0.941710
81.221564293 2.909205 1.443260 0.000000 0.000000 0.000000 0.336130 0.941816
81.317089081 2.923014 1.455329 0.000000 0.000000 0.000000 0.335976 0.941870
81.373459816 2.932106 1.461585 0.000000 0.000000 0.000000 0.336081 0.941833
81.468533754 2.946086 1.471737 0.000000 0.000000 0.000000 0.336303 0.941754
81.523016691 2.954148 1.478502 0.000000 0.000000 0.000000 0.336206 0.941789
81.598726511 2.965176 1.487701 0.000000 0.000000 0.000000 0.336490 0.941687
81.657386780 2.967214 1.489029 0.000000 0.000000 0.000000 0.341306 0.939952
81.743980408 2.970994 1.491927 0.000000 0.000000 0.000000 0.348156 0.937437
81.802433014 2.973297 1.492603 0.000000 0.000000 0.000000 0.352677 0.935745
81.892469883 2.976599 1.493983 0.000000 0.000000 0.000000 0.359678 0.933077
81.951400280 2.978349 1.494485 0.000000 0.000000 0.000000 0.364443 0.931226
82.051398516 2.982915 1.495629 0.000000 0.000000 0.000000 0.372778 0.927920
82.098116398 2.983880 1.494555 0.000000 0.000000 0.000000 0.376586 0.926382
82.188131332 2.996280 1.503667 0.000000 0.000000 0.000000 0.376881 0.926262
82.248149872 3.003873 1.510889 0.000000 0.000000 0.000000 0.377158 0.926149
82.336132288 3.015307 1.520663 0.000000 0.000000 0.000000 0.377250 0.926112
82.396090031 3.023747 1.528439 0.000000 0.000000 0.000000 0.377289 0.926096
82.493404388 3.037976 1.541101 0.000000 0.000000 0.000000 0.377097 0.926174
82.545469284 3.045735 1.548200 0.000000 0.000000 0.000000 0.377090 0.926177
82.645762682 3.059987 1.560101 0.000000 0.000000 0.000000 0.377084 0.926179
82.703368902 3.069709 1.566607 0.000000 0.000000 0.000000 0.377118 0.926165
82.786747932 3.081260 1.578997 0.000000 0.000000 0.000000 0.376707 0.926332
82.854153395 3.089877 1.588325 0.000000 0.000000 0.000000 0.376658 0.926352
82.943068027 3.101345 1.599997 0.000000 0.000000 0.000000 0.376671 0.926347
83.009804964 3.110550 1.608200 0.000000 0.000000 0.000000 0.376528 0.926405
83.085191727 3.120773 1.618900 0.000000 0.000000 0.000000 0.376509 0.926413
83.153803349 3.128473 1.628268 0.000000 0.000000 0.000000 0.376567 0.926389
83.241653681 3.138989 1.639922 0.000000 0.000000 0.000000 0.376437 0.926442
83.297069788 3.141031 1.643605 0.000000 0.000000 0.000000 0.380707 0.924696
83.389735460 3.143958 1.646669 0.000000 0.000000 0.000000 0.388267 0.921547
83.453119040 3.144463 1.647138 0.000000 0.000000 0.000000 0.392720 0.919658
83.537900448 3.145551 1.648011 0.000000 0.000000 0.000000 0.399860 0.916576
83.597048283 3.148369 1.650083 0.000000 0.000000 0.000000 0.404475 0.914549
83.717325926 3.151371 1.654260 0.000000 0.000000 0.000000 0.413962 0.910294
83.749479055 3.152859 1.653945 0.000000 0.000000 0.000000 0.416479 0.909145
83.838826418 3.154779 1.657353 0.000000 0.000000 0.000000 0.423274 0.906002
83.901724577 3.156753 1.659364 0.000000 0.000000 0.000000 0.428147 0.903709
83.992516994 3.159357 1.661847 0.000000 0.000000 0.000000 0.434925 0.900467
84.051721573 3.161124 1.662892 0.000000 0.000000 0.000000 0.439392 0.898295
84.156426907 3.164817 1.666617 0.000000 0.000000 0.000000 0.447103 0.894482
84.200500965 3.166143 1.667413 0.000000 0.000000 0.000000 0.450565 0.892744
84.283172131 3.174947 1.679851 0.000000 0.000000 0.000000 0.450533 0.892760
84.341853619 3.181388 1.691121 0.000000 0.000000 0.000000 0.450248 0.892904
84.440338135 3.192488 1.707062 0.000000 0.000000 0.000000 0.450482 0.892786
84.490278244 3.199065 1.714690 0.000000 0.000000 0.000000 0.450720 0.892665
84.590413809 3.209954 1.728847 0.000000 0.000000 0.000000 0.450996 0.892526
84.637861252 3.210778 1.730706 0.000000 0.000000 0.000000 0.454386 0.890805
84.731191397 3.213277 1.733683 0.000000 0.000000 0.000000 0.461555 0.887111
84.795961142 3.214885 1.735258 0.000000 0.000000 0.000000 0.466343 0.884604
84.885035038 3.217523 1.735842 0.000000 0.000000 0.000000 0.473165 0.880974
84.942189693 3.223805 1.743373 0.000000 0.000000 0.000000 0.473081 0.881019
85.035698891 3.231985 1.755739 0.000000 0.000000 0.000000 0.473291 0.880906
85.087255955 3.236876 1.763078 0.000000 0.000000 0.000000 0.473416 0.880839
85.177431345 3.246148 1.776835 0.000000 0.000000 0.000000 0.473243 0.880932
85.234461546 3.252634 1.785906 0.000000 0.000000 0.000000 0.473389 0.880854
85.317269802 3.261816 1.798106 0.000000 0.000000 0.000000 0.473531 0.880777
85.371974707 3.267557 1.806891 0.000000 0.000000 0.000000 0.473394 0.880851
85.478625298 3.270605 1.808938 0.000000 0.000000 0.000000 0.481518 0.876436
85.528799295 3.271843 1.811174 0.000000 0.000000 0.000000 0.485351 0.874319
85.623463392 3.273108 1.811980 0.000000 0.000000 0.000000 0.492262 0.870447
85.673765659 3.274223 1.812318 0.000000 0.000000 0.000000 0.496128 0.868249
85.763669968 3.281221 1.824103 0.000000 0.000000 0.000000 0.496137 0.868244
85.820935726 3.285731 1.832192 0.000000 0.000000 0.000000 0.496274 0.868166
85.910727024 3.293022 1.845985 0.000000 0.000000 0.000000 0.496292 0.868156
85.964876890 3.297553 1.855812 0.000000 0.000000 0.000000 0.496361 0.868116
86.051109076 3.307089 1.869636 0.000000 0.000000 0.000000 0.496368 0.868112
86.103527308 3.312987 1.878113 0.000000 0.000000 0.000000 0.496119 0.868254
86.201452255 3.323002 1.894556 0.000000 0.000000 0.000000 0.495885 0.868388
86.242657185 3.326558 1.902343 0.000000 0.000000 0.000000 0.495768 0.868455
86.334985495 3.335000 1.917619 0.000000 0.000000 0.000000 0.495942 0.868356
86.382092714 3.335979 1.919548 0.000000 0.000000 0.000000 0.499148 0.866517
86.472083092 3.337705 1.922879 0.000000 0.000000 0.000000 0.505767 0.862670
86.523828268 3.340199 1.925924 0.000000 0.000000 0.000000 0.509500 0.860470
86.615870237 3.341555 1.928476 0.000000 0.000000 0.000000 0.516560 0.856251
86.670076370 3.341156 1.928543 0.000000 0.000000 0.000000 0.520350 0.853953
86.774803400 3.350376 1.943994 0.000000 0.000000 0.000000 0.520531 0.853843
86.820199966 3.354106 1.949467 0.000000 0.000000 0.000000 0.520492 0.853866
86.919469357 3.361935 1.966329 0.000000 0.000000 0.000000 0.520846 0.853651
86.967871189 3.366135 1.975695 0.000000 0.000000 0.000000 0.520591 0.853806
87.056761026 3.374876 1.990930 0.000000 0.000000 0.000000 0.520795 0.853682
87.109259605 3.379259 1.999151 0.000000 0.000000 0.000000 0.520740 0.853715
87.192007065 3.386756 2.012927 0.000000 0.000000 0.000000 0.520718 0.853729
87.253980637 3.391205 2.023041 0.000000 0.000000 0.000000 0.520763 0.853701
87.349741697 3.393937 2.026628 0.000000 0.000000 0.000000 0.527941 0.849281
87.405018091 3.395909 2.030763 0.000000 0.000000 0.000000 0.531864 0.846830
87.485984564 3.398036 2.033317 0.000000 0.000000 0.000000 0.537571 0.843219
87.543567896 3.400294 2.034031 0.000000 0.000000 0.000000 0.541863 0.840467
87.634330273 3.399612 2.036111 0.000000 0.000000 0.000000 0.548487 0.836159
87.686902761 3.400526 2.038965 0.000000 0.000000 0.000000 0.552307 0.833641
87.787247896 3.402208 2.043160 0.000000 0.000000 0.000000 0.559520 0.828817
87.837472916 3.405932 2.050719 0.000000 0.000000 0.000000 0.559595 0.828766
87.916748285 3.409914 2.064153 0.000000 0.000000 0.000000 0.559440 0.828871
87.986268759 3.414503 2.076372 0.000000 0.000000 0.000000 0.559287 0.828974
88.086726427 3.420849 2.092991 0.000000 0.000000 0.000000 0.559406 0.828894
88.150101423 3.425789 2.103022 0.000000 0.000000 0.000000 0.559286 0.828974
88.240933418 3.427175 2.106799 0.000000 0.000000 0.000000 0.565909 0.824468
88.297403812 3.428256 2.110806 0.000000 0.000000 0.000000 0.569977 0.821661
88.386169910 3.429952 2.115000 0.000000 0.000000 0.000000 0.576418 0.817155
88.450335503 3.431439 2.116115 0.000000 0.000000 0.000000 0.580968 0.813926
88.535275698 3.433296 2.118826 0.000000 0.000000 0.000000 0.586856 0.809691
88.605426788 3.435406 2.119163 0.000000 0.000000 0.000000 0.591401 0.806378
88.683759212 3.436038 2.121838 0.000000 0.000000 0.000000 0.596738 0.802436
88.750116110 3.440095 2.132040 0.000000 0.000000 0.000000 0.596823 0.802373
88.851769447 3.445883 2.149924 0.000000 0.000000 0.000000 0.596800 0.802390
88.916266441 3.450542 2.162365 0.000000 0.000000 0.000000 0.596917 0.802303
89.002526760 3.454987 2.178835 0.000000 0.000000 0.000000 0.596762 0.802418
89.057895184 3.457665 2.189043 0.000000 0.000000 0.000000 0.596845 0.802357
89.140100241 3.462849 2.204840 0.000000 0.000000 0.000000 0.596844 0.802358
89.195465088 3.463185 2.207900 0.000000 0.000000 0.000000 0.600778 0.799416
89.289087772 3.464264 2.212753 0.000000 0.000000 0.000000 0.607262 0.794502
89.344048738 3.466696 2.215143 0.000000 0.000000 0.000000 0.611079 0.791570
89.440391302 3.467991 2.217008 0.000000 0.000000 0.000000 0.617771 0.786358
89.492968559 3.469536 2.217433 0.000000 0.000000 0.000000 0.621170 0.783676
89.607647657 3.474243 2.236619 0.000000 0.000000 0.000000 0.621120 0.783715
89.672281504 3.477877 2.247294 0.000000 0.000000 0.000000 0.621138 0.783701
89.768073082 3.484237 2.265043 0.000000 0.000000 0.000000 0.621009 0.783804
89.829360723 3.487185 2.277056 0.000000 0.000000 0.000000 0.621088 0.783741
89.918611765 3.489049 2.293119 0.000000 0.000000 0.000000 0.621619 0.783320
89.983339548 3.493025 2.304951 0.000000 0.000000 0.000000 0.621503 0.783412
90.075467348 3.496585 2.321155 0.000000 0.000000 0.000000 0.621409 0.783486
90.136802912 3.500015 2.334415 0.000000 0.000000 0.000000 0.621370 0.783517
90.217718840 3.503601 2.348969 0.000000 0.000000 0.000000 0.621300 0.783573
90.282570362 3.506543 2.361513 0.000000 0.000000 0.000000 0.621318 0.783558
90.377734184 3.511514 2.379154 0.000000 0.000000 0.000000 0.621332 0.783547
90.428593874 3.515455 2.388283 0.000000 0.000000 0.000000 0.621507 0.783408
90.510604858 3.519277 2.402508 0.000000 0.000000 0.000000 0.621410 0.783486
90.568803549 3.522296 2.414570 0.000000 0.000000 0.000000 0.621378 0.783511
90.669097900 3.527057 2.432659 0.000000 0.000000 0.000000 0.621119 0.783716
90.734403133 3.529599 2.444694 0.000000 0.000000 0.000000 0.621037 0.783782
90.817264557 3.533283 2.460497 0.000000 0.000000 0.000000 0.620910 0.783882
90.874949217 3.536043 2.470253 0.000000 0.000000 0.000000 0.621004 0.783807
90.977848291 3.540871 2.488980 0.000000 0.000000 0.000000 0.620878 0.783907
91.038990498 3.543146 2.500865 0.000000 0.000000 0.000000 0.620852 0.783928
91.132968187 3.546327 2.518252 0.000000 0.000000 0.000000 0.620769 0.783994
91.184181929 3.548829 2.528062 0.000000 0.000000 0.000000 0.620547 0.784169
91.277483940 3.551974 2.544501 0.000000 0.000000 0.000000 0.620531 0.784182
91.333750963 3.554435 2.554172 0.000000 0.000000 0.000000 0.620228 0.784422
91.435931683 3.557063 2.574930 0.000000 0.000000 0.000000 0.620283 0.784378
91.490885019 3.559602 2.585951 0.000000 0.000000 0.000000 0.619996 0.784605
91.596405983 3.564369 2.605863 0.000000 0.000000 0.000000 0.620041 0.784570
91.657889366 3.567392 2.617686 0.000000 0.000000 0.000000 0.620046 0.784566
91.744920015 3.572177 2.633635 0.000000 0.000000 0.000000 0.620014 0.784590
91.803375244 3.576667 2.643722 0.000000 0.000000 0.000000 0.620028 0.784579
91.889576912 3.581882 2.659855 0.000000 0.000000 0.000000 0.619896 0.784684
91.950321198 3.584640 2.670944 0.000000 0.000000 0.000000 0.619648 0.784880
92.040585995 3.589939 2.687567 0.000000 0.000000 0.000000 0.619390 0.785083
92.095539570 3.590855 2.697357 0.000000 0.000000 0.000000 0.619385 0.785087
92.180634975 3.594400 2.711204 0.000000 0.000000 0.000000 0.619049 0.785353
92.233907700 3.598405 2.719945 0.000000 0.000000 0.000000 0.618821 0.785532
92.324627161 3.603250 2.736103 0.000000 0.000000 0.000000 0.618914 0.785459
92.377721786 3.606022 2.746876 0.000000 0.000000 0.000000 0.618741 0.785595
92.477380037 3.610779 2.764562 0.000000 0.000000 0.000000 0.618652 0.785665
92.527386665 3.612080 2.774092 0.000000 0.000000 0.000000 0.618375 0.785883
92.615924358 3.615455 2.790658 0.000000 0.000000 0.000000 0.618325 0.785922
92.672314167 3.617472 2.800536 0.000000 0.000000 0.000000 0.618424 0.785845
92.773890257 3.621718 2.818036 0.000000 0.000000 0.000000 0.618305 0.785938
92.833395958 3.625726 2.830503 0.000000 0.000000 0.000000 0.618579 0.785723
92.924817085 3.630450 2.845986 0.000000 0.000000 0.000000 0.618575 0.785726
92.988978386 3.633496 2.858585 0.000000 0.000000 0.000000 0.618733 0.785601
93.100240469 3.639967 2.878714 0.000000 0.000000 0.000000 0.618590 0.785714
93.152472734 3.642586 2.888512 0.000000 0.000000 0.000000 0.618479 0.785801
93.248969555 3.647772 2.906101 0.000000 0.000000 0.000000 0.618588 0.785716
93.302347898 3.651862 2.916954 0.000000 0.000000 0.000000 0.618649 0.785668
93.402684212 3.656343 2.935341 0.000000 0.000000 0.000000 0.618619 0.785691
93.454676867 3.659080 2.945748 0.000000 0.000000 0.000000 0.618826 0.785528
93.552758694 3.663526 2.964324 0.000000 0.000000 0.000000 0.618895 0.785474
93.613630056 3.666677 2.975648 0.000000 0.000000 0.000000 0.618823 0.785530
93.707502604 3.670516 2.993381 0.000000 0.000000 0.000000 0.618949 0.785431
93.764230251 3.673501 3.006872 0.000000 0.000000 0.000000 0.618970 0.785414
93.873910427 3.678004 3.028211 0.000000 0.000000 0.000000 0.618919 0.785455
93.914932251 3.680722 3.035510 0.000000 0.000000 0.000000 0.618848 0.785511
94.005584240 3.684280 3.051872 0.000000 0.000000 0.000000 0.618802 0.785547
94.060539484 3.686567 3.063024 0.000000 0.000000 0.000000 0.618663 0.785656
94.156020403 3.691595 3.081694 0.000000 0.000000 0.000000 0.618495 0.785789
94.210253716 3.693281 3.091806 0.000000 0.000000 0.000000 0.618402 0.785862
94.306135893 3.699105 3.109489 0.000000 0.000000 0.000000 0.618581 0.785721
94.372974396 3.702139 3.122377 0.000000 0.000000 0.000000 0.618516 0.785772
94.471097946 3.707083 3.140666 0.000000 0.000000 0.000000 0.618264 0.785971
94.529613972 3.711381 3.153584 0.000000 0.000000 0.000000 0.618254 0.785979
94.627149820 3.715651 3.172573 0.000000 0.000000 0.000000 0.618056 0.786134
94.671769142 3.718572 3.180987 0.000000 0.000000 0.000000 0.618223 0.786002
94.763330460 3.723233 3.199827 0.000000 0.000000 0.000000 0.618264 0.785971
94.822440624 3.727381 3.210737 0.000000 0.000000 0.000000 0.618063 0.786129
94.912670851 3.733246 3.227265 0.000000 0.000000 0.000000 0.618296 0.785945
94.978972197 3.736878 3.239146 0.000000 0.000000 0.000000 0.618507 0.785779
95.068254471 3.741915 3.255907 0.000000 0.000000 0.000000 0.618237 0.785992
95.123470068 3.744690 3.265447 0.000000 0.000000 0.000000 0.618168 0.786046
95.210581541 3.748673 3.281233 0.000000 0.000000 0.000000 0.618392 0.785869
95.261231899 3.752116 3.290520 0.000000 0.000000 0.000000 0.618232 0.785995
95.358219862 3.759465 3.307613 0.000000 0.000000 0.000000 0.618505 0.785781
95.405269146 3.761518 3.316354 0.000000 0.000000 0.000000 0.618529 0.785762
95.495450497 3.761003 3.315677 0.000000 0.000000 0.000000 0.618406 0.785859
95.556711435 3.760555 3.315666 0.000000 0.000000 0.000000 0.618377 0.785881
95.654532194 3.761648 3.316462 0.000000 0.000000 0.000000 0.618517 0.785771
95.718507051 3.760904 3.315392 0.000000 0.000000 0.000000 0.618605 0.785702
95.809733868 3.761366 3.314540 0.000000 0.000000 0.000000 0.618381 0.785879
95.869915009 3.761177 3.313351 0.000000 0.000000 0.000000 0.618400 0.785864
95.968504429 3.760991 3.312929 0.000000 0.000000 0.000000 0.618243 0.785987
96.013655424 3.761720 3.312473 0.000000 0.000000 0.000000 0.618153 0.786058
96.105460644 3.763113 3.311462 0.000000 0.000000 0.000000 0.618459 0.785817
96.151817083 3.763186 3.311749 0.000000 0.000000 0.000000 0.618423 0.785845
96.249305487 3.764411 3.313767 0.000000 0.000000 0.000000 0.618345 0.785907
96.313171148 3.765200 3.312156 0.000000 0.000000 0.000000 0.618360 0.785895
96.411842108 3.765288 3.311631 0.000000 0.000000 0.000000 0.618261 0.785973
96.483254194 3.764978 3.312035 0.000000 0.000000 0.000000 0.618091 0.786106
96.576039553 3.765339 3.310984 0.000000 0.000000 0.000000 0.618043 0.786145
96.634468794 3.764192 3.310443 0.000000 0.000000 0.000000 0.617999 0.786179
96.723625898 3.763461 3.311725 0.000000 0.000000 0.000000 0.617973 0.786200
96.781600475 3.763926 3.311594 0.000000 0.000000 0.000000 0.618062 0.786130
96.866395235 3.764665 3.311848 0.000000 0.000000 0.000000 0.617721 0.786397
96.921135187 3.766239 3.311418 0.000000 0.000000 0.000000 0.617784 0.786348
97.019036293 3.766991 3.310596 0.000000 0.000000 0.000000 0.617530 0.786547
97.060910940 3.769626 3.308792 0.000000 0.000000 0.000000 0.617397 0.786652
97.153807163 3.768394 3.311534 0.000000 0.000000 0.000000 0.617502 0.786569
97.211027622 3.768646 3.311676 0.000000 0.000000 0.000000 0.617339 0.786697
97.305245876 3.769557 3.312324 0.000000 0.000000 0.000000 0.617329 0.786705
97.364989996 3.768808 3.311410 0.000000 0.000000 0.000000 0.617382 0.786664
97.465471268 3.768017 3.311493 0.000000 0.000000 0.000000 0.617466 0.786597
97.531141281 3.768181 3.311939 0.000000 0.000000 0.000000 0.617305 0.786724
97.607466698 3.769478 3.312257 0.000000 0.000000 0.000000 0.617190 0.786814
97.670571327 3.768843 3.312543 0.000000 0.000000 0.000000 0.617293 0.786733
97.761371374 3.769435 3.313284 0.000000 0.000000 0.000000 0.617532 0.786545
97.826786518 3.768830 3.313585 0.000000 0.000000 0.000000 0.617687 0.786424
97.904732704 3.769923 3.313659 0.000000 0.000000 0.000000 0.617709 0.786407
97.972033739 3.768391 3.313450 0.000000 0.000000 0.000000 0.617828 0.786313
98.065672398 3.769198 3.313499 0.000000 0.000000 0.000000 0.617572 0.786514
98.120881319 3.769361 3.312549 0.000000 0.000000 0.000000 0.617478 0.786588
98.209275961 3.769945 3.312685 0.000000 0.000000 0.000000 0.617473 0.786592
98.266049623 3.770807 3.313244 0.000000 0.000000 0.000000 0.617551 0.786531
98.353181839 3.770981 3.313922 0.000000 0.000000 0.000000 0.617631 0.786468
98.403073549 3.771501 3.313564 0.000000 0.000000 0.000000 0.617838 0.786305
98.490382910 3.771593 3.313751 0.000000 0.000000 0.000000 0.617716 0.786401
98.542252064 3.770787 3.314197 0.000000 0.000000 0.000000 0.618103 0.786097
98.624454260 3.773011 3.313138 0.000000 0.000000 0.000000 0.618232 0.785996
98.685510397 3.772800 3.312482 0.000000 0.000000 0.000000 0.618094 0.786104
98.779605627 3.772122 3.312627 0.000000 0.000000 0.000000 0.618024 0.786160
98.838194609 3.773638 3.311934 0.000000 0.000000 0.000000 0.618048 0.786140
98.929908276 3.774970 3.312120 0.000000 0.000000 0.000000 0.618102 0.786098
98.986426353 3.774408 3.311728 0.000000 0.000000 0.000000 0.618105 0.786096
99.090990067 3.776128 3.311930 0.000000 0.000000 0.000000 0.618103 0.786097
99.137984037 3.778122 3.312011 0.000000 0.000000 0.000000 0.618045 0.786143
99.222180128 3.779218 3.310692 0.000000 0.000000 0.000000 0.618009 0.786171
99.274515629 3.779605 3.311250 0.000000 0.000000 0.000000 0.618008 0.786172
99.372492313 3.780133 3.310859 0.000000 0.000000 0.000000 0.618081 0.786114
99.430688858 3.779623 3.311279 0.000000 0.000000 0.000000 0.617846 0.786299
99.544572830 3.779672 3.310762 0.000000 0.000000 0.000000 0.617818 0.786321
99.586899042 3.780278 3.310821 0.000000 0.000000 0.000000 0.618092 0.786106
99.684531927 3.779541 3.311217 0.000000 0.000000 0.000000 0.618082 0.786114
99.732462883 3.779205 3.310658 0.000000 0.000000 0.000000 0.618100 0.786099
99.817482233 3.778759 3.310900 0.000000 0.000000 0.000000 0.618298 0.785944
99.865893364 3.778877 3.312492 0.000000 0.000000 0.000000 0.618488 0.785794
99.974117994 3.777917 3.312654 0.000000 0.000000 0.000000 0.618614 0.785695
100.008396149 3.777814 3.313439 0.000000 0.000000 0.000000 0.618592 0.785712
100.099959850 3.777657 3.312986 0.000000 0.000000 0.000000 0.618770 0.785572
100.157341719 3.777064 3.313318 0.000000 0.000000 0.000000 0.618742 0.785594
100.251402378 3.777435 3.313623 0.000000 0.000000 0.000000 0.618795 0.785553
100.296842813 3.775254 3.315016 0.000000 0.000000 0.000000 0.619049 0.785353
100.386153460 3.776324 3.316038 0.000000 0.000000 0.000000 0.618787 0.785559
100.438560963 3.775304 3.316813 0.000000 0.000000 0.000000 0.618882 0.785484
100.523025513 3.774604 3.317546 0.000000 0.000000 0.000000 0.618943 0.785436
100.578892708 3.774723 3.317620 0.000000 0.000000 0.000000 0.618937 0.785441
100.666844606 3.775182 3.318100 0.000000 0.000000 0.000000 0.619146 0.785276
100.717916250 3.775719 3.318099 0.000000 0.000000 0.000000 0.619436 0.785047
100.814438343 3.777765 3.317924 0.000000 0.000000 0.000000 0.619482 0.785011
100.859156370 3.779915 3.318016 0.000000 0.000000 0.000000 0.619364 0.785104
100.952885628 3.779982 3.316458 0.000000 0.000000 0.000000 0.619544 0.784962
101.000487804 3.780179 3.314703 0.000000 0.000000 0.000000 0.619609 0.784911
101.085479736 3.780716 3.315030 0.000000 0.000000 0.000000 0.619895 0.784684
101.136031866 3.780364 3.315399 0.000000 0.000000 0.000000 0.619791 0.784767
101.229514122 3.780595 3.317492 0.000000 0.000000 0.000000 0.620037 0.784572
101.274351120 3.780860 3.317729 0.000000 0.000000 0.000000 0.620056 0.784558
101.373620749 3.780950 3.318307 0.000000 0.000000 0.000000 0.620052 0.784561
101.426921129 3.780627 3.317754 0.000000 0.000000 0.000000 0.620096 0.784526
101.521782160 3.780497 3.317596 0.000000 0.000000 0.000000 0.620020 0.784586
101.570658922 3.780765 3.317093 0.000000 0.000000 0.000000 0.619844 0.784725
101.657437325 3.780917 3.318037 0.000000 0.000000 0.000000 0.619677 0.784857
101.713495970 3.779811 3.316655 0.000000 0.000000 0.000000 0.619506 0.784992
101.799236774 3.780000 3.316955 0.000000 0.000000 0.000000 0.619338 0.785124
101.849389791 3.778445 3.317083 0.000000 0.000000 0.000000 0.619105 0.785308
101.945839167 3.777577 3.317007 0.000000 0.000000 0.000000 0.619327 0.785133
101.999189854 3.775862 3.317627 0.000000 0.000000 0.000000 0.619358 0.785108
102.086042404 3.773513 3.319229 0.000000 0.000000 0.000000 0.619545 0.784961
102.136522293 3.772588 3.319272 0.000000 0.000000 0.000000 0.619377 0.785094
102.221495152 3.772060 3.319769 0.000000 0.000000 0.000000 0.619522 0.784980
102.276251078 3.771630 3.319680 0.000000 0.000000 0.000000 0.619373 0.785097
102.367645025 3.771760 3.319858 0.000000 0.000000 0.000000 0.619375 0.785096
102.423708200 3.771242 3.319842 0.000000 0.000000 0.000000 0.619573 0.784939
102.525077105 3.771052 3.319141 0.000000 0.000000 0.000000 0.619445 0.785040
102.574762106 3.770809 3.318691 0.000000 0.000000 0.000000 0.619289 0.785163
102.674291134 3.769287 3.318590 0.000000 0.000000 0.000000 0.619342 0.785121
