56.000000000 0.003345 0.998529 0.000000 0.000000 0.000000 -0.001125 0.999999
56.092626333 0.002488 0.997759 0.000000 0.000000 0.000000 -0.002536 0.999997
56.136488199 0.002152 0.997408 0.000000 0.000000 0.000000 -0.003005 0.999995
56.234569073 0.002171 0.997649 0.000000 0.000000 0.000000 -0.002963 0.999996
56.291095257 0.001684 0.997562 0.000000 0.000000 0.000000 -0.003004 0.999995
56.384810448 0.002020 0.996893 0.000000 0.000000 0.000000 -0.002619 0.999997
56.432573795 0.002937 0.997265 0.000000 0.000000 0.000000 -0.002107 0.999998
56.517774343 0.003194 0.996527 0.000000 0.000000 0.000000 -0.001652 0.999999
56.566277504 0.004006 0.996276 0.000000 0.000000 0.000000 -0.004311 0.999991
56.658776283 0.004279 0.995871 0.000000 0.000000 0.000000 -0.003197 0.999995
56.719421625 0.003881 0.995501 0.000000 0.000000 0.000000 -0.002364 0.999997
56.806190968 0.003809 0.994832 0.000000 0.000000 0.000000 -0.001665 0.999999
56.859033823 0.004550 0.994918 0.000000 0.000000 0.000000 -0.001159 0.999999
56.956225157 0.004373 0.995204 0.000000 0.000000 0.000000 -0.000782 1.000000
56.992516994 0.005195 0.995731 0.000000 0.000000 0.000000 -0.000531 1.000000
57.085117579 0.005484 0.995363 0.000000 0.000000 0.000000 -0.000006 1.000000
57.135342836 0.005990 0.995157 0.000000 0.000000 0.000000 0.000085 1.000000
57.226917267 0.006377 0.994879 0.000000 0.000000 0.000000 0.000426 1.000000
57.280653477 0.006192 0.994436 0.000000 0.000000 0.000000 0.000702 1.000000
57.376023293 0.006134 0.994710 0.000000 0.000000 0.000000 0.000689 1.000000
57.421943903 0.005836 0.995175 0.000000 0.000000 0.000000 0.000797 1.000000
57.506844759 0.006354 0.995158 0.000000 0.000000 0.000000 0.000995 1.000000
57.561612844 0.005689 0.994586 0.000000 0.000000 0.000000 0.000976 1.000000
57.661116600 0.005309 0.994806 0.000000 0.000000 0.000000 0.000880 1.000000
57.713097334 0.004810 0.995158 0.000000 0.000000 0.000000 0.000886 1.000000
57.818692207 0.004817 0.994847 0.000000 0.000000 0.000000 0.001024 0.999999
57.857132435 0.004767 0.994521 0.000000 0.000000 0.000000 0.001056 0.999999
57.942367077 0.004639 0.994765 0.000000 0.000000 0.000000 0.000947 1.000000
57.993121147 0.005091 0.994195 0.000000 0.000000 0.000000 0.000952 1.000000
58.084053516 0.004061 0.994624 0.000000 0.000000 0.000000 0.001207 0.999999
58.134043932 0.005028 0.995698 0.000000 0.000000 0.000000 0.001248 0.999999
58.226578236 0.005298 0.996023 0.000000 0.000000 0.000000 0.001193 0.999999
58.278188705 0.005472 0.995832 0.000000 0.000000 0.000000 0.001359 0.999999
58.375108480 0.006197 0.995907 0.000000 0.000000 0.000000 0.001495 0.999999
58.432198524 0.005612 0.995871 0.000000 0.000000 0.000000 0.001455 0.999999
58.513686180 0.005668 0.996013 0.000000 0.000000 0.000000 0.001417 0.999999
58.577755451 0.006015 0.994754 0.000000 0.000000 0.000000 0.001382 0.999999
58.663658381 0.006528 0.995012 0.000000 0.000000 0.000000 0.001417 0.999999
58.721382856 0.006375 0.994122 0.000000 0.000000 0.000000 0.001471 0.999999
58.811643362 0.006026 0.996104 0.000000 0.000000 0.000000 0.002070 0.999998
58.859117508 0.006465 0.995724 0.000000 0.000000 0.000000 0.002000 0.999998
58.954252720 0.006526 0.995265 0.000000 0.000000 0.000000 0.002050 0.999998
59.016629219 0.006705 0.994649 0.000000 0.000000 0.000000 0.001930 0.999998
59.106379747 0.006187 0.994677 0.000000 0.000000 0.000000 0.002014 0.999998
59.158839226 0.006145 0.994952 0.000000 0.000000 0.000000 0.001930 0.999998
59.239713192 0.005913 0.995253 0.000000 0.000000 0.000000 0.001854 0.999998
59.295119047 0.006450 0.995423 0.000000 0.000000 0.000000 0.001855 0.999998
59.400145054 0.005576 0.995563 0.000000 0.000000 0.000000 0.001931 0.999998
59.447155952 0.005107 0.995120 0.000000 0.000000 0.000000 0.001990 0.999998
59.543852329 0.004511 0.994475 0.000000 0.000000 0.000000 0.002049 0.999998
59.590034962 0.004984 0.994258 0.000000 0.000000 0.000000 0.002292 0.999997
59.665421247 0.004987 0.993917 0.000000 0.000000 0.000000 0.002206 0.999998
59.720851421 0.005871 0.994384 0.000000 0.000000 0.000000 0.002238 0.999997
59.805132151 0.006178 0.993903 0.000000 0.000000 0.000000 0.002127 0.999998
59.860359430 0.006393 0.993889 0.000000 0.000000 0.000000 0.002120 0.999998
59.957119226 0.006531 0.993195 0.000000 0.000000 0.000000 0.002071 0.999998
60.005816936 0.006481 0.994004 0.000000 0.000000 0.000000 0.002079 0.999998
60.089397669 0.007217 0.993309 0.000000 0.000000 0.000000 0.002171 0.999998
60.138172865 0.007021 0.993357 0.000000 0.000000 0.000000 0.002401 0.999997
60.220950127 0.007520 0.993642 0.000000 0.000000 0.000000 0.002414 0.999997
60.272440672 0.007806 0.993704 0.000000 0.000000 0.000000 0.002333 0.999997
60.365985632 0.007959 0.993729 0.000000 0.000000 0.000000 0.002195 0.999998
60.419920921 0.007760 0.992567 0.000000 0.000000 0.000000 0.002232 0.999998
60.517887354 0.007752 0.992355 0.000000 0.000000 0.000000 0.002187 0.999998
60.576246977 0.007620 0.992415 0.000000 0.000000 0.000000 0.002344 0.999997
60.661265135 0.007242 0.991890 0.000000 0.000000 0.000000 0.002362 0.999997
60.720116138 0.006583 0.992640 0.000000 0.000000 0.000000 0.002556 0.999997
60.806773424 0.006108 0.992071 0.000000 0.000000 0.000000 0.002661 0.999996
60.856551170 0.005402 0.992141 0.000000 0.000000 0.000000 0.002614 0.999997
60.954911470 0.005346 0.993367 0.000000 0.000000 0.000000 0.002659 0.999996
61.012297630 0.005991 0.993335 0.000000 0.000000 0.000000 0.002783 0.999996
61.109639168 0.005052 0.992729 0.000000 0.000000 0.000000 0.002830 0.999996
61.157109976 0.005515 0.993223 0.000000 0.000000 0.000000 0.002850 0.999996
61.239634752 0.005762 0.993552 0.000000 0.000000 0.000000 0.002824 0.999996
61.291578770 0.004579 0.993375 0.000000 0.000000 0.000000 0.002987 0.999996
61.377224922 0.004865 0.993386 0.000000 0.000000 0.000000 0.002833 0.999996
61.424571276 0.005276 0.993356 0.000000 0.000000 0.000000 0.002773 0.999996
61.517945051 0.004799 0.993866 0.000000 0.000000 0.000000 0.002720 0.999996
61.571182013 0.004718 0.993634 0.000000 0.000000 0.000000 0.002676 0.999996
61.674693108 0.004763 0.993539 0.000000 0.000000 0.000000 0.002657 0.999996
61.731230259 0.005784 0.993794 0.000000 0.000000 0.000000 0.002568 0.999997
61.823836803 0.006099 0.993137 0.000000 0.000000 0.000000 0.002413 0.999997
61.867137194 0.004748 0.992719 0.000000 0.000000 0.000000 0.002215 0.999998
61.957184315 0.004453 0.993204 0.000000 0.000000 0.000000 0.002280 0.999997
62.007257462 0.004224 0.993412 0.000000 0.000000 0.000000 0.002159 0.999998
62.096065044 0.004629 0.992775 0.000000 0.000000 0.000000 0.002420 0.999997
62.149833441 0.004860 0.992568 0.000000 0.000000 0.000000 0.002328 0.999997
62.231528997 0.021467 0.993437 0.000000 0.000000 0.000000 0.002392 0.999997
62.288254261 0.033543 0.992988 0.000000 0.000000 0.000000 0.002154 0.999998
62.372793436 0.049902 0.992898 0.000000 0.000000 0.000000 0.003069 0.999995
62.437046528 0.062886 0.992960 0.000000 0.000000 0.000000 0.002933 0.999996
62.518205643 0.078891 0.993197 0.000000 0.000000 0.000000 0.002669 0.999996
62.573649645 0.090096 0.993138 0.000000 0.000000 0.000000 0.002804 0.999996
62.658019066 0.107285 0.993153 0.000000 0.000000 0.000000 0.002914 0.999996
62.708748341 0.116615 0.993364 0.000000 0.000000 0.000000 0.002855 0.999996
62.802901506 0.135187 0.993605 0.000000 0.000000 0.000000 0.002834 0.999996
62.862125397 0.147327 0.994089 0.000000 0.000000 0.000000 0.002825 0.999996
62.944721937 0.164146 0.994348 0.000000 0.000000 0.000000 0.002986 0.999996
63.001682520 0.175837 0.994676 0.000000 0.000000 0.000000 0.002895 0.999996
63.096352816 0.195021 0.995296 0.000000 0.000000 0.000000 0.002925 0.999996
63.140980959 0.203540 0.994930 0.000000 0.000000 0.000000 0.002849 0.999996
63.224403381 0.219829 0.994966 0.000000 0.000000 0.000000 0.002783 0.999996
63.278097630 0.231265 0.994994 0.000000 0.000000 0.000000 0.002998 0.999996
63.378735542 0.249874 0.994555 0.000000 0.000000 0.000000 0.003059 0.999995
63.429337263 0.260269 0.994346 0.000000 0.000000 0.000000 0.003295 0.999995
63.507558107 0.275444 0.994748 0.000000 0.000000 0.000000 0.003067 0.999995
63.561244726 0.285879 0.994093 0.000000 0.000000 0.000000 0.003185 0.999995
63.651183605 0.303386 0.993873 0.000000 0.000000 0.000000 0.003056 0.999995
63.722069025 0.318126 0.993812 0.000000 0.000000 0.000000 0.003151 0.999995
63.818211794 0.336314 0.993927 0.000000 0.000000 0.000000 0.003020 0.999995
63.867984533 0.347344 0.993816 0.000000 0.000000 0.000000 0.003048 0.999995
63.954170942 0.364941 0.994163 0.000000 0.000000 0.000000 0.002917 0.999996
64.007827759 0.376374 0.994533 0.000000 0.000000 0.000000 0.002932 0.999996
64.098969221 0.394041 0.994541 0.000000 0.000000 0.000000 0.002854 0.999996
64.150251389 0.404591 0.996026 0.000000 0.000000 0.000000 0.003085 0.999995
64.240028858 0.422168 0.996776 0.000000 0.000000 0.000000 0.002876 0.999996
64.291742325 0.432060 0.997590 0.000000 0.000000 0.000000 0.003056 0.999995
64.384911537 0.450901 0.998141 0.000000 0.000000 0.000000 0.003208 0.999995
64.438662767 0.461537 0.997790 0.000000 0.000000 0.000000 0.003134 0.999995
64.529100657 0.478477 0.998251 0.000000 0.000000 0.000000 0.003279 0.999995
64.581606388 0.489242 0.998010 0.000000 0.000000 0.000000 0.003210 0.999995
64.666499376 0.506218 0.998097 0.000000 0.000000 0.000000 0.003239 0.999995
64.719514608 0.516564 0.997999 0.000000 0.000000 0.000000 0.003144 0.999995
64.801486015 0.532602 0.998311 0.000000 0.000000 0.000000 0.003290 0.999995
64.853920698 0.543019 0.998352 0.000000 0.000000 0.000000 0.003374 0.999994
64.943417788 0.560419 0.998874 0.000000 0.000000 0.000000 0.003564 0.999994
64.995023489 0.570382 0.998502 0.000000 0.000000 0.000000 0.003594 0.999994
65.076430798 0.586740 0.998476 0.000000 0.000000 0.000000 0.003289 0.999995
65.137303352 0.598803 0.998193 0.000000 0.000000 0.000000 0.003409 0.999994
65.235720634 0.618826 0.998479 0.000000 0.000000 0.000000 0.003545 0.999994
65.286878586 0.629059 0.998437 0.000000 0.000000 0.000000 0.003339 0.999994
65.388996363 0.649189 0.998417 0.000000 0.000000 0.000000 0.003346 0.999994
65.443364143 0.660442 0.998863 0.000000 0.000000 0.000000 0.003515 0.999994
65.533442974 0.678888 0.998290 0.000000 0.000000 0.000000 0.003319 0.999994
65.583643198 0.689067 0.997032 0.000000 0.000000 0.000000 0.003224 0.999995
65.666572094 0.705105 0.998688 0.000000 0.000000 0.000000 0.003084 0.999995
65.718314648 0.714157 0.997976 0.000000 0.000000 0.000000 0.002895 0.999996
65.813969851 0.732411 0.999014 0.000000 0.000000 0.000000 0.002971 0.999996
65.860479355 0.741945 0.999193 0.000000 0.000000 0.000000 0.003225 0.999995
65.949100494 0.759024 0.999505 0.000000 0.000000 0.000000 0.003336 0.999994
66.006313324 0.771428 1.000058 0.000000 0.000000 0.000000 0.003536 0.999994
66.091695070 0.788998 0.999245 0.000000 0.000000 0.000000 0.003932 0.999992
66.150105000 0.798191 1.001029 0.000000 0.000000 0.000000 0.004440 0.999990
66.245607138 0.817008 1.001697 0.000000 0.000000 0.000000 0.004390 0.999990
66.289936066 0.825696 1.001457 0.000000 0.000000 0.000000 0.004531 0.999990
66.374847174 0.842613 1.002276 0.000000 0.000000 0.000000 0.004526 0.999990
66.427448988 0.853682 1.002759 0.000000 0.000000 0.000000 0.004772 0.999989
66.515174389 0.870575 1.003063 0.000000 0.000000 0.000000 0.004690 0.999989
66.565155268 0.881425 1.003457 0.000000 0.000000 0.000000 0.004551 0.999990
66.668905973 0.902492 1.003186 0.000000 0.000000 0.000000 0.004769 0.999989
66.720251560 0.913357 1.004160 0.000000 0.000000 0.000000 0.004922 0.999988
66.818524122 0.933119 1.004069 0.000000 0.000000 0.000000 0.004711 0.999989
66.862034321 0.942111 1.003855 0.000000 0.000000 0.000000 0.004630 0.999989
66.948162079 0.959393 1.004623 0.000000 0.000000 0.000000 0.004534 0.999990
66.998103142 0.969559 1.004161 0.000000 0.000000 0.000000 0.004478 0.999990
67.100195885 0.989331 1.004905 0.000000 0.000000 0.000000 0.004589 0.999989
67.157076359 0.999756 1.005019 0.000000 0.000000 0.000000 0.004555 0.999990
67.269846916 1.022211 1.005580 0.000000 0.000000 0.000000 0.004587 0.999989
67.325706720 1.034121 1.005732 0.000000 0.000000 0.000000 0.004759 0.999989
67.417520761 1.052807 1.004860 0.000000 0.000000 0.000000 0.004793 0.999989
67.475314379 1.064381 1.005112 0.000000 0.000000 0.000000 0.004612 0.999989
67.587245464 1.086643 1.006446 0.000000 0.000000 0.000000 0.004388 0.999990
67.657504320 1.100223 1.006822 0.000000 0.000000 0.000000 0.004549 0.999990
67.744100571 1.116990 1.007048 0.000000 0.000000 0.000000 0.004554 0.999990
67.809964418 1.130024 1.006792 0.000000 0.000000 0.000000 0.004709 0.999989
67.907867193 1.150133 1.007164 0.000000 0.000000 0.000000 0.004621 0.999989
67.955658197 1.159349 1.007077 0.000000 0.000000 0.000000 0.004723 0.999989
68.043772697 1.177046 1.007272 0.000000 0.000000 0.000000 0.004572 0.999990
68.092056751 1.187488 1.007984 0.000000 0.000000 0.000000 0.004694 0.999989
68.198954105 1.208606 1.007964 0.000000 0.000000 0.000000 0.004779 0.999989
68.239401817 1.217056 1.007385 0.000000 0.000000 0.000000 0.004830 0.999988
68.334116697 1.235520 1.007653 0.000000 0.000000 0.000000 0.004680 0.999989
68.393169165 1.247677 1.008227 0.000000 0.000000 0.000000 0.004629 0.999989
68.488315105 1.266610 1.008919 0.000000 0.000000 0.000000 0.004979 0.999988
68.548655272 1.278087 1.008351 0.000000 0.000000 0.000000 0.005180 0.999987
68.628951550 1.293908 1.009055 0.000000 0.000000 0.000000 0.005023 0.999987
68.688163757 1.304759 1.009390 0.000000 0.000000 0.000000 0.004909 0.999988
68.771270037 1.321220 1.010173 0.000000 0.000000 0.000000 0.005030 0.999987
68.824939728 1.332623 1.009819 0.000000 0.000000 0.000000 0.005133 0.999987
68.927378178 1.353161 1.011202 0.000000 0.000000 0.000000 0.005290 0.999986
68.988554239 1.366087 1.011660 0.000000 0.000000 0.000000 0.005319 0.999986
69.091393948 1.386719 1.012006 0.000000 0.000000 0.000000 0.005311 0.999986
69.142657280 1.397905 1.012384 0.000000 0.000000 0.000000 0.005712 0.999984
69.226943970 1.414614 1.013639 0.000000 0.000000 0.000000 0.005638 0.999984
69.291504383 1.427389 1.013718 0.000000 0.000000 0.000000 0.005265 0.999986
69.395749092 1.447614 1.013756 0.000000 0.000000 0.000000 0.005023 0.999987
69.444655418 1.457443 1.012861 0.000000 0.000000 0.000000 0.004789 0.999989
69.543005466 1.477087 1.013076 0.000000 0.000000 0.000000 0.004813 0.999988
69.595045090 1.485392 1.012116 0.000000 0.000000 0.000000 0.004624 0.999989
69.695927858 1.503917 1.011272 0.000000 0.000000 0.000000 0.004704 0.999989
69.753221989 1.515826 1.011503 0.000000 0.000000 0.000000 0.004953 0.999988
69.852281094 1.536056 1.010795 0.000000 0.000000 0.000000 0.004835 0.999988
69.909631014 1.547645 1.010850 0.000000 0.000000 0.000000 0.004931 0.999988
70.003495455 1.566757 1.010404 0.000000 0.000000 0.000000 0.004921 0.999988
70.055417776 1.575469 1.010079 0.000000 0.000000 0.000000 0.004950 0.999988
70.137858391 1.591571 1.010144 0.000000 0.000000 0.000000 0.004761 0.999989
70.199167728 1.601499 1.008741 0.000000 0.000000 0.000000 0.004935 0.999988
70.302878618 1.621711 1.008456 0.000000 0.000000 0.000000 0.005009 0.999987
70.369396687 1.634335 1.007686 0.000000 0.000000 0.000000 0.005094 0.999987
70.461210728 1.652645 1.008309 0.000000 0.000000 0.000000 0.005119 0.999987
70.509778738 1.662366 1.007545 0.000000 0.000000 0.000000 0.004946 0.999988
70.599387646 1.680306 1.006933 0.000000 0.000000 0.000000 0.004917 0.999988
70.656033039 1.691144 1.006349 0.000000 0.000000 0.000000 0.004758 0.999989
70.768153429 1.713460 1.006861 0.000000 0.000000 0.000000 0.004772 0.999989
70.815999985 1.723276 1.006933 0.000000 0.000000 0.000000 0.004766 0.999989
70.900581121 1.739548 1.006978 0.000000 0.000000 0.000000 0.004710 0.999989
70.955633402 1.751289 1.006488 0.000000 0.000000 0.000000 0.004629 0.999989
71.042252779 1.769142 1.006829 0.000000 0.000000 0.000000 0.004444 0.999990
71.103641987 1.780901 1.006650 0.000000 0.000000 0.000000 0.004349 0.999991
71.186776161 1.797897 1.006670 0.000000 0.000000 0.000000 0.004443 0.999990
71.250498533 1.809906 1.006630 0.000000 0.000000 0.000000 0.004441 0.999990
71.341936827 1.815737 1.007506 0.000000 0.000000 0.000000 0.013509 0.999909
71.393325806 1.818711 1.007986 0.000000 0.000000 0.000000 0.018451 0.999830
71.487019539 1.823299 1.008618 0.000000 0.000000 0.000000 0.027798 0.999614
71.537977695 1.825480 1.008860 0.000000 0.000000 0.000000 0.032765 0.999463
71.626116753 1.830164 1.009163 0.000000 0.000000 0.000000 0.041315 0.999146
71.682151079 1.833227 1.008567 0.000000 0.000000 0.000000 0.046828 0.998903
71.763496399 1.837833 1.007279 0.000000 0.000000 0.000000 0.054782 0.998498
71.820455313 1.840615 1.006702 0.000000 0.000000 0.000000 0.060242 0.998184
71.918866396 1.845020 1.006734 0.000000 0.000000 0.000000 0.069799 0.997561
71.975845575 1.846143 1.006871 0.000000 0.000000 0.000000 0.075102 0.997176
72.068582535 1.849886 1.008218 0.000000 0.000000 0.000000 0.084400 0.996432
72.122643709 1.852367 1.008910 0.000000 0.000000 0.000000 0.089713 0.995968
72.217851877 1.870939 1.011430 0.000000 0.000000 0.000000 0.089526 0.995985
72.265589714 1.880154 1.012119 0.000000 0.000000 0.000000 0.089472 0.995989
72.354194641 1.898021 1.015690 0.000000 0.000000 0.000000 0.089457 0.995991
72.403216600 1.906863 1.017144 0.000000 0.000000 0.000000 0.089520 0.995985
72.504085302 1.926636 1.020530 0.000000 0.000000 0.000000 0.089530 0.995984
72.559812546 1.937928 1.023520 0.000000 0.000000 0.000000 0.089708 0.995968
72.641114473 1.953722 1.025072 0.000000 0.000000 0.000000 0.089634 0.995975
72.695553064 1.964700 1.027198 0.000000 0.000000 0.000000 0.089666 0.995972
72.784453154 1.981819 1.030779 0.000000 0.000000 0.000000 0.089719 0.995967
72.839464188 1.986012 1.030900 0.000000 0.000000 0.000000 0.095244 0.995454
72.931765556 1.989909 1.031396 0.000000 0.000000 0.000000 0.104026 0.994575
72.986810684 1.993950 1.031454 0.000000 0.000000 0.000000 0.109237 0.994016
73.071648121 1.997648 1.033137 0.000000 0.000000 0.000000 0.117375 0.993088
73.129702330 2.000024 1.032241 0.000000 0.000000 0.000000 0.123250 0.992376
73.227200508 2.004731 1.033954 0.000000 0.000000 0.000000 0.132790 0.991144
73.271549940 2.006421 1.034498 0.000000 0.000000 0.000000 0.137252 0.990536
73.365193605 2.024972 1.038999 0.000000 0.000000 0.000000 0.137433 0.990511
73.410813332 2.034244 1.041599 0.000000 0.000000 0.000000 0.137502 0.990501
73.495560646 2.050446 1.047334 0.000000 0.000000 0.000000 0.137594 0.990489
73.549853325 2.062447 1.049784 0.000000 0.000000 0.000000 0.137838 0.990455
73.635336399 2.078757 1.054317 0.000000 0.000000 0.000000 0.137871 0.990450
73.700213671 2.092252 1.057113 0.000000 0.000000 0.000000 0.137752 0.990467
73.794411182 2.109374 1.061035 0.000000 0.000000 0.000000 0.137826 0.990456
73.851395130 2.120480 1.060975 0.000000 0.000000 0.000000 0.137342 0.990524
73.934927464 2.136357 1.065868 0.000000 0.000000 0.000000 0.137313 0.990528
73.994324923 2.138822 1.066796 0.000000 0.000000 0.000000 0.142975 0.989726
74.076428652 2.142472 1.068088 0.000000 0.000000 0.000000 0.150855 0.988556
74.138641834 2.145318 1.069429 0.000000 0.000000 0.000000 0.157020 0.987595
74.232690811 2.149716 1.069790 0.000000 0.000000 0.000000 0.165920 0.986139
74.284757137 2.152323 1.070262 0.000000 0.000000 0.000000 0.170809 0.985304
74.368963718 2.156737 1.071735 0.000000 0.000000 0.000000 0.178952 0.983858
74.424954653 2.159461 1.072030 0.000000 0.000000 0.000000 0.184243 0.982881
74.512892008 2.163010 1.073709 0.000000 0.000000 0.000000 0.192918 0.981215
74.568120718 2.173462 1.077776 0.000000 0.000000 0.000000 0.193020 0.981195
74.659038782 2.190521 1.084356 0.000000 0.000000 0.000000 0.193122 0.981175
74.720528126 2.201930 1.088675 0.000000 0.000000 0.000000 0.193057 0.981188
74.807915449 2.218194 1.095182 0.000000 0.000000 0.000000 0.192884 0.981222
74.867791891 2.229021 1.099942 0.000000 0.000000 0.000000 0.192885 0.981221
74.956265450 2.246285 1.107167 0.000000 0.000000 0.000000 0.192806 0.981237
75.006022692 2.255594 1.110895 0.000000 0.000000 0.000000 0.192703 0.981257
75.093890429 2.271412 1.117196 0.000000 0.000000 0.000000 0.192702 0.981257
75.151803017 2.281587 1.122111 0.000000 0.000000 0.000000 0.192790 0.981240
75.237923384 2.298262 1.129011 0.000000 0.000000 0.000000 0.192765 0.981245
75.289012432 2.308200 1.133130 0.000000 0.000000 0.000000 0.192718 0.981254
75.377345324 2.324701 1.139649 0.000000 0.000000 0.000000 0.192549 0.981287
75.433693886 2.335008 1.143562 0.000000 0.000000 0.000000 0.192365 0.981323
75.537194490 2.354081 1.151745 0.000000 0.000000 0.000000 0.192480 0.981301
75.586070776 2.364236 1.154874 0.000000 0.000000 0.000000 0.192401 0.981316
75.689361572 2.383141 1.163639 0.000000 0.000000 0.000000 0.192498 0.981297
75.744805098 2.392989 1.167728 0.000000 0.000000 0.000000 0.192320 0.981332
75.826009274 2.407273 1.173925 0.000000 0.000000 0.000000 0.192169 0.981362
75.899021864 2.410962 1.175511 0.000000 0.000000 0.000000 0.199189 0.979961
75.992537260 2.416108 1.177117 0.000000 0.000000 0.000000 0.208311 0.978063
76.056124210 2.418503 1.177158 0.000000 0.000000 0.000000 0.214605 0.976701
76.141805172 2.421960 1.178971 0.000000 0.000000 0.000000 0.222859 0.974851
76.196712971 2.424524 1.180004 0.000000 0.000000 0.000000 0.227986 0.973664
76.279946327 2.427711 1.181473 0.000000 0.000000 0.000000 0.236006 0.971752
76.336917877 2.430505 1.183340 0.000000 0.000000 0.000000 0.241482 0.970405
76.431858301 2.434898 1.184693 0.000000 0.000000 0.000000 0.250287 0.968172
76.487337351 2.444373 1.190448 0.000000 0.000000 0.000000 0.250171 0.968202
76.576975346 2.459524 1.199387 0.000000 0.000000 0.000000 0.250177 0.968200
76.635664701 2.469009 1.205698 0.000000 0.000000 0.000000 0.250271 0.968176
76.736702204 2.487288 1.215746 0.000000 0.000000 0.000000 0.250177 0.968200
76.784813404 2.494812 1.219668 0.000000 0.000000 0.000000 0.250138 0.968210
76.872728825 2.510255 1.228056 0.000000 0.000000 0.000000 0.250073 0.968227
76.940669060 2.522745 1.233421 0.000000 0.000000 0.000000 0.250105 0.968219
77.039191484 2.539549 1.243110 0.000000 0.000000 0.000000 0.250058 0.968231
77.091496944 2.549120 1.248656 0.000000 0.000000 0.000000 0.249815 0.968294
77.178045034 2.553409 1.250950 0.000000 0.000000 0.000000 0.258074 0.966125
77.233334064 2.556362 1.251703 0.000000 0.000000 0.000000 0.263278 0.964720
77.321522951 2.560314 1.254189 0.000000 0.000000 0.000000 0.271497 0.962439
77.385615587 2.562163 1.255546 0.000000 0.000000 0.000000 0.277426 0.960747
77.482558012 2.577671 1.266404 0.000000 0.000000 0.000000 0.277590 0.960700
77.535058022 2.585847 1.272164 0.000000 0.000000 0.000000 0.277637 0.960686
77.635596514 2.597697 1.279682 0.000000 0.000000 0.000000 0.277298 0.960784
77.687636852 2.605672 1.284510 0.000000 0.000000 0.000000 0.277194 0.960814
77.783472538 2.621551 1.294915 0.000000 0.000000 0.000000 0.277030 0.960861
77.833787918 2.629347 1.300036 0.000000 0.000000 0.000000 0.277231 0.960803
77.940711260 2.646947 1.311363 0.000000 0.000000 0.000000 0.277389 0.960758
77.985099792 2.654772 1.316211 0.000000 0.000000 0.000000 0.277343 0.960771
78.074628830 2.669982 1.325500 0.000000 0.000000 0.000000 0.277534 0.960716
78.126539230 2.678833 1.331515 0.000000 0.000000 0.000000 0.277519 0.960720
78.225707769 2.683366 1.333819 0.000000 0.000000 0.000000 0.286939 0.957949
78.287621975 2.686371 1.334901 0.000000 0.000000 0.000000 0.292754 0.956188
78.371752024 2.699638 1.343739 0.000000 0.000000 0.000000 0.292765 0.956184
78.425225496 2.707676 1.349951 0.000000 0.000000 0.000000 0.292718 0.956199
78.525620699 2.724377 1.360468 0.000000 0.000000 0.000000 0.292717 0.956199
78.588539600 2.734254 1.367432 0.000000 0.000000 0.000000 0.292818 0.956168
78.670593977 2.747671 1.376627 0.000000 0.000000 0.000000 0.292779 0.956180
78.735427380 2.758544 1.384157 0.000000 0.000000 0.000000 0.292755 0.956187
78.827690363 2.773740 1.393565 0.000000 0.000000 0.000000 0.292573 0.956243
78.889282465 2.783253 1.400252 0.000000 0.000000 0.000000 0.292528 0.956257
78.986895561 2.799077 1.410565 0.000000 0.000000 0.000000 0.292386 0.956300
79.038242817 2.807386 1.417011 0.000000 0.000000 0.000000 0.292513 0.956262
79.133278370 2.812159 1.418863 0.000000 0.000000 0.000000 0.301446 0.953483
79.188038111 2.813812 1.420978 0.000000 0.000000 0.000000 0.306691 0.951809
79.274859905 2.817946 1.424075 0.000000 0.000000 0.000000 0.314661 0.949204
79.325020790 2.826486 1.429561 0.000000 0.000000 0.000000 0.314878 0.949132
79.419587612 2.841498 1.440724 0.000000 0.000000 0.000000 0.314903 0.949124
79.476016521 2.850613 1.447614 0.000000 0.000000 0.000000 0.315218 0.949019
79.572896481 2.866165 1.459394 0.000000 0.000000 0.000000 0.315293 0.948994
79.625355482 2.875132 1.465482 0.000000 0.000000 0.000000 0.315494 0.948928
79.715934038 2.889702 1.476106 0.000000 0.000000 0.000000 0.315519 0.948919
79.766192913 2.897535 1.481791 0.000000 0.000000 0.000000 0.315369 0.948969
79.851100206 2.911205 1.492977 0.000000 0.000000 0.000000 0.315409 0.948956
79.911969662 2.920401 1.499696 0.000000 0.000000 0.000000 0.315371 0.948969
80.005322218 2.935936 1.510400 0.000000 0.000000 0.000000 0.315374 0.948967
80.049822092 2.943299 1.515448 0.000000 0.000000 0.000000 0.315365 0.948970
80.144307137 2.958546 1.526505 0.000000 0.000000 0.000000 0.315248 0.949009
80.194717646 2.966284 1.533097 0.000000 0.000000 0.000000 0.315270 0.949002
80.283586025 2.969234 1.536645 0.000000 0.000000 0.000000 0.323570 0.946204
80.339012861 2.971664 1.538584 0.000000 0.000000 0.000000 0.328762 0.944413
80.432806969 2.975070 1.540312 0.000000 0.000000 0.000000 0.337317 0.941391
80.481657505 2.976478 1.542313 0.000000 0.000000 0.000000 0.341909 0.939733
80.570667744 2.980163 1.545873 0.000000 0.000000 0.000000 0.350410 0.936596
80.629180193 2.982545 1.548434 0.000000 0.000000 0.000000 0.355750 0.934581
80.725515127 2.986637 1.551589 0.000000 0.000000 0.000000 0.364619 0.931157
80.785824299 2.988741 1.553887 0.000000 0.000000 0.000000 0.370408 0.928869
80.885531425 2.992400 1.557550 0.000000 0.000000 0.000000 0.379499 0.925192
80.931448936 2.993564 1.558593 0.000000 0.000000 0.000000 0.383908 0.923371
81.023196459 3.006619 1.571306 0.000000 0.000000 0.000000 0.383736 0.923443
81.074112654 3.014145 1.578302 0.000000 0.000000 0.000000 0.383834 0.923402
81.169610262 3.026326 1.590352 0.000000 0.000000 0.000000 0.383831 0.923403
81.221564293 3.033717 1.597678 0.000000 0.000000 0.000000 0.383812 0.923411
81.317089081 3.047053 1.611515 0.000000 0.000000 0.000000 0.384154 0.923269
81.373459816 3.055755 1.619195 0.000000 0.000000 0.000000 0.384155 0.923269
81.468533754 3.068784 1.632784 0.000000 0.000000 0.000000 0.384138 0.923276
81.523016691 3.076712 1.640553 0.000000 0.000000 0.000000 0.384170 0.923262
81.598726511 3.087536 1.651389 0.000000 0.000000 0.000000 0.384118 0.923284
81.657386780 3.090220 1.652833 0.000000 0.000000 0.000000 0.389300 0.921111
81.743980408 3.094401 1.656386 0.000000 0.000000 0.000000 0.397027 0.917807
81.802433014 3.095495 1.658371 0.000000 0.000000 0.000000 0.402165 0.915567
81.892469883 3.099331 1.660832 0.000000 0.000000 0.000000 0.410211 0.911991
81.951400280 3.101587 1.662802 0.000000 0.000000 0.000000 0.415608 0.909544
82.051398516 3.105147 1.665189 0.000000 0.000000 0.000000 0.424569 0.905396
82.098116398 3.106674 1.666424 0.000000 0.000000 0.000000 0.428700 0.903447
82.188131332 3.117740 1.679829 0.000000 0.000000 0.000000 0.428917 0.903344
82.248149872 3.124974 1.688507 0.000000 0.000000 0.000000 0.429102 0.903256
82.336132288 3.136400 1.702401 0.000000 0.000000 0.000000 0.429280 0.903171
82.396090031 3.143880 1.711814 0.000000 0.000000 0.000000 0.429331 0.903147
82.493404388 3.155913 1.727064 0.000000 0.000000 0.000000 0.429268 0.903177
82.545469284 3.162222 1.735046 0.000000 0.000000 0.000000 0.429219 0.903200
82.645762682 3.174209 1.750262 0.000000 0.000000 0.000000 0.429296 0.903164
82.703368902 3.181735 1.758808 0.000000 0.000000 0.000000 0.429310 0.903157
82.786747932 3.192379 1.771302 0.000000 0.000000 0.000000 0.429393 0.903118
82.854153395 3.201734 1.781022 0.000000 0.000000 0.000000 0.429333 0.903146
82.943068027 3.213068 1.794877 0.000000 0.000000 0.000000 0.429378 0.903125
83.009804964 3.220658 1.804422 0.000000 0.000000 0.000000 0.429476 0.903078
83.085191727 3.229629 1.816298 0.000000 0.000000 0.000000 0.429575 0.903031
83.153803349 3.238529 1.826856 0.000000 0.000000 0.000000 0.429606 0.903017
83.241653681 3.248961 1.840830 0.000000 0.000000 0.000000 0.429459 0.903086
83.297069788 3.250762 1.842547 0.000000 0.000000 0.000000 0.434130 0.900850
83.389735460 3.253666 1.845510 0.000000 0.000000 0.000000 0.442289 0.896872
83.453119040 3.255416 1.848062 0.000000 0.000000 0.000000 0.447917 0.894075
83.537900448 3.258670 1.851275 0.000000 0.000000 0.000000 0.455316 0.890330
83.597048283 3.260393 1.854344 0.000000 0.000000 0.000000 0.460420 0.887701
83.717325926 3.263476 1.859296 0.000000 0.000000 0.000000 0.470797 0.882241
83.749479055 3.263924 1.859890 0.000000 0.000000 0.000000 0.473707 0.880683
83.838826418 3.266257 1.862657 0.000000 0.000000 0.000000 0.481319 0.876545
83.901724577 3.267685 1.864991 0.000000 0.000000 0.000000 0.486729 0.873553
83.992516994 3.269946 1.867945 0.000000 0.000000 0.000000 0.494317 0.869282
84.051721573 3.271439 1.870313 0.000000 0.000000 0.000000 0.499642 0.866232
84.156426907 3.273677 1.873893 0.000000 0.000000 0.000000 0.508372 0.861137
84.200500965 3.274867 1.875496 0.000000 0.000000 0.000000 0.512085 0.858935
84.283172131 3.282019 1.889337 0.000000 0.000000 0.000000 0.512035 0.858965
84.341853619 3.287499 1.899726 0.000000 0.000000 0.000000 0.512271 0.858824
84.440338135 3.297113 1.916895 0.000000 0.000000 0.000000 0.512315 0.858798
84.490278244 3.301983 1.925196 0.000000 0.000000 0.000000 0.512192 0.858871
84.590413809 3.311141 1.943111 0.000000 0.000000 0.000000 0.512158 0.858891
84.637861252 3.313048 1.946410 0.000000 0.000000 0.000000 0.516141 0.856504
84.731191397 3.315271 1.951365 0.000000 0.000000 0.000000 0.523983 0.851729
84.795961142 3.316772 1.953788 0.000000 0.000000 0.000000 0.529520 0.848298
84.885035038 3.318682 1.957914 0.000000 0.000000 0.000000 0.537031 0.843563
84.942189693 3.323405 1.968423 0.000000 0.000000 0.000000 0.537120 0.843506
85.035698891 3.330186 1.985258 0.000000 0.000000 0.000000 0.536965 0.843605
85.087255955 3.334588 1.994750 0.000000 0.000000 0.000000 0.536912 0.843638
85.177431345 3.341664 2.010816 0.000000 0.000000 0.000000 0.536829 0.843691
85.234461546 3.346524 2.020868 0.000000 0.000000 0.000000 0.536744 0.843745
85.317269802 3.354217 2.036003 0.000000 0.000000 0.000000 0.536667 0.843794
85.371974707 3.359868 2.045572 0.000000 0.000000 0.000000 0.536680 0.843786
85.478625298 3.362556 2.050289 0.000000 0.000000 0.000000 0.545417 0.838165
85.528799295 3.362452 2.051874 0.000000 0.000000 0.000000 0.549548 0.835462
85.623463392 3.363841 2.055449 0.000000 0.000000 0.000000 0.557205 0.830375
85.673765659 3.364537 2.057639 0.000000 0.000000 0.000000 0.561272 0.827631
85.763669968 3.370412 2.073226 0.000000 0.000000 0.000000 0.561281 0.827625
85.820935726 3.374660 2.083200 0.000000 0.000000 0.000000 0.561364 0.827569
85.910727024 3.380923 2.099847 0.000000 0.000000 0.000000 0.561386 0.827554
85.964876890 3.384767 2.109396 0.000000 0.000000 0.000000 0.561386 0.827554
86.051109076 3.390887 2.124748 0.000000 0.000000 0.000000 0.561355 0.827575
86.103527308 3.395002 2.134643 0.000000 0.000000 0.000000 0.561304 0.827610
86.201452255 3.402098 2.153053 0.000000 0.000000 0.000000 0.561033 0.827793
86.242657185 3.405158 2.160373 0.000000 0.000000 0.000000 0.561094 0.827752
86.334985495 3.411018 2.176877 0.000000 0.000000 0.000000 0.561020 0.827802
86.382092714 3.411599 2.179294 0.000000 0.000000 0.000000 0.564785 0.825238
86.472083092 3.413879 2.183670 0.000000 0.000000 0.000000 0.572111 0.820176
86.523828268 3.415009 2.186764 0.000000 0.000000 0.000000 0.576402 0.817166
86.615870237 3.416846 2.189751 0.000000 0.000000 0.000000 0.583771 0.811918
86.670076370 3.418231 2.192261 0.000000 0.000000 0.000000 0.588103 0.808786
86.774803400 3.425575 2.210768 0.000000 0.000000 0.000000 0.587983 0.808873
86.820199966 3.427135 2.219289 0.000000 0.000000 0.000000 0.588003 0.808859
86.919469357 3.433051 2.237753 0.000000 0.000000 0.000000 0.587878 0.808949
86.967871189 3.435938 2.246721 0.000000 0.000000 0.000000 0.587969 0.808883
87.056761026 3.440037 2.262674 0.000000 0.000000 0.000000 0.587794 0.809011
87.109259605 3.443459 2.271451 0.000000 0.000000 0.000000 0.587738 0.809051
87.192007065 3.449078 2.286250 0.000000 0.000000 0.000000 0.587767 0.809030
87.253980637 3.452478 2.296919 0.000000 0.000000 0.000000 0.587750 0.809043
87.349741697 3.454005 2.300974 0.000000 0.000000 0.000000 0.595257 0.803535
87.405018091 3.454927 2.303898 0.000000 0.000000 0.000000 0.599535 0.800349
87.485984564 3.456029 2.307310 0.000000 0.000000 0.000000 0.605842 0.795585
87.543567896 3.456262 2.308714 0.000000 0.000000 0.000000 0.610283 0.792183
87.634330273 3.456632 2.312179 0.000000 0.000000 0.000000 0.617338 0.786698
87.686902761 3.458369 2.314178 0.000000 0.000000 0.000000 0.621229 0.783629
87.787247896 3.459600 2.319006 0.000000 0.000000 0.000000 0.628898 0.777488
87.837472916 3.463113 2.327995 0.000000 0.000000 0.000000 0.628968 0.777431
87.916748285 3.466590 2.342755 0.000000 0.000000 0.000000 0.629034 0.777378
87.986268759 3.468871 2.355163 0.000000 0.000000 0.000000 0.629264 0.777192
88.086726427 3.473439 2.374567 0.000000 0.000000 0.000000 0.629181 0.777258
88.150101423 3.476269 2.386823 0.000000 0.000000 0.000000 0.628894 0.777491
88.240933418 3.477141 2.391106 0.000000 0.000000 0.000000 0.635965 0.771718
88.297403812 3.475844 2.393251 0.000000 0.000000 0.000000 0.640558 0.767910
88.386169910 3.476447 2.397261 0.000000 0.000000 0.000000 0.647062 0.762437
88.450335503 3.477009 2.400402 0.000000 0.000000 0.000000 0.651815 0.758378
88.535275698 3.477792 2.404240 0.000000 0.000000 0.000000 0.658084 0.752945
88.605426788 3.478499 2.407201 0.000000 0.000000 0.000000 0.663236 0.748410
88.683759212 3.477356 2.409847 0.000000 0.000000 0.000000 0.668853 0.743395
88.750116110 3.478328 2.422254 0.000000 0.000000 0.000000 0.668814 0.743429
88.851769447 3.479933 2.442072 0.000000 0.000000 0.000000 0.668747 0.743490
88.916266441 3.480985 2.454679 0.000000 0.000000 0.000000 0.668558 0.743660
89.002526760 3.483335 2.471191 0.000000 0.000000 0.000000 0.668742 0.743494
89.057895184 3.484245 2.481696 0.000000 0.000000 0.000000 0.668724 0.743511
89.140100241 3.485592 2.497809 0.000000 0.000000 0.000000 0.668639 0.743587
89.195465088 3.485479 2.500976 0.000000 0.000000 0.000000 0.672694 0.739921
89.289087772 3.484942 2.505879 0.000000 0.000000 0.000000 0.679719 0.733473
89.344048738 3.485081 2.508130 0.000000 0.000000 0.000000 0.683578 0.729877
89.440391302 3.484858 2.512513 0.000000 0.000000 0.000000 0.690597 0.723240
89.492968559 3.485377 2.514919 0.000000 0.000000 0.000000 0.694339 0.719648
89.607647657 3.486268 2.537794 0.000000 0.000000 0.000000 0.694334 0.719653
89.672281504 3.485977 2.550294 0.000000 0.000000 0.000000 0.694258 0.719726
89.768073082 3.485774 2.568732 0.000000 0.000000 0.000000 0.694374 0.719615
89.829360723 3.485986 2.581104 0.000000 0.000000 0.000000 0.694342 0.719645
89.918611765 3.486754 2.598895 0.000000 0.000000 0.000000 0.694302 0.719684
89.983339548 3.486531 2.611246 0.000000 0.000000 0.000000 0.694065 0.719912
90.075467348 3.487208 2.629386 0.000000 0.000000 0.000000 0.694010 0.719966
90.136802912 3.486905 2.641865 0.000000 0.000000 0.000000 0.693914 0.720058
90.217718840 3.486505 2.657927 0.000000 0.000000 0.000000 0.693922 0.720051
90.282570362 3.487214 2.670939 0.000000 0.000000 0.000000 0.693939 0.720033
90.377734184 3.488467 2.689813 0.000000 0.000000 0.000000 0.693887 0.720084
90.428593874 3.488549 2.699641 0.000000 0.000000 0.000000 0.694047 0.719930
90.510604858 3.489408 2.716439 0.000000 0.000000 0.000000 0.694089 0.719889
90.568803549 3.489433 2.727975 0.000000 0.000000 0.000000 0.694017 0.719959
90.669097900 3.490353 2.747933 0.000000 0.000000 0.000000 0.694046 0.719930
90.734403133 3.491206 2.761260 0.000000 0.000000 0.000000 0.694159 0.719822
90.817264557 3.491931 2.777904 0.000000 0.000000 0.000000 0.694048 0.719929
90.874949217 3.492575 2.789615 0.000000 0.000000 0.000000 0.693953 0.720020
90.977848291 3.494047 2.810862 0.000000 0.000000 0.000000 0.693894 0.720077
91.038990498 3.494993 2.823584 0.000000 0.000000 0.000000 0.693813 0.720155
91.132968187 3.496241 2.842232 0.000000 0.000000 0.000000 0.693725 0.720240
91.184181929 3.497359 2.852230 0.000000 0.000000 0.000000 0.693549 0.720409
91.277483940 3.498438 2.870134 0.000000 0.000000 0.000000 0.693687 0.720277
91.333750963 3.497977 2.881118 0.000000 0.000000 0.000000 0.693712 0.720253
91.435931683 3.498635 2.901190 0.000000 0.000000 0.000000 0.693753 0.720213
91.490885019 3.499162 2.912369 0.000000 0.000000 0.000000 0.693558 0.720400
91.596405983 3.500114 2.932960 0.000000 0.000000 0.000000 0.693449 0.720506
91.657889366 3.501229 2.946749 0.000000 0.000000 0.000000 0.693118 0.720824
91.744920015 3.501766 2.964187 0.000000 0.000000 0.000000 0.693195 0.720750
91.803375244 3.502164 2.976457 0.000000 0.000000 0.000000 0.693270 0.720678
91.889576912 3.502399 2.993470 0.000000 0.000000 0.000000 0.693453 0.720502
91.950321198 3.503083 3.005207 0.000000 0.000000 0.000000 0.693360 0.720591
92.040585995 3.506076 3.023759 0.000000 0.000000 0.000000 0.693566 0.720393
92.095539570 3.507052 3.034855 0.000000 0.000000 0.000000 0.693483 0.720473
92.180634975 3.507852 3.051719 0.000000 0.000000 0.000000 0.693625 0.720336
92.233907700 3.507363 3.061992 0.000000 0.000000 0.000000 0.693661 0.720302
92.324627161 3.508446 3.080167 0.000000 0.000000 0.000000 0.693766 0.720200
92.377721786 3.509473 3.090980 0.000000 0.000000 0.000000 0.693745 0.720220
92.477380037 3.511171 3.110906 0.000000 0.000000 0.000000 0.693711 0.720253
92.527386665 3.511649 3.121001 0.000000 0.000000 0.000000 0.693674 0.720289
92.615924358 3.511639 3.138388 0.000000 0.000000 0.000000 0.693870 0.720101
92.672314167 3.512707 3.148569 0.000000 0.000000 0.000000 0.693961 0.720012
92.773890257 3.513581 3.169345 0.000000 0.000000 0.000000 0.693947 0.720026
92.833395958 3.515293 3.181522 0.000000 0.000000 0.000000 0.693892 0.720080
92.924817085 3.516314 3.199003 0.000000 0.000000 0.000000 0.693879 0.720092
92.988978386 3.516914 3.212144 0.000000 0.000000 0.000000 0.693756 0.720210
93.100240469 3.518382 3.234626 0.000000 0.000000 0.000000 0.693815 0.720154
93.152472734 3.518567 3.245224 0.000000 0.000000 0.000000 0.693848 0.720122
93.248969555 3.519463 3.265505 0.000000 0.000000 0.000000 0.693891 0.720080
93.302347898 3.520325 3.275715 0.000000 0.000000 0.000000 0.693744 0.720222
93.402684212 3.521279 3.295793 0.000000 0.000000 0.000000 0.693550 0.720409
93.454676867 3.521590 3.306859 0.000000 0.000000 0.000000 0.693359 0.720592
93.552758694 3.521716 3.326029 0.000000 0.000000 0.000000 0.693429 0.720525
93.613630056 3.522126 3.338178 0.000000 0.000000 0.000000 0.693511 0.720446
93.707502604 3.523748 3.356894 0.000000 0.000000 0.000000 0.693536 0.720422
93.764230251 3.524130 3.368407 0.000000 0.000000 0.000000 0.693431 0.720523
93.873910427 3.524185 3.389938 0.000000 0.000000 0.000000 0.693332 0.720618
93.914932251 3.525036 3.398180 0.000000 0.000000 0.000000 0.693504 0.720453
94.005584240 3.526306 3.416110 0.000000 0.000000 0.000000 0.693590 0.720370
94.060539484 3.525829 3.426819 0.000000 0.000000 0.000000 0.693588 0.720372
94.156020403 3.526594 3.445828 0.000000 0.000000 0.000000 0.693397 0.720556
94.210253716 3.527624 3.456821 0.000000 0.000000 0.000000 0.693368 0.720584
94.306135893 3.528777 3.476326 0.000000 0.000000 0.000000 0.693521 0.720436
94.372974396 3.530074 3.490485 0.000000 0.000000 0.000000 0.693428 0.720526
94.471097946 3.530814 3.509795 0.000000 0.000000 0.000000 0.693318 0.720632
94.529613972 3.531696 3.521475 0.000000 0.000000 0.000000 0.693378 0.720574
94.627149820 3.531323 3.541370 0.000000 0.000000 0.000000 0.693347 0.720604
94.671769142 3.531973 3.550094 0.000000 0.000000 0.000000 0.693443 0.720511
94.763330460 3.532267 3.567489 0.000000 0.000000 0.000000 0.693559 0.720400
94.822440624 3.533468 3.580190 0.000000 0.000000 0.000000 0.693626 0.720336
94.912670851 3.533367 3.597715 0.000000 0.000000 0.000000 0.693600 0.720361
94.978972197 3.533765 3.611154 0.000000 0.000000 0.000000 0.693482 0.720474
95.068254471 3.533957 3.629013 0.000000 0.000000 0.000000 0.693594 0.720366
95.123470068 3.534738 3.640194 0.000000 0.000000 0.000000 0.693633 0.720328
95.210581541 3.535498 3.656424 0.000000 0.000000 0.000000 0.693708 0.720256
95.261231899 3.535076 3.666685 0.000000 0.000000 0.000000 0.693719 0.720246
95.358219862 3.535862 3.684467 0.000000 0.000000 0.000000 0.693804 0.720164
95.405269146 3.536961 3.693517 0.000000 0.000000 0.000000 0.693797 0.720171
95.495450497 3.537080 3.693983 0.000000 0.000000 0.000000 0.693688 0.720275
95.556711435 3.538429 3.693858 0.000000 0.000000 0.000000 0.693454 0.720501
95.654532194 3.538964 3.688985 0.000000 0.000000 0.000000 0.693475 0.720481
95.718507051 3.538645 3.688731 0.000000 0.000000 0.000000 0.693499 0.720458
95.809733868 3.538819 3.689222 0.000000 0.000000 0.000000 0.693523 0.720435
95.869915009 3.538705 3.689349 0.000000 0.000000 0.000000 0.693548 0.720410
95.968504429 3.538938 3.689372 0.000000 0.000000 0.000000 0.693700 0.720264
96.013655424 3.538107 3.689779 0.000000 0.000000 0.000000 0.693667 0.720296
96.105460644 3.538309 3.690349 0.000000 0.000000 0.000000 0.693655 0.720308
96.151817083 3.537599 3.690043 0.000000 0.000000 0.000000 0.693826 0.720143
96.249305487 3.537538 3.689451 0.000000 0.000000 0.000000 0.693802 0.720166
96.313171148 3.537237 3.689406 0.000000 0.000000 0.000000 0.693793 0.720174
96.411842108 3.536602 3.689482 0.000000 0.000000 0.000000 0.693891 0.720080
96.483254194 3.536874 3.689916 0.000000 0.000000 0.000000 0.693916 0.720056
96.576039553 3.536769 3.689921 0.000000 0.000000 0.000000 0.694076 0.719902
96.634468794 3.536926 3.690496 0.000000 0.000000 0.000000 0.694078 0.719899
96.723625898 3.537200 3.690687 0.000000 0.000000 0.000000 0.694080 0.719897
96.781600475 3.536905 3.691634 0.000000 0.000000 0.000000 0.694084 0.719894
96.866395235 3.536881 3.691844 0.000000 0.000000 0.000000 0.694156 0.719825
96.921135187 3.536564 3.693187 0.000000 0.000000 0.000000 0.694079 0.719899
97.019036293 3.537155 3.693470 0.000000 0.000000 0.000000 0.694049 0.719928
97.060910940 3.537564 3.693608 0.000000 0.000000 0.000000 0.694080 0.719898
97.153807163 3.537702 3.692882 0.000000 0.000000 0.000000 0.694199 0.719783
97.211027622 3.537810 3.693047 0.000000 0.000000 0.000000 0.694163 0.719818
97.305245876 3.537554 3.693398 0.000000 0.000000 0.000000 0.694170 0.719811
97.364989996 3.537351 3.693813 0.000000 0.000000 0.000000 0.694052 0.719925
97.465471268 3.537676 3.693745 0.000000 0.000000 0.000000 0.693936 0.720036
97.531141281 3.538476 3.693810 0.000000 0.000000 0.000000 0.694023 0.719953
97.607466698 3.538531 3.694757 0.000000 0.000000 0.000000 0.694066 0.719912
97.670571327 3.537655 3.694616 0.000000 0.000000 0.000000 0.694051 0.719926
97.761371374 3.538429 3.694621 0.000000 0.000000 0.000000 0.693965 0.720008
97.826786518 3.538944 3.695083 0.000000 0.000000 0.000000 0.694016 0.719959
97.904732704 3.539792 3.695438 0.000000 0.000000 0.000000 0.693894 0.720077
97.972033739 3.539199 3.694959 0.000000 0.000000 0.000000 0.693814 0.720154
98.065672398 3.539201 3.694662 0.000000 0.000000 0.000000 0.693767 0.720199
98.120881319 3.539405 3.694835 0.000000 0.000000 0.000000 0.693838 0.720131
98.209275961 3.539256 3.694800 0.000000 0.000000 0.000000 0.694020 0.719955
98.266049623 3.538506 3.695243 0.000000 0.000000 0.000000 0.694057 0.719920
98.353181839 3.538739 3.695278 0.000000 0.000000 0.000000 0.693956 0.720018
98.403073549 3.539242 3.695711 0.000000 0.000000 0.000000 0.693819 0.720150
98.490382910 3.538806 3.694880 0.000000 0.000000 0.000000 0.693754 0.720212
98.542252064 3.538355 3.694380 0.000000 0.000000 0.000000 0.693879 0.720091
98.624454260 3.538754 3.694518 0.000000 0.000000 0.000000 0.693873 0.720097
98.685510397 3.539499 3.695092 0.000000 0.000000 0.000000 0.693939 0.720034
98.779605627 3.538441 3.695434 0.000000 0.000000 0.000000 0.694009 0.719966
98.838194609 3.538652 3.695608 0.000000 0.000000 0.000000 0.694030 0.719946
98.929908276 3.538519 3.695746 0.000000 0.000000 0.000000 0.694054 0.719923
98.986426353 3.537353 3.696921 0.000000 0.000000 0.000000 0.694147 0.719834
99.090990067 3.537790 3.695661 0.000000 0.000000 0.000000 0.694301 0.719685
99.137984037 3.537516 3.694903 0.000000 0.000000 0.000000 0.694787 0.719216
99.222180128 3.538067 3.695081 0.000000 0.000000 0.000000 0.694779 0.719223
99.274515629 3.538103 3.695651 0.000000 0.000000 0.000000 0.694699 0.719300
99.372492313 3.538457 3.696199 0.000000 0.000000 0.000000 0.694629 0.719368
99.430688858 3.538725 3.696425 0.000000 0.000000 0.000000 0.694569 0.719427
99.544572830 3.538883 3.696367 0.000000 0.000000 0.000000 0.694485 0.719507
99.586899042 3.539316 3.696387 0.000000 0.000000 0.000000 0.694432 0.719558
99.684531927 3.539579 3.696704 0.000000 0.000000 0.000000 0.694439 0.719551
99.732462883 3.539668 3.696892 0.000000 0.000000 0.000000 0.694444 0.719546
99.817482233 3.540149 3.697232 0.000000 0.000000 0.000000 0.694398 0.719591
99.865893364 3.539891 3.697491 0.000000 0.000000 0.000000 0.694406 0.719584
99.974117994 3.539708 3.698183 0.000000 0.000000 0.000000 0.694585 0.719411
100.008396149 3.539335 3.698470 0.000000 0.000000 0.000000 0.694500 0.719493
100.099959850 3.538762 3.698955 0.000000 0.000000 0.000000 0.694652 0.719346
100.157341719 3.538756 3.698412 0.000000 0.000000 0.000000 0.694632 0.719365
100.251402378 3.539245 3.698139 0.000000 0.000000 0.000000 0.694687 0.719312
100.296842813 3.538912 3.697925 0.000000 0.000000 0.000000 0.694680 0.719319
100.386153460 3.538074 3.698156 0.000000 0.000000 0.000000 0.694736 0.719265
100.438560963 3.537867 3.697794 0.000000 0.000000 0.000000 0.694703 0.719297
100.523025513 3.537886 3.697601 0.000000 0.000000 0.000000 0.694693 0.719307
100.578892708 3.538051 3.697201 0.000000 0.000000 0.000000 0.694524 0.719470
100.666844606 3.538408 3.696991 0.000000 0.000000 0.000000 0.694522 0.719471
100.717916250 3.538763 3.696893 0.000000 0.000000 0.000000 0.694598 0.719398
100.814438343 3.539464 3.696589 0.000000 0.000000 0.000000 0.694454 0.719538
100.859156370 3.539103 3.697425 0.000000 0.000000 0.000000 0.694423 0.719567
100.952885628 3.538733 3.698256 0.000000 0.000000 0.000000 0.694433 0.719557
101.000487804 3.538626 3.698734 0.000000 0.000000 0.000000 0.694486 0.719507
101.085479736 3.538712 3.698603 0.000000 0.000000 0.000000 0.694310 0.719676
101.136031866 3.537793 3.697699 0.000000 0.000000 0.000000 0.694229 0.719754
101.229514122 3.537524 3.696958 0.000000 0.000000 0.000000 0.694242 0.719742
101.274351120 3.536976 3.695850 0.000000 0.000000 0.000000 0.694172 0.719809
101.373620749 3.535985 3.696112 0.000000 0.000000 0.000000 0.694229 0.719754
101.426921129 3.536120 3.695302 0.000000 0.000000 0.000000 0.694133 0.719847
101.521782160 3.535798 3.694601 0.000000 0.000000 0.000000 0.694211 0.719772
101.570658922 3.536874 3.693636 0.000000 0.000000 0.000000 0.694330 0.719657
101.657437325 3.537272 3.692780 0.000000 0.000000 0.000000 0.694338 0.719649
101.713495970 3.536306 3.692439 0.000000 0.000000 0.000000 0.694319 0.719667
101.799236774 3.536287 3.691867 0.000000 0.000000 0.000000 0.694202 0.719780
101.849389791 3.535200 3.691843 0.000000 0.000000 0.000000 0.694349 0.719639
101.945839167 3.535130 3.692250 0.000000 0.000000 0.000000 0.694458 0.719533
101.999189854 3.534938 3.691561 0.000000 0.000000 0.000000 0.694477 0.719515
102.086042404 3.535154 3.689888 0.000000 0.000000 0.000000 0.694537 0.719457
102.136522293 3.534949 3.689651 0.000000 0.000000 0.000000 0.694440 0.719551
102.221495152 3.534962 3.689668 0.000000 0.000000 0.000000 0.694443 0.719548
102.276251078 3.534241 3.689761 0.000000 0.000000 0.000000 0.694534 0.719459
102.367645025 3.533803 3.690249 0.000000 0.000000 0.000000 0.694525 0.719469
102.423708200 3.533538 3.690219 0.000000 0.000000 0.000000 0.694352 0.719636
102.525077105 3.531525 3.689793 0.000000 0.000000 0.000000 0.694304 0.719682
102.574762106 3.532342 3.687575 0.000000 0.000000 0.000000 0.694302 0.719683
102.674291134 3.532379 3.687087 0.000000 0.000000 0.000000 0.694176 0.719806
