56.000000000 0.000777 1.006646 0.000000 0.000000 0.000000 0.000430 1.000000
56.092626333 -0.006020 1.011862 0.000000 0.000000 0.000000 -0.001337 0.999999
56.136488199 -0.009292 1.014976 0.000000 0.000000 0.000000 -0.001254 0.999999
56.234569073 -0.011138 1.021736 0.000000 0.000000 0.000000 -0.000970 1.000000
56.291095257 -0.014594 1.025526 0.000000 0.000000 0.000000 -0.001223 0.999999
56.384810448 -0.015798 1.027121 0.000000 0.000000 0.000000 -0.001535 0.999999
56.432573795 -0.016790 1.027274 0.000000 0.000000 0.000000 -0.001281 0.999999
56.517774343 -0.017299 1.026148 0.000000 0.000000 0.000000 -0.001412 0.999999
56.566277504 -0.016943 1.025725 0.000000 0.000000 0.000000 -0.001292 0.999999
56.658776283 -0.017231 1.024998 0.000000 0.000000 0.000000 -0.001276 0.999999
56.719421625 -0.016329 1.025230 0.000000 0.000000 0.000000 -0.001384 0.999999
56.806190968 -0.016850 1.024421 0.000000 0.000000 0.000000 -0.001429 0.999999
56.859033823 -0.017885 1.025054 0.000000 0.000000 0.000000 -0.001699 0.999999
56.956225157 -0.017628 1.025539 0.000000 0.000000 0.000000 -0.001704 0.999999
56.992516994 -0.017805 1.025967 0.000000 0.000000 0.000000 -0.001808 0.999998
57.085117579 -0.016503 1.025520 0.000000 0.000000 0.000000 -0.001557 0.999999
57.135342836 -0.016557 1.025647 0.000000 0.000000 0.000000 -0.001365 0.999999
57.226917267 -0.013321 1.024941 0.000000 0.000000 0.000000 -0.001073 0.999999
57.280653477 -0.012098 1.024204 0.000000 0.000000 0.000000 -0.000839 1.000000
57.376023293 -0.011649 1.021554 0.000000 0.000000 0.000000 -0.000805 1.000000
57.421943903 -0.011503 1.020675 0.000000 0.000000 0.000000 -0.000760 1.000000
57.506844759 -0.008855 1.020385 0.000000 0.000000 0.000000 -0.000571 1.000000
57.561612844 -0.009366 1.020759 0.000000 0.000000 0.000000 -0.000615 1.000000
57.661116600 -0.008287 1.020709 0.000000 0.000000 0.000000 -0.000243 1.000000
57.713097334 -0.008677 1.020110 0.000000 0.000000 0.000000 -0.000320 1.000000
57.818692207 -0.008202 1.019913 0.000000 0.000000 0.000000 -0.000556 1.000000
57.857132435 -0.006672 1.020057 0.000000 0.000000 0.000000 -0.000834 1.000000
57.942367077 -0.008256 1.019623 0.000000 0.000000 0.000000 -0.000829 1.000000
57.993121147 -0.007251 1.019455 0.000000 0.000000 0.000000 -0.000825 1.000000
58.084053516 -0.005819 1.018236 0.000000 0.000000 0.000000 -0.000855 1.000000
58.134043932 -0.006575 1.017692 0.000000 0.000000 0.000000 -0.000935 1.000000
58.226578236 -0.008292 1.018286 0.000000 0.000000 0.000000 -0.000882 1.000000
58.278188705 -0.008992 1.017622 0.000000 0.000000 0.000000 -0.000528 1.000000
58.375108480 -0.009248 1.017022 0.000000 0.000000 0.000000 -0.000476 1.000000
58.432198524 -0.011197 1.017081 0.000000 0.000000 0.000000 -0.000410 1.000000
58.513686180 -0.011003 1.017575 0.000000 0.000000 0.000000 -0.000237 1.000000
58.577755451 -0.011082 1.017196 0.000000 0.000000 0.000000 -0.000194 1.000000
58.663658381 -0.011650 1.018039 0.000000 0.000000 0.000000 -0.000396 1.000000
58.721382856 -0.010989 1.018334 0.000000 0.000000 0.000000 -0.000497 1.000000
58.811643362 -0.012025 1.018621 0.000000 0.000000 0.000000 -0.000522 1.000000
58.859117508 -0.012272 1.018602 0.000000 0.000000 0.000000 -0.000640 1.000000
58.954252720 -0.012683 1.019465 0.000000 0.000000 0.000000 -0.000799 1.000000
59.016629219 -0.012889 1.020060 0.000000 0.000000 0.000000 -0.000872 1.000000
59.106379747 -0.012751 1.020277 0.000000 0.000000 0.000000 -0.000827 1.000000
59.158839226 -0.014101 1.020104 0.000000 0.000000 0.000000 -0.000750 1.000000
59.239713192 -0.013719 1.019921 0.000000 0.000000 0.000000 -0.000817 1.000000
59.295119047 -0.013427 1.019211 0.000000 0.000000 0.000000 -0.000545 1.000000
59.400145054 -0.014321 1.019419 0.000000 0.000000 0.000000 -0.000459 1.000000
59.447155952 -0.014740 1.018296 0.000000 0.000000 0.000000 -0.000673 1.000000
59.543852329 -0.013922 1.017334 0.000000 0.000000 0.000000 -0.000647 1.000000
59.590034962 -0.013588 1.017188 0.000000 0.000000 0.000000 -0.000657 1.000000
59.665421247 -0.013029 1.016871 0.000000 0.000000 0.000000 -0.000493 1.000000
59.720851421 -0.013376 1.015389 0.000000 0.000000 0.000000 -0.000417 1.000000
59.805132151 -0.013130 1.014757 0.000000 0.000000 0.000000 -0.000451 1.000000
59.860359430 -0.011951 1.014330 0.000000 0.000000 0.000000 -0.000493 1.000000
59.957119226 -0.011335 1.013969 0.000000 0.000000 0.000000 -0.000677 1.000000
60.005816936 -0.011637 1.015069 0.000000 0.000000 0.000000 -0.000835 1.000000
60.089397669 -0.012829 1.018712 0.000000 0.000000 0.000000 -0.001017 0.999999
60.138172865 -0.011112 1.019371 0.000000 0.000000 0.000000 -0.001027 0.999999
60.220950127 -0.010778 1.018944 0.000000 0.000000 0.000000 -0.001285 0.999999
60.272440672 -0.009691 1.019371 0.000000 0.000000 0.000000 -0.001287 0.999999
60.365985632 -0.008549 1.021162 0.000000 0.000000 0.000000 -0.001178 0.999999
60.419920921 -0.007704 1.021474 0.000000 0.000000 0.000000 -0.001333 0.999999
60.517887354 -0.007264 1.021936 0.000000 0.000000 0.000000 -0.001116 0.999999
60.576246977 -0.006525 1.021910 0.000000 0.000000 0.000000 -0.001145 0.999999
60.661265135 -0.006074 1.021501 0.000000 0.000000 0.000000 -0.001046 0.999999
60.720116138 -0.005052 1.022111 0.000000 0.000000 0.000000 -0.001101 0.999999
60.806773424 -0.003998 1.021849 0.000000 0.000000 0.000000 -0.000987 1.000000
60.856551170 -0.002930 1.022013 0.000000 0.000000 0.000000 -0.000904 1.000000
60.954911470 -0.002532 1.024112 0.000000 0.000000 0.000000 -0.001051 0.999999
61.012297630 -0.002515 1.023829 0.000000 0.000000 0.000000 -0.001227 0.999999
61.109639168 -0.003677 1.022172 0.000000 0.000000 0.000000 -0.001199 0.999999
61.157109976 -0.005265 1.022319 0.000000 0.000000 0.000000 -0.001226 0.999999
61.239634752 -0.005405 1.021693 0.000000 0.000000 0.000000 -0.001313 0.999999
61.291578770 -0.005797 1.022013 0.000000 0.000000 0.000000 -0.001617 0.999999
61.377224922 -0.005683 1.021231 0.000000 0.000000 0.000000 -0.001604 0.999999
61.424571276 -0.007447 1.021053 0.000000 0.000000 0.000000 -0.001384 0.999999
61.517945051 -0.008539 1.021866 0.000000 0.000000 0.000000 -0.001440 0.999999
61.571182013 -0.007842 1.022290 0.000000 0.000000 0.000000 -0.001636 0.999999
61.674693108 -0.007269 1.022570 0.000000 0.000000 0.000000 -0.001462 0.999999
61.731230259 -0.007069 1.021887 0.000000 0.000000 0.000000 -0.001123 0.999999
61.823836803 -0.005694 1.021455 0.000000 0.000000 0.000000 -0.001011 0.999999
61.867137194 -0.006666 1.022125 0.000000 0.000000 0.000000 -0.001154 0.999999
61.957184315 -0.007356 1.021961 0.000000 0.000000 0.000000 -0.001216 0.999999
62.007257462 -0.007220 1.022050 0.000000 0.000000 0.000000 -0.001300 0.999999
62.096065044 -0.007917 1.022677 0.000000 0.000000 0.000000 -0.001567 0.999999
62.149833441 -0.008503 1.022466 0.000000 0.000000 0.000000 -0.001568 0.999999
62.231528997 0.003309 1.023697 0.000000 0.000000 0.000000 -0.001369 0.999999
62.288254261 0.012934 1.024804 0.000000 0.000000 0.000000 -0.001387 0.999999
62.372793436 0.027926 1.025412 0.000000 0.000000 0.000000 -0.001276 0.999999
62.437046528 0.039093 1.024636 0.000000 0.000000 0.000000 -0.001190 0.999999
62.518205643 0.053655 1.023313 0.000000 0.000000 0.000000 -0.000925 1.000000
62.573649645 0.062747 1.022581 0.000000 0.000000 0.000000 -0.000729 1.000000
62.658019066 0.076723 1.022843 0.000000 0.000000 0.000000 -0.000519 1.000000
62.708748341 0.086665 1.023362 0.000000 0.000000 0.000000 -0.000283 1.000000
62.802901506 0.103065 1.023707 0.000000 0.000000 0.000000 -0.000225 1.000000
62.862125397 0.114238 1.025106 0.000000 0.000000 0.000000 0.000042 1.000000
62.944721937 0.129728 1.024774 0.000000 0.000000 0.000000 0.000136 1.000000
63.001682520 0.139186 1.025726 0.000000 0.000000 0.000000 0.000146 1.000000
63.096352816 0.156321 1.025067 0.000000 0.000000 0.000000 0.000238 1.000000
63.140980959 0.164193 1.024653 0.000000 0.000000 0.000000 0.000236 1.000000
63.224403381 0.178803 1.024832 0.000000 0.000000 0.000000 0.000161 1.000000
63.278097630 0.188337 1.024745 0.000000 0.000000 0.000000 0.000336 1.000000
63.378735542 0.204971 1.024786 0.000000 0.000000 0.000000 0.000536 1.000000
63.429337263 0.212342 1.024652 0.000000 0.000000 0.000000 0.000745 1.000000
63.507558107 0.224186 1.024015 0.000000 0.000000 0.000000 0.000933 1.000000
63.561244726 0.232634 1.024522 0.000000 0.000000 0.000000 0.000936 1.000000
63.651183605 0.247083 1.025367 0.000000 0.000000 0.000000 0.000919 1.000000
63.722069025 0.258374 1.025078 0.000000 0.000000 0.000000 0.001080 0.999999
63.818211794 0.275446 1.023794 0.000000 0.000000 0.000000 0.001023 0.999999
63.867984533 0.283675 1.023658 0.000000 0.000000 0.000000 0.000772 1.000000
63.954170942 0.297371 1.022206 0.000000 0.000000 0.000000 0.000627 1.000000
64.007827759 0.306412 1.021195 0.000000 0.000000 0.000000 0.000481 1.000000
64.098969221 0.321277 1.020695 0.000000 0.000000 0.000000 0.000512 1.000000
64.150251389 0.330283 1.021104 0.000000 0.000000 0.000000 0.000616 1.000000
64.240028858 0.346696 1.020416 0.000000 0.000000 0.000000 0.000693 1.000000
64.291742325 0.355629 1.021582 0.000000 0.000000 0.000000 0.000690 1.000000
64.384911537 0.372739 1.023699 0.000000 0.000000 0.000000 0.000929 1.000000
64.438662767 0.380574 1.024576 0.000000 0.000000 0.000000 0.000994 1.000000
64.529100657 0.396365 1.023704 0.000000 0.000000 0.000000 0.000951 1.000000
64.581606388 0.405453 1.023299 0.000000 0.000000 0.000000 0.000708 1.000000
64.666499376 0.420339 1.023250 0.000000 0.000000 0.000000 0.000811 1.000000
64.719514608 0.428917 1.022216 0.000000 0.000000 0.000000 0.000820 1.000000
64.801486015 0.442711 1.021656 0.000000 0.000000 0.000000 0.001136 0.999999
64.853920698 0.451559 1.021360 0.000000 0.000000 0.000000 0.001229 0.999999
64.943417788 0.465845 1.019896 0.000000 0.000000 0.000000 0.001213 0.999999
64.995023489 0.473473 1.019593 0.000000 0.000000 0.000000 0.001237 0.999999
65.076430798 0.487333 1.017664 0.000000 0.000000 0.000000 0.000862 1.000000
65.137303352 0.496476 1.017820 0.000000 0.000000 0.000000 0.000759 1.000000
65.235720634 0.512394 1.016519 0.000000 0.000000 0.000000 0.000685 1.000000
65.286878586 0.520449 1.015234 0.000000 0.000000 0.000000 0.000959 1.000000
65.388996363 0.537688 1.014640 0.000000 0.000000 0.000000 0.001050 0.999999
65.443364143 0.547436 1.012492 0.000000 0.000000 0.000000 0.000691 1.000000
65.533442974 0.563209 1.012892 0.000000 0.000000 0.000000 0.000445 1.000000
65.583643198 0.571883 1.012971 0.000000 0.000000 0.000000 0.000422 1.000000
65.666572094 0.585214 1.013105 0.000000 0.000000 0.000000 0.000603 1.000000
65.718314648 0.594807 1.012385 0.000000 0.000000 0.000000 0.000889 1.000000
65.813969851 0.611214 1.013731 0.000000 0.000000 0.000000 0.001041 0.999999
65.860479355 0.619142 1.013575 0.000000 0.000000 0.000000 0.001007 0.999999
65.949100494 0.634370 1.013767 0.000000 0.000000 0.000000 0.001131 0.999999
66.006313324 0.645317 1.013975 0.000000 0.000000 0.000000 0.001176 0.999999
66.091695070 0.659364 1.014511 0.000000 0.000000 0.000000 0.001339 0.999999
66.150105000 0.668724 1.013873 0.000000 0.000000 0.000000 0.001293 0.999999
66.245607138 0.687035 1.014114 0.000000 0.000000 0.000000 0.001321 0.999999
66.289936066 0.693515 1.014054 0.000000 0.000000 0.000000 0.001412 0.999999
66.374847174 0.707863 1.013564 0.000000 0.000000 0.000000 0.001735 0.999998
66.427448988 0.714945 1.013823 0.000000 0.000000 0.000000 0.001743 0.999998
66.515174389 0.730692 1.012900 0.000000 0.000000 0.000000 0.001891 0.999998
66.565155268 0.740693 1.012671 0.000000 0.000000 0.000000 0.002132 0.999998
66.668905973 0.758312 1.011986 0.000000 0.000000 0.000000 0.002296 0.999997
66.720251560 0.767594 1.011763 0.000000 0.000000 0.000000 0.002571 0.999997
66.818524122 0.784970 1.011063 0.000000 0.000000 0.000000 0.002631 0.999997
66.862034321 0.792774 1.010284 0.000000 0.000000 0.000000 0.002751 0.999996
66.948162079 0.807538 1.010012 0.000000 0.000000 0.000000 0.003072 0.999995
66.998103142 0.815216 1.009730 0.000000 0.000000 0.000000 0.003124 0.999995
67.100195885 0.832492 1.009615 0.000000 0.000000 0.000000 0.003319 0.999994
67.157076359 0.843072 1.009087 0.000000 0.000000 0.000000 0.003241 0.999995
67.269846916 0.863183 1.008337 0.000000 0.000000 0.000000 0.003427 0.999994
67.325706720 0.874228 1.007202 0.000000 0.000000 0.000000 0.003488 0.999994
67.417520761 0.891481 1.006276 0.000000 0.000000 0.000000 0.003590 0.999994
67.475314379 0.902609 1.006093 0.000000 0.000000 0.000000 0.003801 0.999993
67.587245464 0.924124 1.006984 0.000000 0.000000 0.000000 0.003829 0.999993
67.657504320 0.938339 1.008094 0.000000 0.000000 0.000000 0.004055 0.999992
67.744100571 0.955155 1.007490 0.000000 0.000000 0.000000 0.003968 0.999992
67.809964418 0.968199 1.007513 0.000000 0.000000 0.000000 0.004196 0.999991
67.907867193 0.985286 1.006640 0.000000 0.000000 0.000000 0.004224 0.999991
67.955658197 0.994944 1.005254 0.000000 0.000000 0.000000 0.004134 0.999991
68.043772697 1.011487 1.006532 0.000000 0.000000 0.000000 0.004461 0.999990
68.092056751 1.019820 1.006632 0.000000 0.000000 0.000000 0.004578 0.999990
68.198954105 1.039403 1.006142 0.000000 0.000000 0.000000 0.004678 0.999989
68.239401817 1.048281 1.005903 0.000000 0.000000 0.000000 0.004528 0.999990
68.334116697 1.063684 1.006654 0.000000 0.000000 0.000000 0.004712 0.999989
68.393169165 1.074362 1.005794 0.000000 0.000000 0.000000 0.004808 0.999988
68.488315105 1.091606 1.006130 0.000000 0.000000 0.000000 0.004704 0.999989
68.548655272 1.104332 1.006377 0.000000 0.000000 0.000000 0.004899 0.999988
68.628951550 1.119608 1.007645 0.000000 0.000000 0.000000 0.004879 0.999988
68.688163757 1.130072 1.007923 0.000000 0.000000 0.000000 0.004840 0.999988
68.771270037 1.142911 1.008001 0.000000 0.000000 0.000000 0.004942 0.999988
68.824939728 1.151966 1.007768 0.000000 0.000000 0.000000 0.004714 0.999989
68.927378178 1.169981 1.007799 0.000000 0.000000 0.000000 0.004914 0.999988
68.988554239 1.181105 1.008218 0.000000 0.000000 0.000000 0.004662 0.999989
69.091393948 1.199470 1.008154 0.000000 0.000000 0.000000 0.004687 0.999989
69.142657280 1.209590 1.008594 0.000000 0.000000 0.000000 0.004548 0.999990
69.226943970 1.224798 1.008398 0.000000 0.000000 0.000000 0.004611 0.999989
69.291504383 1.236148 1.008167 0.000000 0.000000 0.000000 0.004538 0.999990
69.395749092 1.255560 1.008425 0.000000 0.000000 0.000000 0.004860 0.999988
69.444655418 1.266023 1.009835 0.000000 0.000000 0.000000 0.005113 0.999987
69.543005466 1.284243 1.008398 0.000000 0.000000 0.000000 0.005412 0.999985
69.595045090 1.293366 1.009169 0.000000 0.000000 0.000000 0.005838 0.999983
69.695927858 1.311650 1.010373 0.000000 0.000000 0.000000 0.006193 0.999981
69.753221989 1.323546 1.009606 0.000000 0.000000 0.000000 0.006267 0.999980
69.852281094 1.341754 1.010068 0.000000 0.000000 0.000000 0.006427 0.999979
69.909631014 1.353668 1.011823 0.000000 0.000000 0.000000 0.006008 0.999982
70.003495455 1.371493 1.013121 0.000000 0.000000 0.000000 0.006399 0.999980
70.055417776 1.381739 1.013668 0.000000 0.000000 0.000000 0.006537 0.999979
70.137858391 1.396344 1.015593 0.000000 0.000000 0.000000 0.006827 0.999977
70.199167728 1.407180 1.016112 0.000000 0.000000 0.000000 0.006674 0.999978
70.302878618 1.426120 1.018502 0.000000 0.000000 0.000000 0.006685 0.999978
70.369396687 1.439014 1.019530 0.000000 0.000000 0.000000 0.006847 0.999977
70.461210728 1.456212 1.021047 0.000000 0.000000 0.000000 0.006897 0.999976
70.509778738 1.463303 1.021441 0.000000 0.000000 0.000000 0.006804 0.999977
70.599387646 1.477630 1.022515 0.000000 0.000000 0.000000 0.007066 0.999975
70.656033039 1.487738 1.022333 0.000000 0.000000 0.000000 0.007107 0.999975
70.768153429 1.509654 1.023413 0.000000 0.000000 0.000000 0.007498 0.999972
70.815999985 1.520499 1.022022 0.000000 0.000000 0.000000 0.007366 0.999973
70.900581121 1.536157 1.022681 0.000000 0.000000 0.000000 0.007131 0.999975
70.955633402 1.546705 1.021301 0.000000 0.000000 0.000000 0.007136 0.999975
71.042252779 1.562390 1.021490 0.000000 0.000000 0.000000 0.007404 0.999973
71.103641987 1.573038 1.020900 0.000000 0.000000 0.000000 0.007407 0.999973
71.186776161 1.587406 1.022358 0.000000 0.000000 0.000000 0.007825 0.999969
71.250498533 1.598275 1.021608 0.000000 0.000000 0.000000 0.007811 0.999969
71.341936827 1.603818 1.021955 0.000000 0.000000 0.000000 0.014802 0.999890
71.393325806 1.606638 1.022063 0.000000 0.000000 0.000000 0.018567 0.999828
71.487019539 1.611645 1.022350 0.000000 0.000000 0.000000 0.025691 0.999670
71.537977695 1.612338 1.022535 0.000000 0.000000 0.000000 0.028900 0.999582
71.626116753 1.615912 1.020314 0.000000 0.000000 0.000000 0.035073 0.999385
71.682151079 1.617210 1.020181 0.000000 0.000000 0.000000 0.039215 0.999231
71.763496399 1.618681 1.020693 0.000000 0.000000 0.000000 0.045009 0.998987
71.820455313 1.619388 1.020986 0.000000 0.000000 0.000000 0.048744 0.998811
71.918866396 1.622720 1.021330 0.000000 0.000000 0.000000 0.056670 0.998393
71.975845575 1.623817 1.020719 0.000000 0.000000 0.000000 0.060454 0.998171
72.068582535 1.625808 1.019225 0.000000 0.000000 0.000000 0.066592 0.997780
72.122643709 1.627206 1.019519 0.000000 0.000000 0.000000 0.070064 0.997543
72.217851877 1.641811 1.020610 0.000000 0.000000 0.000000 0.069949 0.997551
72.265589714 1.648866 1.021611 0.000000 0.000000 0.000000 0.070309 0.997525
72.354194641 1.663281 1.022818 0.000000 0.000000 0.000000 0.070210 0.997532
72.403216600 1.671235 1.025428 0.000000 0.000000 0.000000 0.070400 0.997519
72.504085302 1.689565 1.028150 0.000000 0.000000 0.000000 0.070901 0.997483
72.559812546 1.701453 1.029597 0.000000 0.000000 0.000000 0.070861 0.997486
72.641114473 1.717371 1.031933 0.000000 0.000000 0.000000 0.070715 0.997497
72.695553064 1.728312 1.032224 0.000000 0.000000 0.000000 0.070468 0.997514
72.784453154 1.744940 1.035405 0.000000 0.000000 0.000000 0.070869 0.997486
72.839464188 1.749939 1.036575 0.000000 0.000000 0.000000 0.074718 0.997205
72.931765556 1.754558 1.038176 0.000000 0.000000 0.000000 0.080681 0.996740
72.986810684 1.758598 1.039363 0.000000 0.000000 0.000000 0.084296 0.996441
73.071648121 1.763086 1.039814 0.000000 0.000000 0.000000 0.090062 0.995936
73.129702330 1.763036 1.039982 0.000000 0.000000 0.000000 0.094080 0.995565
73.227200508 1.764941 1.038198 0.000000 0.000000 0.000000 0.101027 0.994884
73.271549940 1.765282 1.038126 0.000000 0.000000 0.000000 0.104149 0.994562
73.365193605 1.779074 1.040894 0.000000 0.000000 0.000000 0.103967 0.994581
73.410813332 1.784986 1.042484 0.000000 0.000000 0.000000 0.103965 0.994581
73.495560646 1.800743 1.045703 0.000000 0.000000 0.000000 0.103997 0.994578
73.549853325 1.811301 1.047012 0.000000 0.000000 0.000000 0.103886 0.994589
73.635336399 1.828117 1.050348 0.000000 0.000000 0.000000 0.104145 0.994562
73.700213671 1.840410 1.051783 0.000000 0.000000 0.000000 0.104276 0.994548
73.794411182 1.856439 1.054020 0.000000 0.000000 0.000000 0.104372 0.994538
73.851395130 1.866730 1.055320 0.000000 0.000000 0.000000 0.104431 0.994532
73.934927464 1.881968 1.058250 0.000000 0.000000 0.000000 0.104979 0.994474
73.994324923 1.886741 1.058403 0.000000 0.000000 0.000000 0.109271 0.994012
74.076428652 1.892406 1.060056 0.000000 0.000000 0.000000 0.115104 0.993353
74.138641834 1.894460 1.060055 0.000000 0.000000 0.000000 0.119438 0.992842
74.232690811 1.896070 1.060141 0.000000 0.000000 0.000000 0.126527 0.991963
74.284757137 1.895978 1.058012 0.000000 0.000000 0.000000 0.130138 0.991496
74.368963718 1.898323 1.057262 0.000000 0.000000 0.000000 0.136338 0.990662
74.424954653 1.901122 1.056066 0.000000 0.000000 0.000000 0.140168 0.990128
74.512892008 1.902560 1.054668 0.000000 0.000000 0.000000 0.146535 0.989205
74.568120718 1.910491 1.054890 0.000000 0.000000 0.000000 0.146506 0.989210
74.659038782 1.923487 1.059796 0.000000 0.000000 0.000000 0.146863 0.989157
74.720528126 1.932957 1.063816 0.000000 0.000000 0.000000 0.147074 0.989126
74.807915449 1.948480 1.068033 0.000000 0.000000 0.000000 0.147159 0.989113
74.867791891 1.959461 1.071736 0.000000 0.000000 0.000000 0.147240 0.989101
74.956265450 1.974559 1.076347 0.000000 0.000000 0.000000 0.147405 0.989076
75.006022692 1.985240 1.079417 0.000000 0.000000 0.000000 0.147319 0.989089
75.093890429 2.000881 1.083741 0.000000 0.000000 0.000000 0.147954 0.988994
75.151803017 2.009866 1.086856 0.000000 0.000000 0.000000 0.148063 0.988978
75.237923384 2.026461 1.091028 0.000000 0.000000 0.000000 0.148196 0.988958
75.289012432 2.036845 1.091938 0.000000 0.000000 0.000000 0.148237 0.988952
75.377345324 2.052941 1.095904 0.000000 0.000000 0.000000 0.148322 0.988939
75.433693886 2.063815 1.098801 0.000000 0.000000 0.000000 0.148408 0.988926
75.537194490 2.081625 1.104079 0.000000 0.000000 0.000000 0.148689 0.988884
75.586070776 2.091006 1.106061 0.000000 0.000000 0.000000 0.149166 0.988812
75.689361572 2.108595 1.111421 0.000000 0.000000 0.000000 0.149294 0.988793
75.744805098 2.119274 1.114445 0.000000 0.000000 0.000000 0.149248 0.988800
75.826009274 2.134523 1.119740 0.000000 0.000000 0.000000 0.149398 0.988777
75.899021864 2.139046 1.120670 0.000000 0.000000 0.000000 0.154766 0.987951
75.992537260 2.143577 1.120669 0.000000 0.000000 0.000000 0.161738 0.986834
76.056124210 2.143341 1.120336 0.000000 0.000000 0.000000 0.166241 0.986085
76.141805172 2.146482 1.119735 0.000000 0.000000 0.000000 0.172067 0.985085
76.196712971 2.147904 1.120097 0.000000 0.000000 0.000000 0.175983 0.984393
76.279946327 2.151039 1.119635 0.000000 0.000000 0.000000 0.182184 0.983265
76.336917877 2.152606 1.118291 0.000000 0.000000 0.000000 0.186347 0.982484
76.431858301 2.158033 1.118264 0.000000 0.000000 0.000000 0.192791 0.981240
76.487337351 2.164021 1.119326 0.000000 0.000000 0.000000 0.192884 0.981222
76.576975346 2.176650 1.125053 0.000000 0.000000 0.000000 0.192573 0.981283
76.635664701 2.186047 1.128797 0.000000 0.000000 0.000000 0.192849 0.981229
76.736702204 2.203562 1.135022 0.000000 0.000000 0.000000 0.192778 0.981242
76.784813404 2.214309 1.138871 0.000000 0.000000 0.000000 0.192743 0.981249
76.872728825 2.229778 1.146030 0.000000 0.000000 0.000000 0.192678 0.981262
76.940669060 2.241634 1.149902 0.000000 0.000000 0.000000 0.192886 0.981221
77.039191484 2.259887 1.157360 0.000000 0.000000 0.000000 0.193109 0.981177
77.091496944 2.271613 1.161074 0.000000 0.000000 0.000000 0.193640 0.981073
77.178045034 2.277127 1.163951 0.000000 0.000000 0.000000 0.199399 0.979918
77.233334064 2.281048 1.164498 0.000000 0.000000 0.000000 0.203012 0.979176
77.321522951 2.286234 1.164198 0.000000 0.000000 0.000000 0.209052 0.977905
77.385615587 2.287846 1.164152 0.000000 0.000000 0.000000 0.212975 0.977058
77.482558012 2.301392 1.169454 0.000000 0.000000 0.000000 0.212981 0.977056
77.535058022 2.311445 1.172422 0.000000 0.000000 0.000000 0.212874 0.977080
77.635596514 2.328522 1.182285 0.000000 0.000000 0.000000 0.213163 0.977017
77.687636852 2.338434 1.185411 0.000000 0.000000 0.000000 0.213263 0.976995
77.783472538 2.355015 1.190845 0.000000 0.000000 0.000000 0.213692 0.976901
77.833787918 2.363875 1.195663 0.000000 0.000000 0.000000 0.214052 0.976822
77.940711260 2.381356 1.203435 0.000000 0.000000 0.000000 0.214257 0.976777
77.985099792 2.389579 1.208102 0.000000 0.000000 0.000000 0.214660 0.976689
78.074628830 2.404648 1.215350 0.000000 0.000000 0.000000 0.215028 0.976608
78.126539230 2.414336 1.220420 0.000000 0.000000 0.000000 0.215214 0.976567
78.225707769 2.420473 1.222118 0.000000 0.000000 0.000000 0.222414 0.974952
78.287621975 2.422699 1.223512 0.000000 0.000000 0.000000 0.226342 0.974048
78.371752024 2.432947 1.227603 0.000000 0.000000 0.000000 0.226612 0.973985
78.425225496 2.440766 1.230030 0.000000 0.000000 0.000000 0.226860 0.973927
78.525620699 2.455464 1.237919 0.000000 0.000000 0.000000 0.226729 0.973958
78.588539600 2.465152 1.241914 0.000000 0.000000 0.000000 0.226539 0.974002
78.670593977 2.478292 1.248719 0.000000 0.000000 0.000000 0.226451 0.974022
78.735427380 2.489174 1.253480 0.000000 0.000000 0.000000 0.226341 0.974048
78.827690363 2.503798 1.261949 0.000000 0.000000 0.000000 0.226301 0.974058
78.889282465 2.513137 1.268481 0.000000 0.000000 0.000000 0.226329 0.974051
78.986895561 2.528139 1.275949 0.000000 0.000000 0.000000 0.226431 0.974027
79.038242817 2.537014 1.281455 0.000000 0.000000 0.000000 0.226453 0.974022
79.133278370 2.544522 1.286155 0.000000 0.000000 0.000000 0.233479 0.972362
79.188038111 2.548615 1.286191 0.000000 0.000000 0.000000 0.236497 0.971632
79.274859905 2.552981 1.286610 0.000000 0.000000 0.000000 0.242913 0.970048
79.325020790 2.559672 1.290557 0.000000 0.000000 0.000000 0.243315 0.969947
79.419587612 2.574562 1.299261 0.000000 0.000000 0.000000 0.243510 0.969898
79.476016521 2.584054 1.304526 0.000000 0.000000 0.000000 0.243375 0.969932
79.572896481 2.599807 1.311443 0.000000 0.000000 0.000000 0.243394 0.969927
79.625355482 2.607494 1.314786 0.000000 0.000000 0.000000 0.243109 0.969999
79.715934038 2.622492 1.324121 0.000000 0.000000 0.000000 0.243316 0.969947
79.766192913 2.632453 1.328607 0.000000 0.000000 0.000000 0.243095 0.970002
79.851100206 2.647317 1.337672 0.000000 0.000000 0.000000 0.243149 0.969989
79.911969662 2.656942 1.343461 0.000000 0.000000 0.000000 0.243122 0.969996
80.005322218 2.672704 1.351038 0.000000 0.000000 0.000000 0.243287 0.969954
80.049822092 2.679443 1.353871 0.000000 0.000000 0.000000 0.243312 0.969948
80.144307137 2.694511 1.361711 0.000000 0.000000 0.000000 0.243255 0.969962
80.194717646 2.703336 1.366728 0.000000 0.000000 0.000000 0.243216 0.969972
80.283586025 2.709082 1.370016 0.000000 0.000000 0.000000 0.249416 0.968396
80.339012861 2.711525 1.371692 0.000000 0.000000 0.000000 0.253151 0.967427
80.432806969 2.714021 1.372870 0.000000 0.000000 0.000000 0.260177 0.965561
80.481657505 2.715169 1.372863 0.000000 0.000000 0.000000 0.263284 0.964718
80.570667744 2.714814 1.372311 0.000000 0.000000 0.000000 0.268953 0.963153
80.629180193 2.716991 1.369810 0.000000 0.000000 0.000000 0.272440 0.962173
80.725515127 2.720054 1.369105 0.000000 0.000000 0.000000 0.279105 0.960261
80.785824299 2.720897 1.366313 0.000000 0.000000 0.000000 0.282494 0.959269
80.885531425 2.723887 1.366228 0.000000 0.000000 0.000000 0.289375 0.957216
80.931448936 2.723581 1.365313 0.000000 0.000000 0.000000 0.292269 0.956336
81.023196459 2.734474 1.369581 0.000000 0.000000 0.000000 0.292249 0.956342
81.074112654 2.741133 1.372330 0.000000 0.000000 0.000000 0.292547 0.956251
81.169610262 2.755550 1.380989 0.000000 0.000000 0.000000 0.292446 0.956282
81.221564293 2.764247 1.387310 0.000000 0.000000 0.000000 0.292509 0.956263
81.317089081 2.778212 1.397321 0.000000 0.000000 0.000000 0.292841 0.956161
81.373459816 2.787248 1.402763 0.000000 0.000000 0.000000 0.293038 0.956101
81.468533754 2.801434 1.411180 0.000000 0.000000 0.000000 0.293014 0.956108
81.523016691 2.811218 1.416470 0.000000 0.000000 0.000000 0.293106 0.956080
81.598726511 2.824537 1.423917 0.000000 0.000000 0.000000 0.293025 0.956105
81.657386780 2.828323 1.426363 0.000000 0.000000 0.000000 0.296641 0.954989
81.743980408 2.834134 1.428203 0.000000 0.000000 0.000000 0.301913 0.953336
81.802433014 2.838431 1.427090 0.000000 0.000000 0.000000 0.305981 0.952038
81.892469883 2.841622 1.427624 0.000000 0.000000 0.000000 0.312120 0.950043
81.951400280 2.844089 1.426861 0.000000 0.000000 0.000000 0.316109 0.948723
82.051398516 2.847534 1.426895 0.000000 0.000000 0.000000 0.322860 0.946447
82.098116398 2.848634 1.426800 0.000000 0.000000 0.000000 0.325768 0.945450
82.188131332 2.857893 1.432563 0.000000 0.000000 0.000000 0.325355 0.945592
82.248149872 2.865665 1.436625 0.000000 0.000000 0.000000 0.325274 0.945620
82.336132288 2.876356 1.445279 0.000000 0.000000 0.000000 0.325232 0.945634
82.396090031 2.884229 1.451455 0.000000 0.000000 0.000000 0.325363 0.945589
82.493404388 2.898281 1.463151 0.000000 0.000000 0.000000 0.325977 0.945378
82.545469284 2.907918 1.470302 0.000000 0.000000 0.000000 0.325965 0.945382
82.645762682 2.923664 1.482364 0.000000 0.000000 0.000000 0.326196 0.945302
82.703368902 2.933173 1.489383 0.000000 0.000000 0.000000 0.326254 0.945282
82.786747932 2.945781 1.498710 0.000000 0.000000 0.000000 0.326334 0.945254
82.854153395 2.956683 1.505379 0.000000 0.000000 0.000000 0.326273 0.945276
82.943068027 2.969931 1.516123 0.000000 0.000000 0.000000 0.326247 0.945285
83.009804964 2.981059 1.524872 0.000000 0.000000 0.000000 0.326311 0.945262
83.085191727 2.991065 1.535087 0.000000 0.000000 0.000000 0.326067 0.945347
83.153803349 3.001078 1.543257 0.000000 0.000000 0.000000 0.326332 0.945255
83.241653681 3.012410 1.552237 0.000000 0.000000 0.000000 0.326392 0.945234
83.297069788 3.012703 1.554446 0.000000 0.000000 0.000000 0.329606 0.944119
83.389735460 3.017971 1.554272 0.000000 0.000000 0.000000 0.335789 0.941937
83.453119040 3.018294 1.554418 0.000000 0.000000 0.000000 0.340078 0.940397
83.537900448 3.020664 1.554602 0.000000 0.000000 0.000000 0.345498 0.938419
83.597048283 3.021593 1.552419 0.000000 0.000000 0.000000 0.348909 0.937157
83.717325926 3.026574 1.551707 0.000000 0.000000 0.000000 0.357223 0.934019
83.749479055 3.027020 1.547920 0.000000 0.000000 0.000000 0.359165 0.933274
83.838826418 3.029034 1.547029 0.000000 0.000000 0.000000 0.365059 0.930985
83.901724577 3.030255 1.546085 0.000000 0.000000 0.000000 0.369213 0.929345
83.992516994 3.033077 1.545836 0.000000 0.000000 0.000000 0.374849 0.927086
84.051721573 3.033977 1.543340 0.000000 0.000000 0.000000 0.378686 0.925525
84.156426907 3.036617 1.542314 0.000000 0.000000 0.000000 0.385649 0.922645
84.200500965 3.036545 1.539574 0.000000 0.000000 0.000000 0.388451 0.921470
84.283172131 3.046740 1.548817 0.000000 0.000000 0.000000 0.388444 0.921472
84.341853619 3.054102 1.557055 0.000000 0.000000 0.000000 0.388579 0.921415
84.440338135 3.067334 1.569915 0.000000 0.000000 0.000000 0.388701 0.921364
84.490278244 3.073764 1.575120 0.000000 0.000000 0.000000 0.388600 0.921407
84.590413809 3.086651 1.587588 0.000000 0.000000 0.000000 0.388615 0.921400
84.637861252 3.089871 1.589503 0.000000 0.000000 0.000000 0.391864 0.920023
84.731191397 3.093048 1.592317 0.000000 0.000000 0.000000 0.397911 0.917424
84.795961142 3.095172 1.593438 0.000000 0.000000 0.000000 0.401909 0.915680
84.885035038 3.100277 1.593531 0.000000 0.000000 0.000000 0.407920 0.913018
84.942189693 3.103592 1.597744 0.000000 0.000000 0.000000 0.407771 0.913084
85.035698891 3.113356 1.607449 0.000000 0.000000 0.000000 0.407757 0.913090
85.087255955 3.118914 1.612942 0.000000 0.000000 0.000000 0.407924 0.913016
85.177431345 3.128436 1.624179 0.000000 0.000000 0.000000 0.407910 0.913022
85.234461546 3.135546 1.632003 0.000000 0.000000 0.000000 0.408038 0.912965
85.317269802 3.145660 1.643306 0.000000 0.000000 0.000000 0.407924 0.913016
85.371974707 3.152137 1.650348 0.000000 0.000000 0.000000 0.408065 0.912953
85.478625298 3.157242 1.654053 0.000000 0.000000 0.000000 0.414758 0.909932
85.528799295 3.158673 1.654473 0.000000 0.000000 0.000000 0.418170 0.908369
85.623463392 3.162071 1.654098 0.000000 0.000000 0.000000 0.424569 0.905395
85.673765659 3.163290 1.653056 0.000000 0.000000 0.000000 0.427145 0.904183
85.763669968 3.172405 1.660613 0.000000 0.000000 0.000000 0.427304 0.904108
85.820935726 3.176769 1.664359 0.000000 0.000000 0.000000 0.427016 0.904244
85.910727024 3.186661 1.675846 0.000000 0.000000 0.000000 0.426925 0.904287
85.964876890 3.192000 1.682415 0.000000 0.000000 0.000000 0.426919 0.904290
86.051109076 3.202154 1.694469 0.000000 0.000000 0.000000 0.426877 0.904309
86.103527308 3.207472 1.703691 0.000000 0.000000 0.000000 0.427060 0.904223
86.201452255 3.218988 1.717835 0.000000 0.000000 0.000000 0.426830 0.904332
86.242657185 3.224374 1.724356 0.000000 0.000000 0.000000 0.426715 0.904386
86.334985495 3.236268 1.736193 0.000000 0.000000 0.000000 0.426725 0.904381
86.382092714 3.240511 1.737824 0.000000 0.000000 0.000000 0.429616 0.903012
86.472083092 3.243601 1.739571 0.000000 0.000000 0.000000 0.435439 0.900218
86.523828268 3.245110 1.739488 0.000000 0.000000 0.000000 0.437858 0.899044
86.615870237 3.248249 1.740835 0.000000 0.000000 0.000000 0.443615 0.896218
86.670076370 3.249017 1.739124 0.000000 0.000000 0.000000 0.446632 0.894718
86.774803400 3.259295 1.750966 0.000000 0.000000 0.000000 0.446726 0.894671
86.820199966 3.263297 1.754108 0.000000 0.000000 0.000000 0.446955 0.894557
86.919469357 3.272819 1.766451 0.000000 0.000000 0.000000 0.446949 0.894559
86.967871189 3.279529 1.772952 0.000000 0.000000 0.000000 0.447089 0.894489
87.056761026 3.288538 1.787094 0.000000 0.000000 0.000000 0.447042 0.894513
87.109259605 3.294028 1.796819 0.000000 0.000000 0.000000 0.447066 0.894501
87.192007065 3.302149 1.809228 0.000000 0.000000 0.000000 0.447045 0.894511
87.253980637 3.309364 1.817761 0.000000 0.000000 0.000000 0.446827 0.894620
87.349741697 3.314010 1.820169 0.000000 0.000000 0.000000 0.452983 0.891519
87.405018091 3.315988 1.821371 0.000000 0.000000 0.000000 0.456396 0.889777
87.485984564 3.317459 1.822187 0.000000 0.000000 0.000000 0.461597 0.887090
87.543567896 3.316850 1.821471 0.000000 0.000000 0.000000 0.465293 0.885157
87.634330273 3.318507 1.821039 0.000000 0.000000 0.000000 0.471287 0.881980
87.686902761 3.318874 1.819527 0.000000 0.000000 0.000000 0.474560 0.880223
87.787247896 3.321235 1.822139 0.000000 0.000000 0.000000 0.480535 0.876975
87.837472916 3.325039 1.822726 0.000000 0.000000 0.000000 0.480515 0.876987
87.916748285 3.331591 1.832621 0.000000 0.000000 0.000000 0.480316 0.877095
87.986268759 3.337313 1.842725 0.000000 0.000000 0.000000 0.480146 0.877188
88.086726427 3.346055 1.858260 0.000000 0.000000 0.000000 0.479763 0.877398
88.150101423 3.352111 1.867174 0.000000 0.000000 0.000000 0.479850 0.877351
88.240933418 3.354601 1.871301 0.000000 0.000000 0.000000 0.485952 0.873985
88.297403812 3.357328 1.874859 0.000000 0.000000 0.000000 0.489370 0.872076
88.386169910 3.360294 1.876655 0.000000 0.000000 0.000000 0.495369 0.868683
88.450335503 3.361625 1.876521 0.000000 0.000000 0.000000 0.499158 0.866511
88.535275698 3.363714 1.877449 0.000000 0.000000 0.000000 0.504288 0.863536
88.605426788 3.365608 1.876913 0.000000 0.000000 0.000000 0.508216 0.861229
88.683759212 3.368033 1.875960 0.000000 0.000000 0.000000 0.512952 0.858417
88.750116110 3.373060 1.881356 0.000000 0.000000 0.000000 0.512689 0.858574
88.851769447 3.383328 1.895938 0.000000 0.000000 0.000000 0.512622 0.858614
88.916266441 3.389759 1.905839 0.000000 0.000000 0.000000 0.512642 0.858603
89.002526760 3.397484 1.918116 0.000000 0.000000 0.000000 0.512596 0.858630
89.057895184 3.401295 1.925263 0.000000 0.000000 0.000000 0.512564 0.858649
89.140100241 3.407315 1.937706 0.000000 0.000000 0.000000 0.512644 0.858601
89.195465088 3.409801 1.940233 0.000000 0.000000 0.000000 0.515768 0.856729
89.289087772 3.411125 1.946147 0.000000 0.000000 0.000000 0.521128 0.853479
89.344048738 3.412149 1.945991 0.000000 0.000000 0.000000 0.524182 0.851606
89.440391302 3.412631 1.947609 0.000000 0.000000 0.000000 0.530150 0.847904
89.492968559 3.413543 1.948094 0.000000 0.000000 0.000000 0.533309 0.845921
89.607647657 3.420011 1.962129 0.000000 0.000000 0.000000 0.533554 0.845766
89.672281504 3.422278 1.970156 0.000000 0.000000 0.000000 0.533436 0.845841
89.768073082 3.429067 1.985803 0.000000 0.000000 0.000000 0.533385 0.845873
89.829360723 3.433635 1.996416 0.000000 0.000000 0.000000 0.533490 0.845806
89.918611765 3.438903 2.008945 0.000000 0.000000 0.000000 0.533549 0.845769
89.983339548 3.443301 2.018505 0.000000 0.000000 0.000000 0.533621 0.845724
90.075467348 3.448444 2.033738 0.000000 0.000000 0.000000 0.533846 0.845582
90.136802912 3.453797 2.045062 0.000000 0.000000 0.000000 0.533783 0.845622
90.217718840 3.461588 2.060058 0.000000 0.000000 0.000000 0.533942 0.845521
90.282570362 3.467481 2.071297 0.000000 0.000000 0.000000 0.534049 0.845454
90.377734184 3.475154 2.085451 0.000000 0.000000 0.000000 0.534090 0.845428
90.428593874 3.478573 2.094282 0.000000 0.000000 0.000000 0.534326 0.845278
90.510604858 3.485272 2.108363 0.000000 0.000000 0.000000 0.534268 0.845315
90.568803549 3.490628 2.119521 0.000000 0.000000 0.000000 0.534183 0.845369
90.669097900 3.498592 2.136322 0.000000 0.000000 0.000000 0.533867 0.845568
90.734403133 3.504108 2.147383 0.000000 0.000000 0.000000 0.533654 0.845703
90.817264557 3.510693 2.160618 0.000000 0.000000 0.000000 0.533612 0.845730
90.874949217 3.515712 2.168763 0.000000 0.000000 0.000000 0.533621 0.845724
90.977848291 3.524720 2.186335 0.000000 0.000000 0.000000 0.533412 0.845856
91.038990498 3.530535 2.197933 0.000000 0.000000 0.000000 0.533445 0.845835
91.132968187 3.539038 2.215209 0.000000 0.000000 0.000000 0.533479 0.845813
91.184181929 3.543828 2.225181 0.000000 0.000000 0.000000 0.533434 0.845842
91.277483940 3.551325 2.240031 0.000000 0.000000 0.000000 0.533627 0.845720
91.333750963 3.555329 2.247455 0.000000 0.000000 0.000000 0.533618 0.845726
91.435931683 3.563208 2.264050 0.000000 0.000000 0.000000 0.533618 0.845726
91.490885019 3.567654 2.274796 0.000000 0.000000 0.000000 0.533675 0.845690
91.596405983 3.574884 2.291190 0.000000 0.000000 0.000000 0.533559 0.845763
91.657889366 3.579265 2.299081 0.000000 0.000000 0.000000 0.533683 0.845685
91.744920015 3.587001 2.311185 0.000000 0.000000 0.000000 0.533886 0.845556
91.803375244 3.593147 2.320566 0.000000 0.000000 0.000000 0.533971 0.845503
91.889576912 3.600179 2.336065 0.000000 0.000000 0.000000 0.533954 0.845514
91.950321198 3.604642 2.348584 0.000000 0.000000 0.000000 0.533896 0.845550
92.040585995 3.611403 2.365313 0.000000 0.000000 0.000000 0.534019 0.845473
92.095539570 3.615532 2.375049 0.000000 0.000000 0.000000 0.534137 0.845398
92.180634975 3.622791 2.389233 0.000000 0.000000 0.000000 0.534215 0.845349
92.233907700 3.627271 2.397435 0.000000 0.000000 0.000000 0.533817 0.845600
92.324627161 3.634229 2.411804 0.000000 0.000000 0.000000 0.533462 0.845824
92.377721786 3.638486 2.422478 0.000000 0.000000 0.000000 0.533511 0.845793
92.477380037 3.646689 2.440455 0.000000 0.000000 0.000000 0.533534 0.845779
92.527386665 3.651509 2.448272 0.000000 0.000000 0.000000 0.533716 0.845664
92.615924358 3.657400 2.460903 0.000000 0.000000 0.000000 0.533805 0.845608
92.672314167 3.661365 2.468730 0.000000 0.000000 0.000000 0.534061 0.845446
92.773890257 3.669399 2.485008 0.000000 0.000000 0.000000 0.534246 0.845329
92.833395958 3.673894 2.496330 0.000000 0.000000 0.000000 0.534088 0.845429
92.924817085 3.680342 2.510782 0.000000 0.000000 0.000000 0.534314 0.845286
92.988978386 3.685566 2.521616 0.000000 0.000000 0.000000 0.534448 0.845201
93.100240469 3.694894 2.539302 0.000000 0.000000 0.000000 0.534609 0.845099
93.152472734 3.699424 2.546592 0.000000 0.000000 0.000000 0.534684 0.845052
93.248969555 3.708075 2.563260 0.000000 0.000000 0.000000 0.534667 0.845063
93.302347898 3.711572 2.574295 0.000000 0.000000 0.000000 0.534791 0.844985
93.402684212 3.719395 2.592436 0.000000 0.000000 0.000000 0.535075 0.844805
93.454676867 3.723828 2.601768 0.000000 0.000000 0.000000 0.534974 0.844869
93.552758694 3.730696 2.617409 0.000000 0.000000 0.000000 0.534960 0.844878
93.613630056 3.735723 2.626418 0.000000 0.000000 0.000000 0.535088 0.844796
93.707502604 3.742723 2.643404 0.000000 0.000000 0.000000 0.535078 0.844802
93.764230251 3.747948 2.654670 0.000000 0.000000 0.000000 0.535040 0.844826
93.873910427 3.757068 2.674043 0.000000 0.000000 0.000000 0.535282 0.844674
93.914932251 3.760202 2.681736 0.000000 0.000000 0.000000 0.535563 0.844495
94.005584240 3.766078 2.695867 0.000000 0.000000 0.000000 0.535606 0.844468
94.060539484 3.770293 2.706401 0.000000 0.000000 0.000000 0.535774 0.844361
94.156020403 3.775712 2.722786 0.000000 0.000000 0.000000 0.536300 0.844027
94.210253716 3.780852 2.733270 0.000000 0.000000 0.000000 0.536312 0.844020
94.306135893 3.788014 2.749802 0.000000 0.000000 0.000000 0.536522 0.843886
94.372974396 3.792389 2.761396 0.000000 0.000000 0.000000 0.536353 0.843994
94.471097946 3.799600 2.777666 0.000000 0.000000 0.000000 0.536424 0.843949
94.529613972 3.804262 2.787118 0.000000 0.000000 0.000000 0.536267 0.844048
94.627149820 3.813779 2.803908 0.000000 0.000000 0.000000 0.536194 0.844095
94.671769142 3.817993 2.811674 0.000000 0.000000 0.000000 0.536266 0.844049
94.763330460 3.825783 2.825448 0.000000 0.000000 0.000000 0.536069 0.844174
94.822440624 3.831265 2.832763 0.000000 0.000000 0.000000 0.535948 0.844251
94.912670851 3.837789 2.845873 0.000000 0.000000 0.000000 0.536209 0.844085
94.978972197 3.841921 2.856263 0.000000 0.000000 0.000000 0.536475 0.843916
95.068254471 3.849598 2.871877 0.000000 0.000000 0.000000 0.535988 0.844226
95.123470068 3.855543 2.881080 0.000000 0.000000 0.000000 0.536080 0.844167
95.210581541 3.862478 2.896105 0.000000 0.000000 0.000000 0.536189 0.844098
95.261231899 3.867323 2.905873 0.000000 0.000000 0.000000 0.536193 0.844095
95.358219862 3.873734 2.920618 0.000000 0.000000 0.000000 0.536365 0.843986
95.405269146 3.878079 2.927929 0.000000 0.000000 0.000000 0.536517 0.843890
95.495450497 3.880994 2.929506 0.000000 0.000000 0.000000 0.536520 0.843888
95.556711435 3.882224 2.930467 0.000000 0.000000 0.000000 0.536565 0.843859
95.654532194 3.881775 2.931473 0.000000 0.000000 0.000000 0.536758 0.843737
95.718507051 3.879873 2.931199 0.000000 0.000000 0.000000 0.536635 0.843814
95.809733868 3.879824 2.929035 0.000000 0.000000 0.000000 0.536828 0.843692
95.869915009 3.879575 2.929836 0.000000 0.000000 0.000000 0.536902 0.843645
95.968504429 3.878208 2.929502 0.000000 0.000000 0.000000 0.536828 0.843692
96.013655424 3.877729 2.929463 0.000000 0.000000 0.000000 0.536793 0.843714
96.105460644 3.877881 2.930253 0.000000 0.000000 0.000000 0.536659 0.843799
96.151817083 3.878358 2.930462 0.000000 0.000000 0.000000 0.536832 0.843689
96.249305487 3.878619 2.930602 0.000000 0.000000 0.000000 0.536698 0.843774
96.313171148 3.879290 2.929098 0.000000 0.000000 0.000000 0.536597 0.843839
96.411842108 3.880045 2.929130 0.000000 0.000000 0.000000 0.536602 0.843835
96.483254194 3.879341 2.930490 0.000000 0.000000 0.000000 0.536776 0.843724
96.576039553 3.880302 2.931647 0.000000 0.000000 0.000000 0.536911 0.843639
96.634468794 3.879405 2.933214 0.000000 0.000000 0.000000 0.537283 0.843402
96.723625898 3.879505 2.934517 0.000000 0.000000 0.000000 0.537245 0.843426
96.781600475 3.879771 2.934142 0.000000 0.000000 0.000000 0.537176 0.843470
96.866395235 3.879204 2.934964 0.000000 0.000000 0.000000 0.537303 0.843389
96.921135187 3.880303 2.936475 0.000000 0.000000 0.000000 0.537519 0.843252
97.019036293 3.880904 2.938051 0.000000 0.000000 0.000000 0.537663 0.843160
97.060910940 3.880569 2.939219 0.000000 0.000000 0.000000 0.537704 0.843134
97.153807163 3.881277 2.940207 0.000000 0.000000 0.000000 0.537685 0.843146
97.211027622 3.880294 2.939543 0.000000 0.000000 0.000000 0.537722 0.843122
97.305245876 3.879547 2.938876 0.000000 0.000000 0.000000 0.537942 0.842982
97.364989996 3.879268 2.938666 0.000000 0.000000 0.000000 0.538199 0.842818
97.465471268 3.879449 2.938671 0.000000 0.000000 0.000000 0.538359 0.842715
97.531141281 3.880159 2.938282 0.000000 0.000000 0.000000 0.538192 0.842822
97.607466698 3.879622 2.938000 0.000000 0.000000 0.000000 0.537950 0.842976
97.670571327 3.879443 2.938222 0.000000 0.000000 0.000000 0.537588 0.843208
97.761371374 3.878438 2.937581 0.000000 0.000000 0.000000 0.537597 0.843202
97.826786518 3.878466 2.937044 0.000000 0.000000 0.000000 0.537469 0.843284
97.904732704 3.878713 2.935853 0.000000 0.000000 0.000000 0.537427 0.843311
97.972033739 3.877838 2.936271 0.000000 0.000000 0.000000 0.537378 0.843342
98.065672398 3.878539 2.935233 0.000000 0.000000 0.000000 0.537407 0.843323
98.120881319 3.879157 2.934836 0.000000 0.000000 0.000000 0.537441 0.843301
98.209275961 3.879750 2.934216 0.000000 0.000000 0.000000 0.537470 0.843283
98.266049623 3.878198 2.933589 0.000000 0.000000 0.000000 0.537512 0.843256
98.353181839 3.876876 2.933905 0.000000 0.000000 0.000000 0.537176 0.843470
98.403073549 3.876549 2.934064 0.000000 0.000000 0.000000 0.537298 0.843393
98.490382910 3.875716 2.933594 0.000000 0.000000 0.000000 0.537281 0.843403
98.542252064 3.875915 2.934133 0.000000 0.000000 0.000000 0.537318 0.843380
98.624454260 3.875627 2.934136 0.000000 0.000000 0.000000 0.537405 0.843324
98.685510397 3.876263 2.933354 0.000000 0.000000 0.000000 0.537021 0.843569
98.779605627 3.875781 2.932345 0.000000 0.000000 0.000000 0.536978 0.843596
98.838194609 3.876316 2.932544 0.000000 0.000000 0.000000 0.536838 0.843686
98.929908276 3.876103 2.931348 0.000000 0.000000 0.000000 0.536779 0.843723
98.986426353 3.875645 2.931107 0.000000 0.000000 0.000000 0.536761 0.843734
99.090990067 3.875358 2.931857 0.000000 0.000000 0.000000 0.536664 0.843796
99.137984037 3.874808 2.931536 0.000000 0.000000 0.000000 0.536619 0.843825
99.222180128 3.875046 2.933092 0.000000 0.000000 0.000000 0.536646 0.843808
99.274515629 3.874314 2.934141 0.000000 0.000000 0.000000 0.536903 0.843644
99.372492313 3.873857 2.934143 0.000000 0.000000 0.000000 0.536963 0.843606
99.430688858 3.874733 2.934220 0.000000 0.000000 0.000000 0.537062 0.843543
99.544572830 3.875296 2.934991 0.000000 0.000000 0.000000 0.537709 0.843131
99.586899042 3.875731 2.933107 0.000000 0.000000 0.000000 0.537689 0.843143
99.684531927 3.876400 2.931855 0.000000 0.000000 0.000000 0.537895 0.843012
99.732462883 3.877759 2.930216 0.000000 0.000000 0.000000 0.537787 0.843081
99.817482233 3.877840 2.931290 0.000000 0.000000 0.000000 0.537747 0.843106
99.865893364 3.878282 2.930385 0.000000 0.000000 0.000000 0.537762 0.843097
99.974117994 3.878077 2.929039 0.000000 0.000000 0.000000 0.537822 0.843058
100.008396149 3.878279 2.928848 0.000000 0.000000 0.000000 0.537538 0.843240
100.099959850 3.878635 2.928030 0.000000 0.000000 0.000000 0.537566 0.843222
100.157341719 3.877728 2.927137 0.000000 0.000000 0.000000 0.537326 0.843374
100.251402378 3.878199 2.928195 0.000000 0.000000 0.000000 0.536917 0.843635
100.296842813 3.877453 2.928539 0.000000 0.000000 0.000000 0.536857 0.843674
100.386153460 3.877799 2.928132 0.000000 0.000000 0.000000 0.536801 0.843709
100.438560963 3.879188 2.927803 0.000000 0.000000 0.000000 0.536892 0.843651
100.523025513 3.879088 2.927515 0.000000 0.000000 0.000000 0.536751 0.843740
100.578892708 3.880004 2.928693 0.000000 0.000000 0.000000 0.536661 0.843798
100.666844606 3.880009 2.928675 0.000000 0.000000 0.000000 0.536648 0.843806
100.717916250 3.880835 2.929150 0.000000 0.000000 0.000000 0.536519 0.843888
100.814438343 3.881579 2.929755 0.000000 0.000000 0.000000 0.536422 0.843950
100.859156370 3.881450 2.927777 0.000000 0.000000 0.000000 0.536119 0.844142
100.952885628 3.881668 2.928088 0.000000 0.000000 0.000000 0.536177 0.844105
101.000487804 3.881504 2.927470 0.000000 0.000000 0.000000 0.536153 0.844121
101.085479736 3.882690 2.927608 0.000000 0.000000 0.000000 0.536142 0.844128
101.136031866 3.882591 2.927994 0.000000 0.000000 0.000000 0.536266 0.844049
101.229514122 3.882251 2.927111 0.000000 0.000000 0.000000 0.536402 0.843963
101.274351120 3.879865 2.927500 0.000000 0.000000 0.000000 0.536381 0.843976
101.373620749 3.879503 2.927366 0.000000 0.000000 0.000000 0.536599 0.843837
101.426921129 3.879784 2.926859 0.000000 0.000000 0.000000 0.536591 0.843842
101.521782160 3.880253 2.927813 0.000000 0.000000 0.000000 0.536468 0.843921
101.570658922 3.879891 2.927866 0.000000 0.000000 0.000000 0.536708 0.843768
101.657437325 3.879381 2.927803 0.000000 0.000000 0.000000 0.536897 0.843648
101.713495970 3.879780 2.927099 0.000000 0.000000 0.000000 0.537068 0.843539
101.799236774 3.880580 2.926151 0.000000 0.000000 0.000000 0.536904 0.843644
101.849389791 3.880485 2.926338 0.000000 0.000000 0.000000 0.536938 0.843622
101.945839167 3.881176 2.926706 0.000000 0.000000 0.000000 0.536520 0.843888
101.999189854 3.881554 2.925013 0.000000 0.000000 0.000000 0.536049 0.844187
102.086042404 3.882187 2.924401 0.000000 0.000000 0.000000 0.536041 0.844192
102.136522293 3.882584 2.924032 0.000000 0.000000 0.000000 0.535939 0.844257
102.221495152 3.881182 2.923426 0.000000 0.000000 0.000000 0.535851 0.844313
102.276251078 3.881696 2.924079 0.000000 0.000000 0.000000 0.535769 0.844365
102.367645025 3.881458 2.924601 0.000000 0.000000 0.000000 0.535818 0.844334
102.423708200 3.880676 2.924009 0.000000 0.000000 0.000000 0.535750 0.844377
102.525077105 3.881322 2.923956 0.000000 0.000000 0.000000 0.535563 0.844495
102.574762106 3.881436 2.923909 0.000000 0.000000 0.000000 0.535610 0.844465
102.674291134 3.881271 2.924652 0.000000 0.000000 0.000000 0.535684 0.844418
