56.000000000 0.006715 0.993531 0.000000 0.000000 0.000000 0.000066 1.000000
56.092626333 0.004782 0.990168 0.000000 0.000000 0.000000 -0.001599 0.999999
56.136488199 0.006108 0.987387 0.000000 0.000000 0.000000 -0.000804 1.000000
56.234569073 0.008421 0.987312 0.000000 0.000000 0.000000 -0.000393 1.000000
56.291095257 0.011553 0.987432 0.000000 0.000000 0.000000 -0.000581 1.000000
56.384810448 0.013281 0.987771 0.000000 0.000000 0.000000 -0.000502 1.000000
56.432573795 0.014300 0.987708 0.000000 0.000000 0.000000 -0.000100 1.000000
56.517774343 0.015442 0.987584 0.000000 0.000000 0.000000 -0.000231 1.000000
56.566277504 0.014752 0.988471 0.000000 0.000000 0.000000 -0.000273 1.000000
56.658776283 0.012917 0.990399 0.000000 0.000000 0.000000 -0.000420 1.000000
56.719421625 0.012788 0.990442 0.000000 0.000000 0.000000 -0.000211 1.000000
56.806190968 0.013663 0.991288 0.000000 0.000000 0.000000 -0.000287 1.000000
56.859033823 0.014601 0.990171 0.000000 0.000000 0.000000 -0.000052 1.000000
56.956225157 0.015420 0.990032 0.000000 0.000000 0.000000 0.000211 1.000000
56.992516994 0.017551 0.990449 0.000000 0.000000 0.000000 0.000863 1.000000
57.085117579 0.017494 0.990665 0.000000 0.000000 0.000000 0.000800 1.000000
57.135342836 0.018544 0.989644 0.000000 0.000000 0.000000 0.000971 1.000000
57.226917267 0.019865 0.988945 0.000000 0.000000 0.000000 0.000996 1.000000
57.280653477 0.018854 0.988536 0.000000 0.000000 0.000000 0.000851 1.000000
57.376023293 0.020064 0.986769 0.000000 0.000000 0.000000 0.000937 1.000000
57.421943903 0.020024 0.987073 0.000000 0.000000 0.000000 0.001321 0.999999
57.506844759 0.021388 0.986694 0.000000 0.000000 0.000000 0.001153 0.999999
57.561612844 0.022599 0.986843 0.000000 0.000000 0.000000 0.001210 0.999999
57.661116600 0.023069 0.987749 0.000000 0.000000 0.000000 0.002192 0.999998
57.713097334 0.022886 0.988568 0.000000 0.000000 0.000000 0.002517 0.999997
57.818692207 0.021102 0.987772 0.000000 0.000000 0.000000 0.002466 0.999997
57.857132435 0.021583 0.989183 0.000000 0.000000 0.000000 0.002489 0.999997
57.942367077 0.020113 0.989693 0.000000 0.000000 0.000000 0.002427 0.999997
57.993121147 0.019259 0.991685 0.000000 0.000000 0.000000 0.002800 0.999996
58.084053516 0.018914 0.994159 0.000000 0.000000 0.000000 0.002679 0.999996
58.134043932 0.017446 0.995275 0.000000 0.000000 0.000000 0.002767 0.999996
58.226578236 0.014683 0.995690 0.000000 0.000000 0.000000 0.002622 0.999997
58.278188705 0.012391 0.996333 0.000000 0.000000 0.000000 0.002842 0.999996
58.375108480 0.013235 0.996747 0.000000 0.000000 0.000000 0.002655 0.999996
58.432198524 0.011364 0.998966 0.000000 0.000000 0.000000 0.002600 0.999997
58.513686180 0.008546 0.996624 0.000000 0.000000 0.000000 0.002553 0.999997
58.577755451 0.007628 0.996524 0.000000 0.000000 0.000000 0.002502 0.999997
58.663658381 0.010003 0.995353 0.000000 0.000000 0.000000 0.002557 0.999997
58.721382856 0.010984 0.995682 0.000000 0.000000 0.000000 0.002796 0.999996
58.811643362 0.011923 0.995188 0.000000 0.000000 0.000000 0.003501 0.999994
58.859117508 0.013137 0.994534 0.000000 0.000000 0.000000 0.003322 0.999994
58.954252720 0.015017 0.993824 0.000000 0.000000 0.000000 0.003452 0.999994
59.016629219 0.018061 0.992601 0.000000 0.000000 0.000000 0.003425 0.999994
59.106379747 0.018076 0.992074 0.000000 0.000000 0.000000 0.003398 0.999994
59.158839226 0.017234 0.992621 0.000000 0.000000 0.000000 0.003134 0.999995
59.239713192 0.020322 0.992259 0.000000 0.000000 0.000000 0.003542 0.999994
59.295119047 0.020332 0.993864 0.000000 0.000000 0.000000 0.003964 0.999992
59.400145054 0.019493 0.993005 0.000000 0.000000 0.000000 0.004467 0.999990
59.447155952 0.021276 0.993519 0.000000 0.000000 0.000000 0.004429 0.999990
59.543852329 0.022362 0.994105 0.000000 0.000000 0.000000 0.004383 0.999990
59.590034962 0.021769 0.993952 0.000000 0.000000 0.000000 0.004455 0.999990
59.665421247 0.022038 0.994068 0.000000 0.000000 0.000000 0.004229 0.999991
59.720851421 0.022918 0.993531 0.000000 0.000000 0.000000 0.004077 0.999992
59.805132151 0.023275 0.993780 0.000000 0.000000 0.000000 0.003777 0.999993
59.860359430 0.024881 0.993093 0.000000 0.000000 0.000000 0.003542 0.999994
59.957119226 0.025206 0.991993 0.000000 0.000000 0.000000 0.003487 0.999994
60.005816936 0.025634 0.992582 0.000000 0.000000 0.000000 0.003871 0.999993
60.089397669 0.025719 0.993780 0.000000 0.000000 0.000000 0.004468 0.999990
60.138172865 0.024794 0.993537 0.000000 0.000000 0.000000 0.004543 0.999990
60.220950127 0.023941 0.995346 0.000000 0.000000 0.000000 0.004070 0.999992
60.272440672 0.024432 0.996584 0.000000 0.000000 0.000000 0.004434 0.999990
60.365985632 0.026050 0.995776 0.000000 0.000000 0.000000 0.005032 0.999987
60.419920921 0.025830 0.996749 0.000000 0.000000 0.000000 0.005406 0.999985
60.517887354 0.026624 0.998969 0.000000 0.000000 0.000000 0.005470 0.999985
60.576246977 0.026946 1.000725 0.000000 0.000000 0.000000 0.005120 0.999987
60.661265135 0.025036 1.000647 0.000000 0.000000 0.000000 0.005360 0.999986
60.720116138 0.026457 1.002037 0.000000 0.000000 0.000000 0.005498 0.999985
60.806773424 0.026865 1.002740 0.000000 0.000000 0.000000 0.005314 0.999986
60.856551170 0.026627 1.002803 0.000000 0.000000 0.000000 0.005663 0.999984
60.954911470 0.027136 1.004168 0.000000 0.000000 0.000000 0.005455 0.999985
61.012297630 0.025525 1.001224 0.000000 0.000000 0.000000 0.005639 0.999984
61.109639168 0.027682 1.004965 0.000000 0.000000 0.000000 0.005381 0.999986
61.157109976 0.027376 1.005782 0.000000 0.000000 0.000000 0.005363 0.999986
61.239634752 0.028036 1.005286 0.000000 0.000000 0.000000 0.005756 0.999983
61.291578770 0.029699 1.005664 0.000000 0.000000 0.000000 0.005672 0.999984
61.377224922 0.030457 1.007705 0.000000 0.000000 0.000000 0.005570 0.999984
61.424571276 0.031092 1.007951 0.000000 0.000000 0.000000 0.005621 0.999984
61.517945051 0.031112 1.007125 0.000000 0.000000 0.000000 0.005492 0.999985
61.571182013 0.030463 1.008435 0.000000 0.000000 0.000000 0.005235 0.999986
61.674693108 0.029575 1.008855 0.000000 0.000000 0.000000 0.004676 0.999989
61.731230259 0.027363 1.006382 0.000000 0.000000 0.000000 0.004675 0.999989
61.823836803 0.027377 1.007229 0.000000 0.000000 0.000000 0.004419 0.999990
61.867137194 0.028726 1.007862 0.000000 0.000000 0.000000 0.004301 0.999991
61.957184315 0.027592 1.006895 0.000000 0.000000 0.000000 0.004372 0.999990
62.007257462 0.026421 1.006737 0.000000 0.000000 0.000000 0.004540 0.999990
62.096065044 0.026642 1.006967 0.000000 0.000000 0.000000 0.004668 0.999989
62.149833441 0.025902 1.006873 0.000000 0.000000 0.000000 0.004350 0.999991
62.231528997 0.040848 1.005995 0.000000 0.000000 0.000000 0.004565 0.999990
62.288254261 0.051074 1.005193 0.000000 0.000000 0.000000 0.004317 0.999991
62.372793436 0.065665 1.003283 0.000000 0.000000 0.000000 0.004848 0.999988
62.437046528 0.077130 1.002445 0.000000 0.000000 0.000000 0.005089 0.999987
62.518205643 0.092485 1.003206 0.000000 0.000000 0.000000 0.005599 0.999984
62.573649645 0.103790 1.004031 0.000000 0.000000 0.000000 0.005939 0.999982
62.658019066 0.119127 1.004459 0.000000 0.000000 0.000000 0.005899 0.999983
62.708748341 0.128855 1.003560 0.000000 0.000000 0.000000 0.005925 0.999982
62.802901506 0.147132 1.004860 0.000000 0.000000 0.000000 0.005945 0.999982
62.862125397 0.158655 1.004604 0.000000 0.000000 0.000000 0.005734 0.999984
62.944721937 0.172719 1.005832 0.000000 0.000000 0.000000 0.005302 0.999986
63.001682520 0.181667 1.006606 0.000000 0.000000 0.000000 0.005205 0.999986
63.096352816 0.199908 1.005796 0.000000 0.000000 0.000000 0.005126 0.999987
63.140980959 0.207650 1.004632 0.000000 0.000000 0.000000 0.005125 0.999987
63.224403381 0.223374 1.005990 0.000000 0.000000 0.000000 0.005027 0.999987
63.278097630 0.233706 1.006685 0.000000 0.000000 0.000000 0.004515 0.999990
63.378735542 0.251317 1.007564 0.000000 0.000000 0.000000 0.004689 0.999989
63.429337263 0.262610 1.007484 0.000000 0.000000 0.000000 0.004409 0.999990
63.507558107 0.278848 1.006882 0.000000 0.000000 0.000000 0.004572 0.999990
63.561244726 0.288107 1.008428 0.000000 0.000000 0.000000 0.004520 0.999990
63.651183605 0.304017 1.010479 0.000000 0.000000 0.000000 0.005010 0.999987
63.722069025 0.317309 1.012242 0.000000 0.000000 0.000000 0.004971 0.999988
63.818211794 0.335287 1.011618 0.000000 0.000000 0.000000 0.004970 0.999988
63.867984533 0.345228 1.012374 0.000000 0.000000 0.000000 0.005006 0.999987
63.954170942 0.362948 1.012480 0.000000 0.000000 0.000000 0.004871 0.999988
64.007827759 0.374078 1.015453 0.000000 0.000000 0.000000 0.005119 0.999987
64.098969221 0.391382 1.015203 0.000000 0.000000 0.000000 0.005044 0.999987
64.150251389 0.401064 1.015548 0.000000 0.000000 0.000000 0.005330 0.999986
64.240028858 0.417379 1.017261 0.000000 0.000000 0.000000 0.005909 0.999983
64.291742325 0.427839 1.019325 0.000000 0.000000 0.000000 0.006282 0.999980
64.384911537 0.445931 1.021867 0.000000 0.000000 0.000000 0.007102 0.999975
64.438662767 0.456179 1.022432 0.000000 0.000000 0.000000 0.007526 0.999972
64.529100657 0.474618 1.022904 0.000000 0.000000 0.000000 0.008281 0.999966
64.581606388 0.485083 1.022965 0.000000 0.000000 0.000000 0.008408 0.999965
64.666499376 0.502507 1.023866 0.000000 0.000000 0.000000 0.008507 0.999964
64.719514608 0.511038 1.025527 0.000000 0.000000 0.000000 0.008583 0.999963
64.801486015 0.525874 1.025276 0.000000 0.000000 0.000000 0.008837 0.999961
64.853920698 0.535433 1.028044 0.000000 0.000000 0.000000 0.008670 0.999962
64.943417788 0.553067 1.030309 0.000000 0.000000 0.000000 0.009281 0.999957
64.995023489 0.563500 1.029684 0.000000 0.000000 0.000000 0.009762 0.999952
65.076430798 0.579113 1.029952 0.000000 0.000000 0.000000 0.009968 0.999950
65.137303352 0.589465 1.028922 0.000000 0.000000 0.000000 0.010028 0.999950
65.235720634 0.608388 1.029687 0.000000 0.000000 0.000000 0.010224 0.999948
65.286878586 0.619187 1.030339 0.000000 0.000000 0.000000 0.009912 0.999951
65.388996363 0.638697 1.030697 0.000000 0.000000 0.000000 0.009970 0.999950
65.443364143 0.648296 1.030867 0.000000 0.000000 0.000000 0.010051 0.999949
65.533442974 0.665384 1.031028 0.000000 0.000000 0.000000 0.010253 0.999947
65.583643198 0.676078 1.031361 0.000000 0.000000 0.000000 0.010162 0.999948
65.666572094 0.690848 1.032087 0.000000 0.000000 0.000000 0.010219 0.999948
65.718314648 0.700440 1.033199 0.000000 0.000000 0.000000 0.010172 0.999948
65.813969851 0.718544 1.033897 0.000000 0.000000 0.000000 0.010541 0.999944
65.860479355 0.728707 1.034598 0.000000 0.000000 0.000000 0.010787 0.999942
65.949100494 0.746756 1.037148 0.000000 0.000000 0.000000 0.011214 0.999937
66.006313324 0.758100 1.035213 0.000000 0.000000 0.000000 0.010952 0.999940
66.091695070 0.772155 1.035678 0.000000 0.000000 0.000000 0.011017 0.999939
66.150105000 0.783357 1.036569 0.000000 0.000000 0.000000 0.011270 0.999936
66.245607138 0.801242 1.036121 0.000000 0.000000 0.000000 0.011162 0.999938
66.289936066 0.811395 1.035131 0.000000 0.000000 0.000000 0.011616 0.999933
66.374847174 0.827931 1.036124 0.000000 0.000000 0.000000 0.011306 0.999936
66.427448988 0.837526 1.034816 0.000000 0.000000 0.000000 0.011129 0.999938
66.515174389 0.853973 1.036445 0.000000 0.000000 0.000000 0.010990 0.999940
66.565155268 0.863102 1.037459 0.000000 0.000000 0.000000 0.010719 0.999943
66.668905973 0.883996 1.037514 0.000000 0.000000 0.000000 0.010290 0.999947
66.720251560 0.895620 1.036608 0.000000 0.000000 0.000000 0.010410 0.999946
66.818524122 0.914386 1.037484 0.000000 0.000000 0.000000 0.010587 0.999944
66.862034321 0.930376 1.040049 0.000000 0.000000 0.000000 0.010534 0.999945
66.948162079 0.946117 1.039088 0.000000 0.000000 0.000000 0.010789 0.999942
66.998103142 0.954669 1.039109 0.000000 0.000000 0.000000 0.011213 0.999937
67.100195885 0.972432 1.039098 0.000000 0.000000 0.000000 0.011138 0.999938
67.157076359 0.981584 1.039299 0.000000 0.000000 0.000000 0.011490 0.999934
67.269846916 1.002212 1.039708 0.000000 0.000000 0.000000 0.011804 0.999930
67.325706720 1.011018 1.039683 0.000000 0.000000 0.000000 0.011856 0.999930
67.417520761 1.029033 1.040254 0.000000 0.000000 0.000000 0.011292 0.999936
67.475314379 1.039529 1.041868 0.000000 0.000000 0.000000 0.011762 0.999931
67.587245464 1.060928 1.043642 0.000000 0.000000 0.000000 0.012150 0.999926
67.657504320 1.075951 1.043925 0.000000 0.000000 0.000000 0.012614 0.999920
67.744100571 1.094989 1.046259 0.000000 0.000000 0.000000 0.013112 0.999914
67.809964418 1.108943 1.046338 0.000000 0.000000 0.000000 0.012996 0.999916
67.907867193 1.128155 1.047569 0.000000 0.000000 0.000000 0.013317 0.999911
67.955658197 1.138468 1.050445 0.000000 0.000000 0.000000 0.013349 0.999911
68.043772697 1.155723 1.050184 0.000000 0.000000 0.000000 0.013115 0.999914
68.092056751 1.165095 1.050531 0.000000 0.000000 0.000000 0.013121 0.999914
68.198954105 1.185309 1.052430 0.000000 0.000000 0.000000 0.013217 0.999913
68.239401817 1.193501 1.054357 0.000000 0.000000 0.000000 0.013484 0.999909
68.334116697 1.209998 1.054142 0.000000 0.000000 0.000000 0.013786 0.999905
68.393169165 1.221508 1.053640 0.000000 0.000000 0.000000 0.013396 0.999910
68.488315105 1.239948 1.054502 0.000000 0.000000 0.000000 0.013225 0.999913
68.548655272 1.248695 1.055444 0.000000 0.000000 0.000000 0.012924 0.999916
68.628951550 1.263277 1.055494 0.000000 0.000000 0.000000 0.013085 0.999914
68.688163757 1.274524 1.055737 0.000000 0.000000 0.000000 0.013210 0.999913
68.771270037 1.289497 1.056173 0.000000 0.000000 0.000000 0.013423 0.999910
68.824939728 1.298759 1.055769 0.000000 0.000000 0.000000 0.013354 0.999911
68.927378178 1.316906 1.054117 0.000000 0.000000 0.000000 0.013295 0.999912
68.988554239 1.329617 1.055666 0.000000 0.000000 0.000000 0.013263 0.999912
69.091393948 1.350113 1.056960 0.000000 0.000000 0.000000 0.013766 0.999905
69.142657280 1.359720 1.057905 0.000000 0.000000 0.000000 0.013666 0.999907
69.226943970 1.376428 1.059321 0.000000 0.000000 0.000000 0.013854 0.999904
69.291504383 1.386583 1.059172 0.000000 0.000000 0.000000 0.014061 0.999901
69.395749092 1.407363 1.058990 0.000000 0.000000 0.000000 0.013760 0.999905
69.444655418 1.418750 1.061611 0.000000 0.000000 0.000000 0.014068 0.999901
69.543005466 1.437934 1.062225 0.000000 0.000000 0.000000 0.014089 0.999901
69.595045090 1.450301 1.062242 0.000000 0.000000 0.000000 0.014179 0.999899
69.695927858 1.472084 1.064033 0.000000 0.000000 0.000000 0.014173 0.999900
69.753221989 1.482685 1.063782 0.000000 0.000000 0.000000 0.014397 0.999896
69.852281094 1.501578 1.064740 0.000000 0.000000 0.000000 0.014897 0.999889
69.909631014 1.511648 1.064213 0.000000 0.000000 0.000000 0.015040 0.999887
70.003495455 1.528888 1.065625 0.000000 0.000000 0.000000 0.014777 0.999891
70.055417776 1.538477 1.066384 0.000000 0.000000 0.000000 0.014791 0.999891
70.137858391 1.553316 1.066692 0.000000 0.000000 0.000000 0.015328 0.999883
70.199167728 1.563163 1.066464 0.000000 0.000000 0.000000 0.014691 0.999892
70.302878618 1.582925 1.066614 0.000000 0.000000 0.000000 0.015055 0.999887
70.369396687 1.597743 1.067034 0.000000 0.000000 0.000000 0.015242 0.999884
70.461210728 1.613827 1.069175 0.000000 0.000000 0.000000 0.015011 0.999887
70.509778738 1.624773 1.068566 0.000000 0.000000 0.000000 0.014779 0.999891
70.599387646 1.642594 1.070691 0.000000 0.000000 0.000000 0.014527 0.999894
70.656033039 1.653381 1.071304 0.000000 0.000000 0.000000 0.014753 0.999891
70.768153429 1.675902 1.071135 0.000000 0.000000 0.000000 0.015025 0.999887
70.815999985 1.686000 1.070884 0.000000 0.000000 0.000000 0.014897 0.999889
70.900581121 1.702891 1.071236 0.000000 0.000000 0.000000 0.015458 0.999881
70.955633402 1.714169 1.070274 0.000000 0.000000 0.000000 0.015461 0.999880
71.042252779 1.730299 1.069789 0.000000 0.000000 0.000000 0.015262 0.999884
71.103641987 1.741799 1.068690 0.000000 0.000000 0.000000 0.015074 0.999886
71.186776161 1.757165 1.069951 0.000000 0.000000 0.000000 0.015362 0.999882
71.250498533 1.770370 1.071598 0.000000 0.000000 0.000000 0.015526 0.999879
71.341936827 1.777067 1.071974 0.000000 0.000000 0.000000 0.023605 0.999721
71.393325806 1.781146 1.072703 0.000000 0.000000 0.000000 0.028126 0.999604
71.487019539 1.787771 1.072180 0.000000 0.000000 0.000000 0.036063 0.999350
71.537977695 1.788430 1.071538 0.000000 0.000000 0.000000 0.040396 0.999184
71.626116753 1.792720 1.069859 0.000000 0.000000 0.000000 0.048057 0.998845
71.682151079 1.792033 1.071888 0.000000 0.000000 0.000000 0.052205 0.998636
71.763496399 1.796895 1.072782 0.000000 0.000000 0.000000 0.059448 0.998231
71.820455313 1.798831 1.072647 0.000000 0.000000 0.000000 0.063895 0.997957
71.918866396 1.802587 1.072805 0.000000 0.000000 0.000000 0.072349 0.997379
71.975845575 1.804336 1.072231 0.000000 0.000000 0.000000 0.077210 0.997015
72.068582535 1.806656 1.073354 0.000000 0.000000 0.000000 0.084623 0.996413
72.122643709 1.807690 1.073750 0.000000 0.000000 0.000000 0.089642 0.995974
72.217851877 1.824068 1.075437 0.000000 0.000000 0.000000 0.090231 0.995921
72.265589714 1.832294 1.077808 0.000000 0.000000 0.000000 0.090190 0.995925
72.354194641 1.849834 1.080107 0.000000 0.000000 0.000000 0.090539 0.995893
72.403216600 1.857640 1.080642 0.000000 0.000000 0.000000 0.090580 0.995889
72.504085302 1.877126 1.083261 0.000000 0.000000 0.000000 0.090756 0.995873
72.559812546 1.889553 1.086947 0.000000 0.000000 0.000000 0.090504 0.995896
72.641114473 1.906512 1.090231 0.000000 0.000000 0.000000 0.090631 0.995885
72.695553064 1.918001 1.092868 0.000000 0.000000 0.000000 0.090542 0.995893
72.784453154 1.934945 1.095991 0.000000 0.000000 0.000000 0.090628 0.995885
72.839464188 1.939158 1.097633 0.000000 0.000000 0.000000 0.095514 0.995428
72.931765556 1.944705 1.098025 0.000000 0.000000 0.000000 0.103048 0.994676
72.986810684 1.947423 1.098582 0.000000 0.000000 0.000000 0.107403 0.994216
73.071648121 1.950307 1.095218 0.000000 0.000000 0.000000 0.114820 0.993386
73.129702330 1.953311 1.095830 0.000000 0.000000 0.000000 0.119677 0.992813
73.227200508 1.957334 1.095413 0.000000 0.000000 0.000000 0.128125 0.991758
73.271549940 1.958692 1.095594 0.000000 0.000000 0.000000 0.131680 0.991292
73.365193605 1.975827 1.100720 0.000000 0.000000 0.000000 0.131798 0.991277
73.410813332 1.984332 1.103858 0.000000 0.000000 0.000000 0.132014 0.991248
73.495560646 2.001454 1.109527 0.000000 0.000000 0.000000 0.131673 0.991293
73.549853325 2.011726 1.113428 0.000000 0.000000 0.000000 0.131906 0.991262
73.635336399 2.027192 1.116511 0.000000 0.000000 0.000000 0.131795 0.991277
73.700213671 2.039600 1.120730 0.000000 0.000000 0.000000 0.131664 0.991294
73.794411182 2.056962 1.124301 0.000000 0.000000 0.000000 0.131996 0.991250
73.851395130 2.067223 1.126117 0.000000 0.000000 0.000000 0.131070 0.991373
73.934927464 2.084488 1.129822 0.000000 0.000000 0.000000 0.131060 0.991374
73.994324923 2.088948 1.129622 0.000000 0.000000 0.000000 0.135820 0.990734
74.076428652 2.092095 1.129548 0.000000 0.000000 0.000000 0.142856 0.989744
74.138641834 2.094782 1.128791 0.000000 0.000000 0.000000 0.148586 0.988900
74.232690811 2.096003 1.128096 0.000000 0.000000 0.000000 0.156926 0.987610
74.284757137 2.097257 1.126455 0.000000 0.000000 0.000000 0.161090 0.986940
74.368963718 2.103468 1.126306 0.000000 0.000000 0.000000 0.167786 0.985823
74.424954653 2.106779 1.127740 0.000000 0.000000 0.000000 0.173103 0.984904
74.512892008 2.111676 1.125870 0.000000 0.000000 0.000000 0.180871 0.983507
74.568120718 2.122809 1.129210 0.000000 0.000000 0.000000 0.180935 0.983495
74.659038782 2.138795 1.134397 0.000000 0.000000 0.000000 0.180978 0.983487
74.720528126 2.149625 1.138656 0.000000 0.000000 0.000000 0.180808 0.983518
74.807915449 2.166404 1.142599 0.000000 0.000000 0.000000 0.181089 0.983467
74.867791891 2.176602 1.147423 0.000000 0.000000 0.000000 0.180936 0.983495
74.956265450 2.192976 1.152899 0.000000 0.000000 0.000000 0.181412 0.983407
75.006022692 2.204249 1.156306 0.000000 0.000000 0.000000 0.181704 0.983353
75.093890429 2.219843 1.162191 0.000000 0.000000 0.000000 0.181736 0.983347
75.151803017 2.230711 1.167788 0.000000 0.000000 0.000000 0.181537 0.983384
75.237923384 2.245357 1.173351 0.000000 0.000000 0.000000 0.181280 0.983431
75.289012432 2.254624 1.176182 0.000000 0.000000 0.000000 0.181416 0.983407
75.377345324 2.270546 1.180997 0.000000 0.000000 0.000000 0.181242 0.983439
75.433693886 2.283200 1.183782 0.000000 0.000000 0.000000 0.181866 0.983323
75.537194490 2.301605 1.189888 0.000000 0.000000 0.000000 0.181586 0.983375
75.586070776 2.310823 1.191975 0.000000 0.000000 0.000000 0.181640 0.983365
75.689361572 2.329522 1.198335 0.000000 0.000000 0.000000 0.181331 0.983422
75.744805098 2.340768 1.201330 0.000000 0.000000 0.000000 0.181240 0.983439
75.826009274 2.356121 1.207173 0.000000 0.000000 0.000000 0.180787 0.983522
75.899021864 2.358551 1.206932 0.000000 0.000000 0.000000 0.187009 0.982358
75.992537260 2.360536 1.206988 0.000000 0.000000 0.000000 0.195201 0.980763
76.056124210 2.364033 1.208181 0.000000 0.000000 0.000000 0.200882 0.979615
76.141805172 2.366021 1.207756 0.000000 0.000000 0.000000 0.207363 0.978264
76.196712971 2.367419 1.211623 0.000000 0.000000 0.000000 0.211803 0.977312
76.279946327 2.369000 1.211772 0.000000 0.000000 0.000000 0.218443 0.975850
76.336917877 2.370098 1.212787 0.000000 0.000000 0.000000 0.223244 0.974762
76.431858301 2.374298 1.215236 0.000000 0.000000 0.000000 0.230791 0.973003
76.487337351 2.382547 1.216230 0.000000 0.000000 0.000000 0.230260 0.973129
76.576975346 2.397533 1.223286 0.000000 0.000000 0.000000 0.229782 0.973242
76.635664701 2.408261 1.227882 0.000000 0.000000 0.000000 0.229740 0.973252
76.736702204 2.425182 1.234915 0.000000 0.000000 0.000000 0.229752 0.973249
76.784813404 2.431520 1.240206 0.000000 0.000000 0.000000 0.229612 0.973282
76.872728825 2.445103 1.249092 0.000000 0.000000 0.000000 0.229825 0.973232
76.940669060 2.457784 1.254509 0.000000 0.000000 0.000000 0.229423 0.973327
77.039191484 2.473510 1.259013 0.000000 0.000000 0.000000 0.229098 0.973403
77.091496944 2.482316 1.264229 0.000000 0.000000 0.000000 0.229154 0.973390
77.178045034 2.487059 1.265083 0.000000 0.000000 0.000000 0.236198 0.971705
77.233334064 2.489934 1.265961 0.000000 0.000000 0.000000 0.240696 0.970601
77.321522951 2.493205 1.266702 0.000000 0.000000 0.000000 0.247808 0.968809
77.385615587 2.496959 1.265622 0.000000 0.000000 0.000000 0.253310 0.967385
77.482558012 2.510136 1.272653 0.000000 0.000000 0.000000 0.253404 0.967361
77.535058022 2.519812 1.278225 0.000000 0.000000 0.000000 0.253358 0.967372
77.635596514 2.535151 1.286675 0.000000 0.000000 0.000000 0.254175 0.967158
77.687636852 2.542646 1.291034 0.000000 0.000000 0.000000 0.254426 0.967092
77.783472538 2.556256 1.298849 0.000000 0.000000 0.000000 0.254656 0.967032
77.833787918 2.563712 1.304168 0.000000 0.000000 0.000000 0.254464 0.967082
77.940711260 2.581244 1.315718 0.000000 0.000000 0.000000 0.254599 0.967047
77.985099792 2.588010 1.319816 0.000000 0.000000 0.000000 0.254645 0.967035
78.074628830 2.603604 1.328937 0.000000 0.000000 0.000000 0.254879 0.966973
78.126539230 2.612420 1.332670 0.000000 0.000000 0.000000 0.254751 0.967007
78.225707769 2.619032 1.334854 0.000000 0.000000 0.000000 0.263136 0.964759
78.287621975 2.622796 1.333754 0.000000 0.000000 0.000000 0.268496 0.963281
78.371752024 2.635911 1.341285 0.000000 0.000000 0.000000 0.268660 0.963235
78.425225496 2.643902 1.347475 0.000000 0.000000 0.000000 0.268577 0.963258
78.525620699 2.662190 1.356582 0.000000 0.000000 0.000000 0.268914 0.963164
78.588539600 2.672553 1.363760 0.000000 0.000000 0.000000 0.268645 0.963239
78.670593977 2.687498 1.371420 0.000000 0.000000 0.000000 0.268906 0.963166
78.735427380 2.697994 1.377423 0.000000 0.000000 0.000000 0.268709 0.963221
78.827690363 2.711994 1.385684 0.000000 0.000000 0.000000 0.268652 0.963237
78.889282465 2.721237 1.392946 0.000000 0.000000 0.000000 0.268741 0.963212
78.986895561 2.736639 1.403276 0.000000 0.000000 0.000000 0.268612 0.963249
79.038242817 2.748061 1.408515 0.000000 0.000000 0.000000 0.268711 0.963221
79.133278370 2.753797 1.408669 0.000000 0.000000 0.000000 0.276759 0.960939
79.188038111 2.755457 1.411305 0.000000 0.000000 0.000000 0.281534 0.959551
79.274859905 2.759689 1.414318 0.000000 0.000000 0.000000 0.288669 0.957429
79.325020790 2.765088 1.416569 0.000000 0.000000 0.000000 0.288397 0.957511
79.419587612 2.780910 1.427488 0.000000 0.000000 0.000000 0.288551 0.957464
79.476016521 2.789794 1.434415 0.000000 0.000000 0.000000 0.288514 0.957476
79.572896481 2.804239 1.445765 0.000000 0.000000 0.000000 0.288258 0.957553
79.625355482 2.812251 1.451563 0.000000 0.000000 0.000000 0.287786 0.957695
79.715934038 2.826959 1.461741 0.000000 0.000000 0.000000 0.287880 0.957667
79.766192913 2.835886 1.466597 0.000000 0.000000 0.000000 0.287816 0.957686
79.851100206 2.850648 1.476292 0.000000 0.000000 0.000000 0.288138 0.957589
79.911969662 2.861066 1.482832 0.000000 0.000000 0.000000 0.287980 0.957636
80.005322218 2.875216 1.493692 0.000000 0.000000 0.000000 0.288321 0.957534
80.049822092 2.883737 1.498383 0.000000 0.000000 0.000000 0.288370 0.957519
80.144307137 2.896015 1.508030 0.000000 0.000000 0.000000 0.288545 0.957466
80.194717646 2.905833 1.513962 0.000000 0.000000 0.000000 0.288279 0.957546
80.283586025 2.910754 1.518055 0.000000 0.000000 0.000000 0.295442 0.955361
80.339012861 2.914467 1.519523 0.000000 0.000000 0.000000 0.300117 0.953903
80.432806969 2.918881 1.521634 0.000000 0.000000 0.000000 0.307727 0.951475
80.481657505 2.921291 1.519928 0.000000 0.000000 0.000000 0.311506 0.950244
80.570667744 2.926902 1.521605 0.000000 0.000000 0.000000 0.318884 0.947794
80.629180193 2.930475 1.522918 0.000000 0.000000 0.000000 0.323592 0.946197
80.725515127 2.931749 1.525615 0.000000 0.000000 0.000000 0.331301 0.943525
80.785824299 2.933552 1.526006 0.000000 0.000000 0.000000 0.336252 0.941772
80.885531425 2.935899 1.527868 0.000000 0.000000 0.000000 0.344185 0.938902
80.931448936 2.937556 1.527897 0.000000 0.000000 0.000000 0.348019 0.937488
81.023196459 2.948681 1.537259 0.000000 0.000000 0.000000 0.347972 0.937505
81.074112654 2.957330 1.542433 0.000000 0.000000 0.000000 0.347503 0.937679
81.169610262 2.971120 1.556469 0.000000 0.000000 0.000000 0.347479 0.937688
81.221564293 2.981282 1.563814 0.000000 0.000000 0.000000 0.347340 0.937739
81.317089081 2.996384 1.573444 0.000000 0.000000 0.000000 0.347861 0.937546
81.373459816 3.007423 1.579536 0.000000 0.000000 0.000000 0.347668 0.937618
81.468533754 3.020207 1.592481 0.000000 0.000000 0.000000 0.347906 0.937529
81.523016691 3.028819 1.601956 0.000000 0.000000 0.000000 0.348511 0.937305
81.598726511 3.039877 1.613328 0.000000 0.000000 0.000000 0.348263 0.937397
81.657386780 3.042378 1.617247 0.000000 0.000000 0.000000 0.353104 0.935584
81.743980408 3.047062 1.621279 0.000000 0.000000 0.000000 0.360249 0.932856
81.802433014 3.048940 1.621358 0.000000 0.000000 0.000000 0.364532 0.931191
81.892469883 3.052326 1.623133 0.000000 0.000000 0.000000 0.371426 0.928463
81.951400280 3.052160 1.623047 0.000000 0.000000 0.000000 0.375972 0.926631
82.051398516 3.057517 1.624027 0.000000 0.000000 0.000000 0.384154 0.923269
82.098116398 3.057880 1.624810 0.000000 0.000000 0.000000 0.388151 0.921596
82.188131332 3.067287 1.636610 0.000000 0.000000 0.000000 0.388599 0.921407
82.248149872 3.074638 1.645406 0.000000 0.000000 0.000000 0.388825 0.921312
82.336132288 3.087959 1.659668 0.000000 0.000000 0.000000 0.389118 0.921188
82.396090031 3.095319 1.667098 0.000000 0.000000 0.000000 0.389243 0.921135
82.493404388 3.108419 1.681907 0.000000 0.000000 0.000000 0.389114 0.921190
82.545469284 3.116066 1.690675 0.000000 0.000000 0.000000 0.388915 0.921274
82.645762682 3.129583 1.704853 0.000000 0.000000 0.000000 0.389023 0.921228
82.703368902 3.140072 1.712679 0.000000 0.000000 0.000000 0.389014 0.921232
82.786747932 3.154800 1.723118 0.000000 0.000000 0.000000 0.388426 0.921480
82.854153395 3.165994 1.730979 0.000000 0.000000 0.000000 0.387784 0.921750
82.943068027 3.179265 1.745315 0.000000 0.000000 0.000000 0.388155 0.921594
83.009804964 3.188551 1.755101 0.000000 0.000000 0.000000 0.388124 0.921607
83.085191727 3.197906 1.764914 0.000000 0.000000 0.000000 0.388131 0.921604
83.153803349 3.206847 1.775368 0.000000 0.000000 0.000000 0.388142 0.921599
83.241653681 3.218958 1.787627 0.000000 0.000000 0.000000 0.388322 0.921524
83.297069788 3.222083 1.792132 0.000000 0.000000 0.000000 0.392244 0.919861
83.389735460 3.225104 1.795156 0.000000 0.000000 0.000000 0.399519 0.916725
83.453119040 3.227797 1.796486 0.000000 0.000000 0.000000 0.404871 0.914374
83.537900448 3.227109 1.798428 0.000000 0.000000 0.000000 0.411441 0.911436
83.597048283 3.228967 1.798087 0.000000 0.000000 0.000000 0.415526 0.909581
83.717325926 3.230534 1.800673 0.000000 0.000000 0.000000 0.425259 0.905072
83.749479055 3.231030 1.801124 0.000000 0.000000 0.000000 0.428130 0.903717
83.838826418 3.231960 1.805715 0.000000 0.000000 0.000000 0.434811 0.900522
83.901724577 3.233213 1.807529 0.000000 0.000000 0.000000 0.439645 0.898171
83.992516994 3.233649 1.810384 0.000000 0.000000 0.000000 0.446629 0.894719
84.051721573 3.234434 1.811464 0.000000 0.000000 0.000000 0.451017 0.892516
84.156426907 3.235407 1.813725 0.000000 0.000000 0.000000 0.459238 0.888314
84.200500965 3.234470 1.813483 0.000000 0.000000 0.000000 0.462854 0.886435
84.283172131 3.242563 1.825141 0.000000 0.000000 0.000000 0.462973 0.886372
84.341853619 3.250135 1.834592 0.000000 0.000000 0.000000 0.462975 0.886371
84.440338135 3.259801 1.850542 0.000000 0.000000 0.000000 0.462911 0.886405
84.490278244 3.265086 1.859158 0.000000 0.000000 0.000000 0.463022 0.886347
84.590413809 3.276570 1.876308 0.000000 0.000000 0.000000 0.463022 0.886347
84.637861252 3.279864 1.878632 0.000000 0.000000 0.000000 0.466337 0.884607
84.731191397 3.284440 1.884939 0.000000 0.000000 0.000000 0.473360 0.880869
84.795961142 3.287065 1.886952 0.000000 0.000000 0.000000 0.478009 0.878355
84.885035038 3.290341 1.890953 0.000000 0.000000 0.000000 0.484780 0.874636
84.942189693 3.296433 1.900450 0.000000 0.000000 0.000000 0.484771 0.874641
85.035698891 3.305665 1.914053 0.000000 0.000000 0.000000 0.484670 0.874697
85.087255955 3.311127 1.923138 0.000000 0.000000 0.000000 0.484890 0.874575
85.177431345 3.320114 1.938520 0.000000 0.000000 0.000000 0.484828 0.874610
85.234461546 3.325223 1.949619 0.000000 0.000000 0.000000 0.484821 0.874613
85.317269802 3.334776 1.963155 0.000000 0.000000 0.000000 0.484763 0.874646
85.371974707 3.340500 1.971571 0.000000 0.000000 0.000000 0.485110 0.874453
85.478625298 3.342628 1.977680 0.000000 0.000000 0.000000 0.492968 0.870048
85.528799295 3.346218 1.978448 0.000000 0.000000 0.000000 0.496844 0.867840
85.623463392 3.346378 1.984838 0.000000 0.000000 0.000000 0.503541 0.863971
85.673765659 3.347200 1.985581 0.000000 0.000000 0.000000 0.507357 0.861736
85.763669968 3.350906 1.997179 0.000000 0.000000 0.000000 0.507792 0.861480
85.820935726 3.355546 2.004473 0.000000 0.000000 0.000000 0.507806 0.861472
85.910727024 3.364093 2.017757 0.000000 0.000000 0.000000 0.507918 0.861406
85.964876890 3.369406 2.026440 0.000000 0.000000 0.000000 0.508022 0.861344
86.051109076 3.378232 2.040381 0.000000 0.000000 0.000000 0.507907 0.861412
86.103527308 3.383527 2.050958 0.000000 0.000000 0.000000 0.508203 0.861238
86.201452255 3.394098 2.068222 0.000000 0.000000 0.000000 0.508307 0.861176
86.242657185 3.398743 2.074164 0.000000 0.000000 0.000000 0.508383 0.861131
86.334985495 3.406556 2.090767 0.000000 0.000000 0.000000 0.508764 0.860906
86.382092714 3.407997 2.093901 0.000000 0.000000 0.000000 0.511909 0.859040
86.472083092 3.411961 2.096559 0.000000 0.000000 0.000000 0.517783 0.855512
86.523828268 3.414573 2.097693 0.000000 0.000000 0.000000 0.521313 0.853365
86.615870237 3.416386 2.102310 0.000000 0.000000 0.000000 0.527799 0.849369
86.670076370 3.418726 2.105292 0.000000 0.000000 0.000000 0.531633 0.846975
86.774803400 3.428055 2.123206 0.000000 0.000000 0.000000 0.531646 0.846967
86.820199966 3.431448 2.129919 0.000000 0.000000 0.000000 0.531937 0.846784
86.919469357 3.439269 2.145774 0.000000 0.000000 0.000000 0.531870 0.846826
86.967871189 3.444203 2.154739 0.000000 0.000000 0.000000 0.532068 0.846702
87.056761026 3.452616 2.170162 0.000000 0.000000 0.000000 0.532189 0.846625
87.109259605 3.458028 2.177661 0.000000 0.000000 0.000000 0.532674 0.846321
87.192007065 3.466212 2.191354 0.000000 0.000000 0.000000 0.532381 0.846505
87.253980637 3.470596 2.201671 0.000000 0.000000 0.000000 0.532922 0.846164
87.349741697 3.473310 2.205380 0.000000 0.000000 0.000000 0.540148 0.841570
87.405018091 3.475250 2.206637 0.000000 0.000000 0.000000 0.544023 0.839071
87.485984564 3.478830 2.208045 0.000000 0.000000 0.000000 0.549756 0.835325
87.543567896 3.479967 2.208705 0.000000 0.000000 0.000000 0.553928 0.832565
87.634330273 3.480347 2.210697 0.000000 0.000000 0.000000 0.560358 0.828251
87.686902761 3.478477 2.211450 0.000000 0.000000 0.000000 0.564219 0.825625
87.787247896 3.475832 2.216289 0.000000 0.000000 0.000000 0.571274 0.820759
87.837472916 3.478160 2.225532 0.000000 0.000000 0.000000 0.571188 0.820819
87.916748285 3.482011 2.239473 0.000000 0.000000 0.000000 0.571008 0.820944
87.986268759 3.487644 2.251641 0.000000 0.000000 0.000000 0.571048 0.820917
88.086726427 3.493827 2.268639 0.000000 0.000000 0.000000 0.571389 0.820679
88.150101423 3.497546 2.277790 0.000000 0.000000 0.000000 0.571310 0.820734
88.240933418 3.499869 2.283147 0.000000 0.000000 0.000000 0.577776 0.816195
88.297403812 3.499220 2.284190 0.000000 0.000000 0.000000 0.581629 0.813454
88.386169910 3.501037 2.286762 0.000000 0.000000 0.000000 0.588047 0.808827
88.450335503 3.500005 2.289116 0.000000 0.000000 0.000000 0.592448 0.805608
88.535275698 3.502333 2.293119 0.000000 0.000000 0.000000 0.597829 0.801624
88.605426788 3.503618 2.296009 0.000000 0.000000 0.000000 0.602359 0.798225
88.683759212 3.504490 2.298573 0.000000 0.000000 0.000000 0.607430 0.794373
88.750116110 3.508283 2.309159 0.000000 0.000000 0.000000 0.607269 0.794496
88.851769447 3.513906 2.327485 0.000000 0.000000 0.000000 0.607233 0.794524
88.916266441 3.516345 2.339314 0.000000 0.000000 0.000000 0.607138 0.794596
89.002526760 3.519580 2.355269 0.000000 0.000000 0.000000 0.606855 0.794812
89.057895184 3.521481 2.364234 0.000000 0.000000 0.000000 0.606600 0.795007
89.140100241 3.526571 2.380643 0.000000 0.000000 0.000000 0.606624 0.794989
89.195465088 3.527381 2.384623 0.000000 0.000000 0.000000 0.610391 0.792100
89.289087772 3.530621 2.393353 0.000000 0.000000 0.000000 0.616472 0.787377
89.344048738 3.532699 2.395445 0.000000 0.000000 0.000000 0.619975 0.784621
89.440391302 3.535377 2.398958 0.000000 0.000000 0.000000 0.626642 0.779307
89.492968559 3.536044 2.400154 0.000000 0.000000 0.000000 0.630350 0.776311
89.607647657 3.541164 2.419378 0.000000 0.000000 0.000000 0.630716 0.776014
89.672281504 3.543567 2.431600 0.000000 0.000000 0.000000 0.630835 0.775917
89.768073082 3.546966 2.447772 0.000000 0.000000 0.000000 0.630932 0.775838
89.829360723 3.549010 2.459644 0.000000 0.000000 0.000000 0.630709 0.776020
89.918611765 3.555771 2.476847 0.000000 0.000000 0.000000 0.630610 0.776100
89.983339548 3.560725 2.490143 0.000000 0.000000 0.000000 0.630512 0.776180
90.075467348 3.564459 2.507265 0.000000 0.000000 0.000000 0.630925 0.775844
90.136802912 3.568145 2.518178 0.000000 0.000000 0.000000 0.630874 0.775885
90.217718840 3.571630 2.532711 0.000000 0.000000 0.000000 0.630799 0.775946
90.282570362 3.575347 2.544279 0.000000 0.000000 0.000000 0.630638 0.776077
90.377734184 3.581267 2.563173 0.000000 0.000000 0.000000 0.630610 0.776100
90.428593874 3.583219 2.573757 0.000000 0.000000 0.000000 0.630642 0.776074
90.510604858 3.586473 2.590119 0.000000 0.000000 0.000000 0.630876 0.775884
90.568803549 3.589302 2.602624 0.000000 0.000000 0.000000 0.630779 0.775962
90.669097900 3.595260 2.621263 0.000000 0.000000 0.000000 0.631075 0.775721
90.734403133 3.598698 2.632683 0.000000 0.000000 0.000000 0.631179 0.775637
90.817264557 3.602625 2.651798 0.000000 0.000000 0.000000 0.631525 0.775356
90.874949217 3.603666 2.661788 0.000000 0.000000 0.000000 0.631545 0.775339
90.977848291 3.607610 2.683065 0.000000 0.000000 0.000000 0.631231 0.775595
91.038990498 3.609361 2.696227 0.000000 0.000000 0.000000 0.631043 0.775748
91.132968187 3.612167 2.714117 0.000000 0.000000 0.000000 0.631164 0.775650
91.184181929 3.614782 2.725646 0.000000 0.000000 0.000000 0.631044 0.775747
91.277483940 3.620117 2.744062 0.000000 0.000000 0.000000 0.630967 0.775810
91.333750963 3.622446 2.754039 0.000000 0.000000 0.000000 0.630705 0.776023
91.435931683 3.625266 2.774517 0.000000 0.000000 0.000000 0.630399 0.776271
91.490885019 3.627169 2.787976 0.000000 0.000000 0.000000 0.630301 0.776351
91.596405983 3.629538 2.807520 0.000000 0.000000 0.000000 0.630280 0.776368
91.657889366 3.634023 2.817292 0.000000 0.000000 0.000000 0.629401 0.777081
91.744920015 3.637631 2.831675 0.000000 0.000000 0.000000 0.629587 0.776930
91.803375244 3.640514 2.842473 0.000000 0.000000 0.000000 0.629716 0.776825
91.889576912 3.645923 2.858381 0.000000 0.000000 0.000000 0.629759 0.776791
91.950321198 3.648674 2.870633 0.000000 0.000000 0.000000 0.629763 0.776788
92.040585995 3.653338 2.888277 0.000000 0.000000 0.000000 0.629962 0.776626
92.095539570 3.656270 2.898208 0.000000 0.000000 0.000000 0.630036 0.776566
92.180634975 3.659567 2.912468 0.000000 0.000000 0.000000 0.630063 0.776544
92.233907700 3.661451 2.922748 0.000000 0.000000 0.000000 0.630241 0.776400
92.324627161 3.665132 2.940576 0.000000 0.000000 0.000000 0.630241 0.776400
92.377721786 3.667788 2.951968 0.000000 0.000000 0.000000 0.630559 0.776141
92.477380037 3.666694 2.971367 0.000000 0.000000 0.000000 0.630591 0.776115
92.527386665 3.667871 2.980124 0.000000 0.000000 0.000000 0.630967 0.775810
92.615924358 3.670469 2.996207 0.000000 0.000000 0.000000 0.631252 0.775578
92.672314167 3.672853 3.004520 0.000000 0.000000 0.000000 0.631518 0.775361
92.773890257 3.677128 3.020485 0.000000 0.000000 0.000000 0.631517 0.775362
92.833395958 3.681021 3.032039 0.000000 0.000000 0.000000 0.631619 0.775279
92.924817085 3.684792 3.049989 0.000000 0.000000 0.000000 0.631322 0.775521
92.988978386 3.690318 3.064897 0.000000 0.000000 0.000000 0.631379 0.775475
93.100240469 3.695491 3.086169 0.000000 0.000000 0.000000 0.631575 0.775315
93.152472734 3.698860 3.096225 0.000000 0.000000 0.000000 0.631295 0.775543
93.248969555 3.705876 3.114481 0.000000 0.000000 0.000000 0.631140 0.775669
93.302347898 3.706907 3.125403 0.000000 0.000000 0.000000 0.631079 0.775718
93.402684212 3.709896 3.144563 0.000000 0.000000 0.000000 0.630993 0.775789
93.454676867 3.710981 3.155118 0.000000 0.000000 0.000000 0.631286 0.775550
93.552758694 3.714629 3.174076 0.000000 0.000000 0.000000 0.631249 0.775580
93.613630056 3.716295 3.185340 0.000000 0.000000 0.000000 0.631284 0.775552
93.707502604 3.719578 3.203744 0.000000 0.000000 0.000000 0.631142 0.775667
93.764230251 3.721935 3.213770 0.000000 0.000000 0.000000 0.631123 0.775683
93.873910427 3.726173 3.233250 0.000000 0.000000 0.000000 0.631098 0.775703
93.914932251 3.727013 3.239835 0.000000 0.000000 0.000000 0.631190 0.775628
94.005584240 3.729771 3.255581 0.000000 0.000000 0.000000 0.631098 0.775703
94.060539484 3.732186 3.265284 0.000000 0.000000 0.000000 0.631075 0.775722
94.156020403 3.735473 3.284906 0.000000 0.000000 0.000000 0.630906 0.775859
94.210253716 3.736808 3.296978 0.000000 0.000000 0.000000 0.631172 0.775643
94.306135893 3.740177 3.314560 0.000000 0.000000 0.000000 0.631446 0.775420
94.372974396 3.743952 3.327500 0.000000 0.000000 0.000000 0.631356 0.775493
94.471097946 3.748360 3.347094 0.000000 0.000000 0.000000 0.631240 0.775587
94.529613972 3.750755 3.356861 0.000000 0.000000 0.000000 0.631325 0.775518
94.627149820 3.754955 3.375696 0.000000 0.000000 0.000000 0.631466 0.775403
94.671769142 3.756316 3.383257 0.000000 0.000000 0.000000 0.631743 0.775178
94.763330460 3.757908 3.404157 0.000000 0.000000 0.000000 0.632178 0.774823
94.822440624 3.760270 3.418135 0.000000 0.000000 0.000000 0.631990 0.774976
94.912670851 3.764027 3.435359 0.000000 0.000000 0.000000 0.631889 0.775059
94.978972197 3.765831 3.447954 0.000000 0.000000 0.000000 0.631673 0.775235
95.068254471 3.768726 3.466114 0.000000 0.000000 0.000000 0.631441 0.775424
95.123470068 3.770866 3.477530 0.000000 0.000000 0.000000 0.631228 0.775597
95.210581541 3.773512 3.494764 0.000000 0.000000 0.000000 0.631153 0.775659
95.261231899 3.775937 3.505635 0.000000 0.000000 0.000000 0.630955 0.775820
95.358219862 3.778733 3.523481 0.000000 0.000000 0.000000 0.631061 0.775733
95.405269146 3.780790 3.534236 0.000000 0.000000 0.000000 0.631147 0.775664
95.495450497 3.781027 3.534365 0.000000 0.000000 0.000000 0.631244 0.775584
95.556711435 3.779749 3.536556 0.000000 0.000000 0.000000 0.631366 0.775485
95.654532194 3.774309 3.538012 0.000000 0.000000 0.000000 0.630996 0.775786
95.718507051 3.775137 3.537928 0.000000 0.000000 0.000000 0.630911 0.775856
95.809733868 3.775493 3.538028 0.000000 0.000000 0.000000 0.630709 0.776019
95.869915009 3.775633 3.538527 0.000000 0.000000 0.000000 0.630823 0.775927
95.968504429 3.776746 3.540025 0.000000 0.000000 0.000000 0.630561 0.776140
96.013655424 3.775862 3.539512 0.000000 0.000000 0.000000 0.630641 0.776074
96.105460644 3.777574 3.539636 0.000000 0.000000 0.000000 0.630402 0.776268
96.151817083 3.778346 3.540260 0.000000 0.000000 0.000000 0.630476 0.776209
96.249305487 3.780115 3.541071 0.000000 0.000000 0.000000 0.630405 0.776267
96.313171148 3.781135 3.541925 0.000000 0.000000 0.000000 0.630249 0.776393
96.411842108 3.781736 3.543140 0.000000 0.000000 0.000000 0.630198 0.776435
96.483254194 3.783446 3.542718 0.000000 0.000000 0.000000 0.629692 0.776845
96.576039553 3.782967 3.544293 0.000000 0.000000 0.000000 0.629643 0.776885
96.634468794 3.781928 3.544737 0.000000 0.000000 0.000000 0.629799 0.776758
96.723625898 3.782255 3.546122 0.000000 0.000000 0.000000 0.629557 0.776954
96.781600475 3.782379 3.548572 0.000000 0.000000 0.000000 0.629489 0.777010
96.866395235 3.782816 3.550826 0.000000 0.000000 0.000000 0.629694 0.776844
96.921135187 3.783204 3.552442 0.000000 0.000000 0.000000 0.629803 0.776755
97.019036293 3.784391 3.551383 0.000000 0.000000 0.000000 0.629601 0.776918
97.060910940 3.784435 3.551120 0.000000 0.000000 0.000000 0.629678 0.776856
97.153807163 3.783400 3.552204 0.000000 0.000000 0.000000 0.629958 0.776629
97.211027622 3.783813 3.551465 0.000000 0.000000 0.000000 0.629782 0.776772
97.305245876 3.785620 3.554746 0.000000 0.000000 0.000000 0.629706 0.776833
97.364989996 3.785862 3.554703 0.000000 0.000000 0.000000 0.629565 0.776948
97.465471268 3.783938 3.554028 0.000000 0.000000 0.000000 0.629674 0.776860
97.531141281 3.781874 3.555476 0.000000 0.000000 0.000000 0.629759 0.776790
97.607466698 3.781327 3.555285 0.000000 0.000000 0.000000 0.629915 0.776664
97.670571327 3.779502 3.556370 0.000000 0.000000 0.000000 0.629932 0.776650
97.761371374 3.779127 3.558057 0.000000 0.000000 0.000000 0.630322 0.776334
97.826786518 3.781030 3.553753 0.000000 0.000000 0.000000 0.630694 0.776032
97.904732704 3.781639 3.552849 0.000000 0.000000 0.000000 0.630603 0.776106
97.972033739 3.781816 3.553880 0.000000 0.000000 0.000000 0.631032 0.775757
98.065672398 3.783055 3.555639 0.000000 0.000000 0.000000 0.631370 0.775482
98.120881319 3.781533 3.554521 0.000000 0.000000 0.000000 0.631730 0.775188
98.209275961 3.779942 3.555294 0.000000 0.000000 0.000000 0.631652 0.775252
98.266049623 3.777893 3.554872 0.000000 0.000000 0.000000 0.631809 0.775124
98.353181839 3.776165 3.555620 0.000000 0.000000 0.000000 0.631850 0.775090
98.403073549 3.775322 3.556308 0.000000 0.000000 0.000000 0.631928 0.775027
98.490382910 3.775483 3.557379 0.000000 0.000000 0.000000 0.632038 0.774938
98.542252064 3.773990 3.557359 0.000000 0.000000 0.000000 0.632017 0.774955
98.624454260 3.773200 3.557415 0.000000 0.000000 0.000000 0.631492 0.775383
98.685510397 3.771557 3.555645 0.000000 0.000000 0.000000 0.631395 0.775461
98.779605627 3.771030 3.554872 0.000000 0.000000 0.000000 0.631050 0.775742
98.838194609 3.771904 3.553267 0.000000 0.000000 0.000000 0.630922 0.775846
98.929908276 3.771178 3.548628 0.000000 0.000000 0.000000 0.630741 0.775994
98.986426353 3.772544 3.549150 0.000000 0.000000 0.000000 0.630495 0.776193
99.090990067 3.773017 3.549249 0.000000 0.000000 0.000000 0.630714 0.776015
99.137984037 3.771991 3.547183 0.000000 0.000000 0.000000 0.630981 0.775799
99.222180128 3.770889 3.545554 0.000000 0.000000 0.000000 0.631180 0.775636
99.274515629 3.769764 3.545811 0.000000 0.000000 0.000000 0.631007 0.775777
99.372492313 3.769769 3.546483 0.000000 0.000000 0.000000 0.630830 0.775921
99.430688858 3.769399 3.546860 0.000000 0.000000 0.000000 0.630992 0.775789
99.544572830 3.769875 3.546336 0.000000 0.000000 0.000000 0.630788 0.775955
99.586899042 3.772114 3.547563 0.000000 0.000000 0.000000 0.630218 0.776418
99.684531927 3.774351 3.547386 0.000000 0.000000 0.000000 0.630528 0.776167
99.732462883 3.776331 3.547212 0.000000 0.000000 0.000000 0.630410 0.776262
99.817482233 3.776169 3.544610 0.000000 0.000000 0.000000 0.630705 0.776023
99.865893364 3.776724 3.543881 0.000000 0.000000 0.000000 0.630676 0.776047
99.974117994 3.777373 3.542851 0.000000 0.000000 0.000000 0.631034 0.775755
100.008396149 3.778538 3.542122 0.000000 0.000000 0.000000 0.631408 0.775451
100.099959850 3.779339 3.540824 0.000000 0.000000 0.000000 0.631320 0.775522
100.157341719 3.780489 3.540039 0.000000 0.000000 0.000000 0.631424 0.775438
100.251402378 3.779423 3.539296 0.000000 0.000000 0.000000 0.631608 0.775288
100.296842813 3.778408 3.540605 0.000000 0.000000 0.000000 0.631492 0.775382
100.386153460 3.777844 3.538202 0.000000 0.000000 0.000000 0.631536 0.775347
100.438560963 3.777951 3.539305 0.000000 0.000000 0.000000 0.631222 0.775602
100.523025513 3.777205 3.541718 0.000000 0.000000 0.000000 0.631609 0.775287
100.578892708 3.777683 3.543183 0.000000 0.000000 0.000000 0.631263 0.775569
100.666844606 3.776289 3.543688 0.000000 0.000000 0.000000 0.632243 0.774770
100.717916250 3.774799 3.543540 0.000000 0.000000 0.000000 0.632125 0.774866
100.814438343 3.773257 3.543687 0.000000 0.000000 0.000000 0.632371 0.774665
100.859156370 3.773078 3.544623 0.000000 0.000000 0.000000 0.632412 0.774632
100.952885628 3.773240 3.544013 0.000000 0.000000 0.000000 0.632672 0.774420
101.000487804 3.772780 3.545247 0.000000 0.000000 0.000000 0.632769 0.774340
101.085479736 3.773331 3.545331 0.000000 0.000000 0.000000 0.632889 0.774243
101.136031866 3.774262 3.545594 0.000000 0.000000 0.000000 0.633121 0.774053
101.229514122 3.772992 3.546131 0.000000 0.000000 0.000000 0.633369 0.773850
101.274351120 3.772452 3.546880 0.000000 0.000000 0.000000 0.633208 0.773981
101.373620749 3.770942 3.544761 0.000000 0.000000 0.000000 0.632800 0.774315
101.426921129 3.771453 3.545984 0.000000 0.000000 0.000000 0.632852 0.774273
101.521782160 3.768933 3.549059 0.000000 0.000000 0.000000 0.633053 0.774108
101.570658922 3.768242 3.549743 0.000000 0.000000 0.000000 0.632787 0.774326
101.657437325 3.766878 3.549399 0.000000 0.000000 0.000000 0.632740 0.774364
101.713495970 3.766043 3.548743 0.000000 0.000000 0.000000 0.633116 0.774057
101.799236774 3.765531 3.547890 0.000000 0.000000 0.000000 0.633097 0.774072
101.849389791 3.763575 3.547991 0.000000 0.000000 0.000000 0.632924 0.774214
101.945839167 3.761697 3.548980 0.000000 0.000000 0.000000 0.632892 0.774240
101.999189854 3.761058 3.550496 0.000000 0.000000 0.000000 0.633168 0.774014
102.086042404 3.759003 3.551053 0.000000 0.000000 0.000000 0.633162 0.774019
102.136522293 3.757464 3.552836 0.000000 0.000000 0.000000 0.633522 0.773725
102.221495152 3.757422 3.551709 0.000000 0.000000 0.000000 0.633673 0.773601
102.276251078 3.756079 3.552163 0.000000 0.000000 0.000000 0.633924 0.773395
102.367645025 3.757611 3.550781 0.000000 0.000000 0.000000 0.633804 0.773494
102.423708200 3.755771 3.548256 0.000000 0.000000 0.000000 0.633738 0.773548
102.525077105 3.755995 3.546422 0.000000 0.000000 0.000000 0.633814 0.773485
102.574762106 3.754029 3.546735 0.000000 0.000000 0.000000 0.633878 0.773433
102.674291134 3.751973 3.546000 0.000000 0.000000 0.000000 0.633819 0.773481
