56.000000000 0.003638 0.998440 0.000000 0.000000 0.000000 -0.000055 1.000000
56.092626333 -0.002241 0.997724 0.000000 0.000000 0.000000 -0.001942 0.999998
56.136488199 -0.006083 0.999156 0.000000 0.000000 0.000000 -0.002342 0.999997
56.234569073 -0.007662 1.000872 0.000000 0.000000 0.000000 -0.002258 0.999997
56.291095257 -0.008839 1.002081 0.000000 0.000000 0.000000 -0.002066 0.999998
56.384810448 -0.009506 1.003558 0.000000 0.000000 0.000000 -0.001906 0.999998
56.432573795 -0.010292 1.004605 0.000000 0.000000 0.000000 -0.001925 0.999998
56.517774343 -0.010331 1.004838 0.000000 0.000000 0.000000 -0.001815 0.999998
56.566277504 -0.010955 1.005368 0.000000 0.000000 0.000000 -0.001740 0.999998
56.658776283 -0.011775 1.005395 0.000000 0.000000 0.000000 -0.001742 0.999998
56.719421625 -0.011506 1.005571 0.000000 0.000000 0.000000 -0.001742 0.999998
56.806190968 -0.011054 1.005810 0.000000 0.000000 0.000000 -0.001823 0.999998
56.859033823 -0.010330 1.006808 0.000000 0.000000 0.000000 -0.001859 0.999998
56.956225157 -0.009904 1.007340 0.000000 0.000000 0.000000 -0.002005 0.999998
56.992516994 -0.010252 1.008192 0.000000 0.000000 0.000000 -0.001972 0.999998
57.085117579 -0.010668 1.008734 0.000000 0.000000 0.000000 -0.001884 0.999998
57.135342836 -0.010913 1.009589 0.000000 0.000000 0.000000 -0.002007 0.999998
57.226917267 -0.010960 1.010186 0.000000 0.000000 0.000000 -0.002079 0.999998
57.280653477 -0.012173 1.011254 0.000000 0.000000 0.000000 -0.002242 0.999997
57.376023293 -0.011867 1.011941 0.000000 0.000000 0.000000 -0.002292 0.999997
57.421943903 -0.012113 1.012405 0.000000 0.000000 0.000000 -0.002307 0.999997
57.506844759 -0.012620 1.012274 0.000000 0.000000 0.000000 -0.002193 0.999998
57.561612844 -0.013660 1.011664 0.000000 0.000000 0.000000 -0.002169 0.999998
57.661116600 -0.013225 1.011572 0.000000 0.000000 0.000000 -0.001979 0.999998
57.713097334 -0.013424 1.011550 0.000000 0.000000 0.000000 -0.001914 0.999998
57.818692207 -0.013911 1.012585 0.000000 0.000000 0.000000 -0.001918 0.999998
57.857132435 -0.013784 1.013030 0.000000 0.000000 0.000000 -0.001669 0.999999
57.942367077 -0.014064 1.013989 0.000000 0.000000 0.000000 -0.001402 0.999999
57.993121147 -0.013303 1.014017 0.000000 0.000000 0.000000 -0.001357 0.999999
58.084053516 -0.012406 1.013879 0.000000 0.000000 0.000000 -0.001383 0.999999
58.134043932 -0.012349 1.014157 0.000000 0.000000 0.000000 -0.001412 0.999999
58.226578236 -0.012122 1.013803 0.000000 0.000000 0.000000 -0.001340 0.999999
58.278188705 -0.011520 1.012785 0.000000 0.000000 0.000000 -0.001375 0.999999
58.375108480 -0.011638 1.013148 0.000000 0.000000 0.000000 -0.001394 0.999999
58.432198524 -0.011984 1.013091 0.000000 0.000000 0.000000 -0.001454 0.999999
58.513686180 -0.011958 1.013424 0.000000 0.000000 0.000000 -0.001357 0.999999
58.577755451 -0.012628 1.012922 0.000000 0.000000 0.000000 -0.001428 0.999999
58.663658381 -0.012914 1.013349 0.000000 0.000000 0.000000 -0.001336 0.999999
58.721382856 -0.012425 1.013073 0.000000 0.000000 0.000000 -0.001424 0.999999
58.811643362 -0.011534 1.013256 0.000000 0.000000 0.000000 -0.001305 0.999999
58.859117508 -0.011492 1.012638 0.000000 0.000000 0.000000 -0.001502 0.999999
58.954252720 -0.011462 1.012127 0.000000 0.000000 0.000000 -0.001657 0.999999
59.016629219 -0.011396 1.012006 0.000000 0.000000 0.000000 -0.001508 0.999999
59.106379747 -0.010824 1.010777 0.000000 0.000000 0.000000 -0.001276 0.999999
59.158839226 -0.011275 1.011419 0.000000 0.000000 0.000000 -0.001297 0.999999
59.239713192 -0.009944 1.011351 0.000000 0.000000 0.000000 -0.001242 0.999999
59.295119047 -0.009429 1.010653 0.000000 0.000000 0.000000 -0.001474 0.999999
59.400145054 -0.009228 1.011068 0.000000 0.000000 0.000000 -0.001614 0.999999
59.447155952 -0.009032 1.012412 0.000000 0.000000 0.000000 -0.001778 0.999998
59.543852329 -0.008913 1.012521 0.000000 0.000000 0.000000 -0.001964 0.999998
59.590034962 -0.008985 1.013377 0.000000 0.000000 0.000000 -0.002114 0.999998
59.665421247 -0.008327 1.013759 0.000000 0.000000 0.000000 -0.001995 0.999998
59.720851421 -0.007824 1.013390 0.000000 0.000000 0.000000 -0.002018 0.999998
59.805132151 -0.007199 1.014128 0.000000 0.000000 0.000000 -0.002096 0.999998
59.860359430 -0.006606 1.014503 0.000000 0.000000 0.000000 -0.002107 0.999998
59.957119226 -0.006075 1.015127 0.000000 0.000000 0.000000 -0.002203 0.999998
60.005816936 -0.005304 1.015653 0.000000 0.000000 0.000000 -0.002226 0.999998
60.089397669 -0.004367 1.015560 0.000000 0.000000 0.000000 -0.002173 0.999998
60.138172865 -0.003028 1.015192 0.000000 0.000000 0.000000 -0.001969 0.999998
60.220950127 -0.003132 1.015560 0.000000 0.000000 0.000000 -0.001980 0.999998
60.272440672 -0.003160 1.014517 0.000000 0.000000 0.000000 -0.001988 0.999998
60.365985632 -0.002916 1.014747 0.000000 0.000000 0.000000 -0.002036 0.999998
60.419920921 -0.002899 1.014195 0.000000 0.000000 0.000000 -0.002041 0.999998
60.517887354 -0.003073 1.015141 0.000000 0.000000 0.000000 -0.002090 0.999998
60.576246977 -0.003227 1.015183 0.000000 0.000000 0.000000 -0.002163 0.999998
60.661265135 -0.003758 1.015389 0.000000 0.000000 0.000000 -0.002149 0.999998
60.720116138 -0.003560 1.015131 0.000000 0.000000 0.000000 -0.002008 0.999998
60.806773424 -0.003864 1.015654 0.000000 0.000000 0.000000 -0.002003 0.999998
60.856551170 -0.004416 1.015294 0.000000 0.000000 0.000000 -0.002132 0.999998
60.954911470 -0.005052 1.015095 0.000000 0.000000 0.000000 -0.002207 0.999998
61.012297630 -0.005144 1.014980 0.000000 0.000000 0.000000 -0.002163 0.999998
61.109639168 -0.004857 1.015582 0.000000 0.000000 0.000000 -0.002158 0.999998
61.157109976 -0.004906 1.014987 0.000000 0.000000 0.000000 -0.002083 0.999998
61.239634752 -0.003764 1.013363 0.000000 0.000000 0.000000 -0.002317 0.999997
61.291578770 -0.002956 1.013377 0.000000 0.000000 0.000000 -0.002136 0.999998
61.377224922 -0.003228 1.012679 0.000000 0.000000 0.000000 -0.001892 0.999998
61.424571276 -0.002924 1.012604 0.000000 0.000000 0.000000 -0.001854 0.999998
61.517945051 -0.002116 1.012290 0.000000 0.000000 0.000000 -0.001808 0.999998
61.571182013 -0.000971 1.011191 0.000000 0.000000 0.000000 -0.001876 0.999998
61.674693108 -0.000951 1.011557 0.000000 0.000000 0.000000 -0.001862 0.999998
61.731230259 -0.000317 1.011509 0.000000 0.000000 0.000000 -0.001834 0.999998
61.823836803 -0.000297 1.011646 0.000000 0.000000 0.000000 -0.001897 0.999998
61.867137194 0.000045 1.012375 0.000000 0.000000 0.000000 -0.002028 0.999998
61.957184315 0.001030 1.014255 0.000000 0.000000 0.000000 -0.002012 0.999998
62.007257462 0.000566 1.015510 0.000000 0.000000 0.000000 -0.001872 0.999998
62.096065044 0.001523 1.016054 0.000000 0.000000 0.000000 -0.001960 0.999998
62.149833441 0.001125 1.015906 0.000000 0.000000 0.000000 -0.001897 0.999998
62.231528997 0.015697 1.016896 0.000000 0.000000 0.000000 -0.001740 0.999998
62.288254261 0.026436 1.017620 0.000000 0.000000 0.000000 -0.001583 0.999999
62.372793436 0.041441 1.017682 0.000000 0.000000 0.000000 -0.001627 0.999999
62.437046528 0.052551 1.017470 0.000000 0.000000 0.000000 -0.001623 0.999999
62.518205643 0.065989 1.017685 0.000000 0.000000 0.000000 -0.001629 0.999999
62.573649645 0.075650 1.017724 0.000000 0.000000 0.000000 -0.001440 0.999999
62.658019066 0.089775 1.017127 0.000000 0.000000 0.000000 -0.001007 0.999999
62.708748341 0.098456 1.017975 0.000000 0.000000 0.000000 -0.001007 0.999999
62.802901506 0.113914 1.017422 0.000000 0.000000 0.000000 -0.001045 0.999999
62.862125397 0.123729 1.016794 0.000000 0.000000 0.000000 -0.001032 0.999999
62.944721937 0.136979 1.016541 0.000000 0.000000 0.000000 -0.000881 1.000000
63.001682520 0.146568 1.016751 0.000000 0.000000 0.000000 -0.000750 1.000000
63.096352816 0.162127 1.016012 0.000000 0.000000 0.000000 -0.000792 1.000000
63.140980959 0.169372 1.015655 0.000000 0.000000 0.000000 -0.000709 1.000000
63.224403381 0.183374 1.015415 0.000000 0.000000 0.000000 -0.000664 1.000000
63.278097630 0.191717 1.015429 0.000000 0.000000 0.000000 -0.000582 1.000000
63.378735542 0.209155 1.015387 0.000000 0.000000 0.000000 -0.000609 1.000000
63.429337263 0.217305 1.016062 0.000000 0.000000 0.000000 -0.000467 1.000000
63.507558107 0.229734 1.016602 0.000000 0.000000 0.000000 -0.000481 1.000000
63.561244726 0.238422 1.017077 0.000000 0.000000 0.000000 -0.000197 1.000000
63.651183605 0.252219 1.017645 0.000000 0.000000 0.000000 -0.000081 1.000000
63.722069025 0.263364 1.017726 0.000000 0.000000 0.000000 -0.000280 1.000000
63.818211794 0.279589 1.018264 0.000000 0.000000 0.000000 -0.000166 1.000000
63.867984533 0.288095 1.017969 0.000000 0.000000 0.000000 -0.000135 1.000000
63.954170942 0.302008 1.018811 0.000000 0.000000 0.000000 -0.000260 1.000000
64.007827759 0.310164 1.019162 0.000000 0.000000 0.000000 -0.000185 1.000000
64.098969221 0.325086 1.020637 0.000000 0.000000 0.000000 0.000006 1.000000
64.150251389 0.333247 1.021550 0.000000 0.000000 0.000000 0.000091 1.000000
64.240028858 0.348419 1.021545 0.000000 0.000000 0.000000 0.000184 1.000000
64.291742325 0.357840 1.020994 0.000000 0.000000 0.000000 0.000219 1.000000
64.384911537 0.372998 1.020934 0.000000 0.000000 0.000000 0.000364 1.000000
64.438662767 0.381788 1.019086 0.000000 0.000000 0.000000 0.000524 1.000000
64.529100657 0.396979 1.019164 0.000000 0.000000 0.000000 0.000671 1.000000
64.581606388 0.405459 1.019147 0.000000 0.000000 0.000000 0.000784 1.000000
64.666499376 0.418792 1.018539 0.000000 0.000000 0.000000 0.000915 1.000000
64.719514608 0.426596 1.019222 0.000000 0.000000 0.000000 0.001114 0.999999
64.801486015 0.439899 1.019663 0.000000 0.000000 0.000000 0.001095 0.999999
64.853920698 0.449222 1.018884 0.000000 0.000000 0.000000 0.001245 0.999999
64.943417788 0.464514 1.019196 0.000000 0.000000 0.000000 0.001596 0.999999
64.995023489 0.472400 1.018893 0.000000 0.000000 0.000000 0.001635 0.999999
65.076430798 0.485798 1.018244 0.000000 0.000000 0.000000 0.001937 0.999998
65.137303352 0.495782 1.016487 0.000000 0.000000 0.000000 0.002132 0.999998
65.235720634 0.512978 1.015964 0.000000 0.000000 0.000000 0.002349 0.999997
65.286878586 0.522193 1.016749 0.000000 0.000000 0.000000 0.002565 0.999997
65.388996363 0.539550 1.017093 0.000000 0.000000 0.000000 0.002843 0.999996
65.443364143 0.547857 1.017989 0.000000 0.000000 0.000000 0.003036 0.999995
65.533442974 0.562475 1.017753 0.000000 0.000000 0.000000 0.003241 0.999995
65.583643198 0.571059 1.017100 0.000000 0.000000 0.000000 0.003144 0.999995
65.666572094 0.585267 1.016670 0.000000 0.000000 0.000000 0.003270 0.999995
65.718314648 0.593197 1.016635 0.000000 0.000000 0.000000 0.003350 0.999994
65.813969851 0.608797 1.016971 0.000000 0.000000 0.000000 0.003543 0.999994
65.860479355 0.615492 1.017792 0.000000 0.000000 0.000000 0.003719 0.999993
65.949100494 0.629904 1.018472 0.000000 0.000000 0.000000 0.003915 0.999992
66.006313324 0.638492 1.018428 0.000000 0.000000 0.000000 0.004081 0.999992
66.091695070 0.651987 1.019798 0.000000 0.000000 0.000000 0.004172 0.999991
66.150105000 0.661016 1.020873 0.000000 0.000000 0.000000 0.004169 0.999991
66.245607138 0.676738 1.020324 0.000000 0.000000 0.000000 0.004388 0.999990
66.289936066 0.684684 1.020198 0.000000 0.000000 0.000000 0.004711 0.999989
66.374847174 0.697774 1.020100 0.000000 0.000000 0.000000 0.004804 0.999988
66.427448988 0.705177 1.020298 0.000000 0.000000 0.000000 0.004635 0.999989
66.515174389 0.719930 1.020848 0.000000 0.000000 0.000000 0.004997 0.999988
66.565155268 0.728691 1.020387 0.000000 0.000000 0.000000 0.004866 0.999988
66.668905973 0.746640 1.020251 0.000000 0.000000 0.000000 0.005165 0.999987
66.720251560 0.755936 1.019858 0.000000 0.000000 0.000000 0.005271 0.999986
66.818524122 0.772144 1.019378 0.000000 0.000000 0.000000 0.005323 0.999986
66.862034321 0.778723 1.019705 0.000000 0.000000 0.000000 0.005516 0.999985
66.948162079 0.794090 1.021117 0.000000 0.000000 0.000000 0.005812 0.999983
66.998103142 0.802674 1.020756 0.000000 0.000000 0.000000 0.006145 0.999981
67.100195885 0.819678 1.020548 0.000000 0.000000 0.000000 0.006157 0.999981
67.157076359 0.829351 1.020773 0.000000 0.000000 0.000000 0.006026 0.999982
67.269846916 0.849481 1.020183 0.000000 0.000000 0.000000 0.006133 0.999981
67.325706720 0.859893 1.019938 0.000000 0.000000 0.000000 0.006223 0.999981
67.417520761 0.876512 1.019706 0.000000 0.000000 0.000000 0.006357 0.999980
67.475314379 0.886828 1.020195 0.000000 0.000000 0.000000 0.006423 0.999979
67.587245464 0.906378 1.021175 0.000000 0.000000 0.000000 0.006577 0.999978
67.657504320 0.919857 1.021855 0.000000 0.000000 0.000000 0.006692 0.999978
67.744100571 0.935297 1.022307 0.000000 0.000000 0.000000 0.006538 0.999979
67.809964418 0.946936 1.022785 0.000000 0.000000 0.000000 0.006754 0.999977
67.907867193 0.964033 1.023096 0.000000 0.000000 0.000000 0.006945 0.999976
67.955658197 0.972376 1.023879 0.000000 0.000000 0.000000 0.006952 0.999976
68.043772697 0.988432 1.025138 0.000000 0.000000 0.000000 0.006880 0.999976
68.092056751 0.998110 1.025407 0.000000 0.000000 0.000000 0.006967 0.999976
68.198954105 1.017693 1.026074 0.000000 0.000000 0.000000 0.007044 0.999975
68.239401817 1.024960 1.025611 0.000000 0.000000 0.000000 0.007227 0.999974
68.334116697 1.040184 1.025196 0.000000 0.000000 0.000000 0.007322 0.999973
68.393169165 1.049025 1.024811 0.000000 0.000000 0.000000 0.007049 0.999975
68.488315105 1.065879 1.025493 0.000000 0.000000 0.000000 0.007606 0.999971
68.548655272 1.076970 1.025358 0.000000 0.000000 0.000000 0.007792 0.999970
68.628951550 1.092217 1.025343 0.000000 0.000000 0.000000 0.008007 0.999968
68.688163757 1.103342 1.025667 0.000000 0.000000 0.000000 0.008649 0.999963
68.771270037 1.117958 1.026610 0.000000 0.000000 0.000000 0.008999 0.999960
68.824939728 1.127488 1.027305 0.000000 0.000000 0.000000 0.009196 0.999958
68.927378178 1.144988 1.027693 0.000000 0.000000 0.000000 0.009210 0.999958
68.988554239 1.156597 1.028415 0.000000 0.000000 0.000000 0.009534 0.999955
69.091393948 1.175430 1.028441 0.000000 0.000000 0.000000 0.009579 0.999954
69.142657280 1.185337 1.027992 0.000000 0.000000 0.000000 0.009507 0.999955
69.226943970 1.198972 1.028596 0.000000 0.000000 0.000000 0.009720 0.999953
69.291504383 1.207908 1.028939 0.000000 0.000000 0.000000 0.009790 0.999952
69.395749092 1.225606 1.029065 0.000000 0.000000 0.000000 0.009991 0.999950
69.444655418 1.236393 1.030455 0.000000 0.000000 0.000000 0.009942 0.999951
69.543005466 1.255001 1.030143 0.000000 0.000000 0.000000 0.010230 0.999948
69.595045090 1.263151 1.029174 0.000000 0.000000 0.000000 0.010201 0.999948
69.695927858 1.280188 1.029689 0.000000 0.000000 0.000000 0.010432 0.999946
69.753221989 1.288898 1.030357 0.000000 0.000000 0.000000 0.010462 0.999945
69.852281094 1.306132 1.029919 0.000000 0.000000 0.000000 0.010399 0.999946
69.909631014 1.316670 1.029345 0.000000 0.000000 0.000000 0.010594 0.999944
70.003495455 1.333106 1.029594 0.000000 0.000000 0.000000 0.010798 0.999942
70.055417776 1.342814 1.028554 0.000000 0.000000 0.000000 0.010836 0.999941
70.137858391 1.356795 1.028915 0.000000 0.000000 0.000000 0.010825 0.999941
70.199167728 1.367643 1.029899 0.000000 0.000000 0.000000 0.010860 0.999941
70.302878618 1.386897 1.030570 0.000000 0.000000 0.000000 0.010991 0.999940
70.369396687 1.399571 1.032146 0.000000 0.000000 0.000000 0.011319 0.999936
70.461210728 1.415946 1.032764 0.000000 0.000000 0.000000 0.011384 0.999935
70.509778738 1.425656 1.032781 0.000000 0.000000 0.000000 0.011466 0.999934
70.599387646 1.441370 1.032750 0.000000 0.000000 0.000000 0.011830 0.999930
70.656033039 1.450914 1.031903 0.000000 0.000000 0.000000 0.011808 0.999930
70.768153429 1.470296 1.031377 0.000000 0.000000 0.000000 0.012206 0.999926
70.815999985 1.479493 1.031326 0.000000 0.000000 0.000000 0.012198 0.999926
70.900581121 1.495921 1.031628 0.000000 0.000000 0.000000 0.012379 0.999923
70.955633402 1.506432 1.032335 0.000000 0.000000 0.000000 0.012355 0.999924
71.042252779 1.521815 1.033291 0.000000 0.000000 0.000000 0.012405 0.999923
71.103641987 1.534089 1.034416 0.000000 0.000000 0.000000 0.012701 0.999919
71.186776161 1.548603 1.034994 0.000000 0.000000 0.000000 0.012881 0.999917
71.250498533 1.560121 1.035938 0.000000 0.000000 0.000000 0.013001 0.999915
71.341936827 1.565826 1.036680 0.000000 0.000000 0.000000 0.019234 0.999815
71.393325806 1.568862 1.037460 0.000000 0.000000 0.000000 0.022739 0.999741
71.487019539 1.572697 1.037670 0.000000 0.000000 0.000000 0.029119 0.999576
71.537977695 1.573927 1.037469 0.000000 0.000000 0.000000 0.032053 0.999486
71.626116753 1.576078 1.036815 0.000000 0.000000 0.000000 0.037438 0.999299
71.682151079 1.575923 1.035515 0.000000 0.000000 0.000000 0.040497 0.999180
71.763496399 1.578036 1.035565 0.000000 0.000000 0.000000 0.046508 0.998918
71.820455313 1.579127 1.036245 0.000000 0.000000 0.000000 0.050136 0.998742
71.918866396 1.581416 1.035355 0.000000 0.000000 0.000000 0.057089 0.998369
71.975845575 1.580250 1.032319 0.000000 0.000000 0.000000 0.060664 0.998158
72.068582535 1.576603 1.032829 0.000000 0.000000 0.000000 0.065268 0.997868
72.122643709 1.576266 1.031243 0.000000 0.000000 0.000000 0.069012 0.997616
72.217851877 1.591040 1.033064 0.000000 0.000000 0.000000 0.069052 0.997613
72.265589714 1.598578 1.034121 0.000000 0.000000 0.000000 0.069238 0.997600
72.354194641 1.613128 1.034948 0.000000 0.000000 0.000000 0.069399 0.997589
72.403216600 1.620018 1.036331 0.000000 0.000000 0.000000 0.069315 0.997595
72.504085302 1.637181 1.039416 0.000000 0.000000 0.000000 0.069542 0.997579
72.559812546 1.647657 1.042208 0.000000 0.000000 0.000000 0.069665 0.997570
72.641114473 1.662607 1.043973 0.000000 0.000000 0.000000 0.069787 0.997562
72.695553064 1.671679 1.044982 0.000000 0.000000 0.000000 0.069863 0.997557
72.784453154 1.687886 1.046817 0.000000 0.000000 0.000000 0.070009 0.997546
72.839464188 1.691506 1.047843 0.000000 0.000000 0.000000 0.073845 0.997270
72.931765556 1.695537 1.049627 0.000000 0.000000 0.000000 0.079352 0.996847
72.986810684 1.698088 1.049957 0.000000 0.000000 0.000000 0.083618 0.996498
73.071648121 1.701360 1.047969 0.000000 0.000000 0.000000 0.089182 0.996015
73.129702330 1.701215 1.047124 0.000000 0.000000 0.000000 0.093068 0.995660
73.227200508 1.703038 1.047469 0.000000 0.000000 0.000000 0.099661 0.995021
73.271549940 1.700334 1.047946 0.000000 0.000000 0.000000 0.102037 0.994781
73.365193605 1.714825 1.050569 0.000000 0.000000 0.000000 0.102023 0.994782
73.410813332 1.721479 1.053351 0.000000 0.000000 0.000000 0.101837 0.994801
73.495560646 1.737005 1.058141 0.000000 0.000000 0.000000 0.101677 0.994817
73.549853325 1.748230 1.060853 0.000000 0.000000 0.000000 0.101643 0.994821
73.635336399 1.763265 1.064133 0.000000 0.000000 0.000000 0.101715 0.994814
73.700213671 1.772930 1.067723 0.000000 0.000000 0.000000 0.101836 0.994801
73.794411182 1.789205 1.072235 0.000000 0.000000 0.000000 0.102013 0.994783
73.851395130 1.800016 1.073744 0.000000 0.000000 0.000000 0.102101 0.994774
73.934927464 1.815623 1.077487 0.000000 0.000000 0.000000 0.102165 0.994767
73.994324923 1.821264 1.079284 0.000000 0.000000 0.000000 0.105902 0.994377
74.076428652 1.825694 1.079524 0.000000 0.000000 0.000000 0.111544 0.993760
74.138641834 1.826905 1.079576 0.000000 0.000000 0.000000 0.115367 0.993323
74.232690811 1.829244 1.079181 0.000000 0.000000 0.000000 0.121963 0.992535
74.284757137 1.829281 1.078161 0.000000 0.000000 0.000000 0.125471 0.992097
74.368963718 1.831489 1.076788 0.000000 0.000000 0.000000 0.131049 0.991376
74.424954653 1.832947 1.076221 0.000000 0.000000 0.000000 0.134877 0.990862
74.512892008 1.834793 1.075413 0.000000 0.000000 0.000000 0.140863 0.990029
74.568120718 1.841834 1.077154 0.000000 0.000000 0.000000 0.140668 0.990057
74.659038782 1.854789 1.081570 0.000000 0.000000 0.000000 0.140700 0.990052
74.720528126 1.864503 1.085075 0.000000 0.000000 0.000000 0.140737 0.990047
74.807915449 1.878707 1.089481 0.000000 0.000000 0.000000 0.140971 0.990014
74.867791891 1.889241 1.093467 0.000000 0.000000 0.000000 0.141192 0.989982
74.956265450 1.903983 1.098666 0.000000 0.000000 0.000000 0.141388 0.989954
75.006022692 1.913426 1.101385 0.000000 0.000000 0.000000 0.141461 0.989944
75.093890429 1.928819 1.106403 0.000000 0.000000 0.000000 0.141600 0.989924
75.151803017 1.939512 1.109043 0.000000 0.000000 0.000000 0.141671 0.989914
75.237923384 1.954551 1.113554 0.000000 0.000000 0.000000 0.141790 0.989897
75.289012432 1.964361 1.115990 0.000000 0.000000 0.000000 0.142302 0.989823
75.377345324 1.979593 1.120456 0.000000 0.000000 0.000000 0.142545 0.989788
75.433693886 1.988834 1.123507 0.000000 0.000000 0.000000 0.142564 0.989786
75.537194490 2.006146 1.127642 0.000000 0.000000 0.000000 0.142637 0.989775
75.586070776 2.014517 1.129868 0.000000 0.000000 0.000000 0.142534 0.989790
75.689361572 2.031587 1.135669 0.000000 0.000000 0.000000 0.142525 0.989791
75.744805098 2.041772 1.139567 0.000000 0.000000 0.000000 0.142535 0.989790
75.826009274 2.054157 1.143383 0.000000 0.000000 0.000000 0.141999 0.989867
75.899021864 2.057127 1.144068 0.000000 0.000000 0.000000 0.147188 0.989109
75.992537260 2.060085 1.145015 0.000000 0.000000 0.000000 0.153784 0.988104
76.056124210 2.062003 1.146325 0.000000 0.000000 0.000000 0.158205 0.987406
76.141805172 2.064533 1.146118 0.000000 0.000000 0.000000 0.163342 0.986569
76.196712971 2.065945 1.146581 0.000000 0.000000 0.000000 0.167363 0.985895
76.279946327 2.067182 1.148012 0.000000 0.000000 0.000000 0.172047 0.985089
76.336917877 2.068697 1.148712 0.000000 0.000000 0.000000 0.175807 0.984425
76.431858301 2.070909 1.147507 0.000000 0.000000 0.000000 0.181950 0.983308
76.487337351 2.076772 1.148762 0.000000 0.000000 0.000000 0.181872 0.983322
76.576975346 2.089643 1.154176 0.000000 0.000000 0.000000 0.181922 0.983313
76.635664701 2.098966 1.158257 0.000000 0.000000 0.000000 0.181949 0.983308
76.736702204 2.115758 1.165141 0.000000 0.000000 0.000000 0.182046 0.983290
76.784813404 2.123916 1.168106 0.000000 0.000000 0.000000 0.182210 0.983260
76.872728825 2.136957 1.172937 0.000000 0.000000 0.000000 0.182450 0.983215
76.940669060 2.148720 1.176419 0.000000 0.000000 0.000000 0.182837 0.983143
77.039191484 2.165174 1.183284 0.000000 0.000000 0.000000 0.182764 0.983157
77.091496944 2.174659 1.188344 0.000000 0.000000 0.000000 0.182777 0.983154
77.178045034 2.181370 1.191495 0.000000 0.000000 0.000000 0.189044 0.981969
77.233334064 2.185047 1.193231 0.000000 0.000000 0.000000 0.192987 0.981201
77.321522951 2.187221 1.193962 0.000000 0.000000 0.000000 0.199199 0.979959
77.385615587 2.187747 1.193102 0.000000 0.000000 0.000000 0.203227 0.979132
77.482558012 2.198491 1.196371 0.000000 0.000000 0.000000 0.203479 0.979079
77.535058022 2.206637 1.198602 0.000000 0.000000 0.000000 0.203396 0.979097
77.635596514 2.223623 1.206736 0.000000 0.000000 0.000000 0.203385 0.979099
77.687636852 2.232537 1.210609 0.000000 0.000000 0.000000 0.203405 0.979095
77.783472538 2.246664 1.216377 0.000000 0.000000 0.000000 0.203424 0.979091
77.833787918 2.254464 1.219269 0.000000 0.000000 0.000000 0.203270 0.979123
77.940711260 2.271775 1.227175 0.000000 0.000000 0.000000 0.203269 0.979123
77.985099792 2.280129 1.231525 0.000000 0.000000 0.000000 0.203246 0.979128
78.074628830 2.295363 1.239251 0.000000 0.000000 0.000000 0.203243 0.979128
78.126539230 2.304996 1.243786 0.000000 0.000000 0.000000 0.203083 0.979161
78.225707769 2.311762 1.245272 0.000000 0.000000 0.000000 0.209610 0.977785
78.287621975 2.313524 1.244670 0.000000 0.000000 0.000000 0.213555 0.976931
78.371752024 2.325440 1.247859 0.000000 0.000000 0.000000 0.213583 0.976925
78.425225496 2.333108 1.250416 0.000000 0.000000 0.000000 0.213447 0.976955
78.525620699 2.348532 1.256995 0.000000 0.000000 0.000000 0.213459 0.976952
78.588539600 2.356988 1.260159 0.000000 0.000000 0.000000 0.213351 0.976976
78.670593977 2.370304 1.265772 0.000000 0.000000 0.000000 0.213314 0.976984
78.735427380 2.379893 1.270175 0.000000 0.000000 0.000000 0.213350 0.976976
78.827690363 2.394935 1.277294 0.000000 0.000000 0.000000 0.213501 0.976943
78.889282465 2.405075 1.282729 0.000000 0.000000 0.000000 0.213718 0.976895
78.986895561 2.421692 1.290469 0.000000 0.000000 0.000000 0.213778 0.976882
79.038242817 2.430416 1.296913 0.000000 0.000000 0.000000 0.213761 0.976886
79.133278370 2.433523 1.298227 0.000000 0.000000 0.000000 0.220114 0.975474
79.188038111 2.435008 1.298826 0.000000 0.000000 0.000000 0.223321 0.974745
79.274859905 2.439229 1.299118 0.000000 0.000000 0.000000 0.229702 0.973261
79.325020790 2.443774 1.298906 0.000000 0.000000 0.000000 0.230371 0.973103
79.419587612 2.457852 1.306533 0.000000 0.000000 0.000000 0.230532 0.973065
79.476016521 2.466987 1.310390 0.000000 0.000000 0.000000 0.230639 0.973039
79.572896481 2.480368 1.317611 0.000000 0.000000 0.000000 0.230809 0.972999
79.625355482 2.487788 1.322118 0.000000 0.000000 0.000000 0.231055 0.972941
79.715934038 2.502707 1.328327 0.000000 0.000000 0.000000 0.231213 0.972903
79.766192913 2.512167 1.333907 0.000000 0.000000 0.000000 0.231309 0.972880
79.851100206 2.526112 1.341604 0.000000 0.000000 0.000000 0.231240 0.972897
79.911969662 2.536161 1.348328 0.000000 0.000000 0.000000 0.230848 0.972990
80.005322218 2.550962 1.355156 0.000000 0.000000 0.000000 0.230809 0.972999
80.049822092 2.558227 1.358088 0.000000 0.000000 0.000000 0.230752 0.973013
80.144307137 2.572317 1.366066 0.000000 0.000000 0.000000 0.230760 0.973011
80.194717646 2.580146 1.373696 0.000000 0.000000 0.000000 0.230339 0.973110
80.283586025 2.585017 1.375943 0.000000 0.000000 0.000000 0.235910 0.971775
80.339012861 2.587764 1.377355 0.000000 0.000000 0.000000 0.239204 0.970969
80.432806969 2.592500 1.376651 0.000000 0.000000 0.000000 0.245041 0.969513
80.481657505 2.593074 1.373316 0.000000 0.000000 0.000000 0.248251 0.968696
80.570667744 2.594166 1.373613 0.000000 0.000000 0.000000 0.254174 0.967159
80.629180193 2.593868 1.372649 0.000000 0.000000 0.000000 0.258000 0.966145
80.725515127 2.594938 1.371490 0.000000 0.000000 0.000000 0.263788 0.964581
80.785824299 2.594886 1.370573 0.000000 0.000000 0.000000 0.267914 0.963443
80.885531425 2.595569 1.370799 0.000000 0.000000 0.000000 0.274590 0.961561
80.931448936 2.594609 1.369737 0.000000 0.000000 0.000000 0.277409 0.960752
81.023196459 2.604088 1.375406 0.000000 0.000000 0.000000 0.277491 0.960728
81.074112654 2.610607 1.378017 0.000000 0.000000 0.000000 0.277199 0.960812
81.169610262 2.624154 1.388545 0.000000 0.000000 0.000000 0.277039 0.960859
81.221564293 2.631987 1.395167 0.000000 0.000000 0.000000 0.276627 0.960977
81.317089081 2.646856 1.404747 0.000000 0.000000 0.000000 0.276718 0.960951
81.373459816 2.656311 1.409138 0.000000 0.000000 0.000000 0.276683 0.960961
81.468533754 2.671466 1.418910 0.000000 0.000000 0.000000 0.276838 0.960916
81.523016691 2.680349 1.424162 0.000000 0.000000 0.000000 0.276939 0.960888
81.598726511 2.693112 1.432758 0.000000 0.000000 0.000000 0.277025 0.960863
81.657386780 2.697268 1.433474 0.000000 0.000000 0.000000 0.280593 0.959827
81.743980408 2.701382 1.434514 0.000000 0.000000 0.000000 0.286508 0.958078
81.802433014 2.700981 1.431922 0.000000 0.000000 0.000000 0.289571 0.957157
81.892469883 2.702235 1.430713 0.000000 0.000000 0.000000 0.295072 0.955475
81.951400280 2.703058 1.426823 0.000000 0.000000 0.000000 0.298619 0.954372
82.051398516 2.705198 1.427745 0.000000 0.000000 0.000000 0.305553 0.952175
82.098116398 2.706022 1.426023 0.000000 0.000000 0.000000 0.308593 0.951194
82.188131332 2.717371 1.433618 0.000000 0.000000 0.000000 0.308512 0.951221
82.248149872 2.724996 1.438083 0.000000 0.000000 0.000000 0.308678 0.951166
82.336132288 2.735802 1.447340 0.000000 0.000000 0.000000 0.308768 0.951137
82.396090031 2.745453 1.454563 0.000000 0.000000 0.000000 0.308949 0.951078
82.493404388 2.759460 1.465649 0.000000 0.000000 0.000000 0.308973 0.951071
82.545469284 2.767898 1.473389 0.000000 0.000000 0.000000 0.308976 0.951070
82.645762682 2.781901 1.484891 0.000000 0.000000 0.000000 0.308942 0.951081
82.703368902 2.790727 1.491937 0.000000 0.000000 0.000000 0.309011 0.951058
82.786747932 2.803251 1.500893 0.000000 0.000000 0.000000 0.309172 0.951006
82.854153395 2.812787 1.508917 0.000000 0.000000 0.000000 0.309170 0.951007
82.943068027 2.826767 1.518877 0.000000 0.000000 0.000000 0.309424 0.950924
83.009804964 2.837195 1.527023 0.000000 0.000000 0.000000 0.309339 0.950952
83.085191727 2.847880 1.534514 0.000000 0.000000 0.000000 0.309300 0.950964
83.153803349 2.858486 1.541147 0.000000 0.000000 0.000000 0.309142 0.951016
83.241653681 2.869865 1.548631 0.000000 0.000000 0.000000 0.309080 0.951036
83.297069788 2.872270 1.550558 0.000000 0.000000 0.000000 0.311970 0.950092
83.389735460 2.876055 1.550845 0.000000 0.000000 0.000000 0.318186 0.948028
83.453119040 2.876473 1.548300 0.000000 0.000000 0.000000 0.321999 0.946740
83.537900448 2.874884 1.547432 0.000000 0.000000 0.000000 0.327304 0.944919
83.597048283 2.875637 1.546316 0.000000 0.000000 0.000000 0.331256 0.943541
83.717325926 2.877474 1.546267 0.000000 0.000000 0.000000 0.338809 0.940855
83.749479055 2.876507 1.542240 0.000000 0.000000 0.000000 0.340582 0.940215
83.838826418 2.878071 1.540766 0.000000 0.000000 0.000000 0.345886 0.938276
83.901724577 2.877814 1.539253 0.000000 0.000000 0.000000 0.349711 0.936858
83.992516994 2.879481 1.539399 0.000000 0.000000 0.000000 0.355551 0.934657
84.051721573 2.880946 1.537037 0.000000 0.000000 0.000000 0.358831 0.933403
84.156426907 2.884054 1.537334 0.000000 0.000000 0.000000 0.365648 0.930753
84.200500965 2.884536 1.534901 0.000000 0.000000 0.000000 0.368281 0.929714
84.283172131 2.892531 1.541971 0.000000 0.000000 0.000000 0.368298 0.929708
84.341853619 2.900695 1.551250 0.000000 0.000000 0.000000 0.368165 0.929760
84.440338135 2.913107 1.563132 0.000000 0.000000 0.000000 0.368324 0.929698
84.490278244 2.921407 1.569251 0.000000 0.000000 0.000000 0.368411 0.929663
84.590413809 2.933480 1.580427 0.000000 0.000000 0.000000 0.368331 0.929695
84.637861252 2.936866 1.583559 0.000000 0.000000 0.000000 0.371391 0.928477
84.731191397 2.940278 1.587898 0.000000 0.000000 0.000000 0.377557 0.925986
84.795961142 2.942337 1.588466 0.000000 0.000000 0.000000 0.381455 0.924387
84.885035038 2.945158 1.587714 0.000000 0.000000 0.000000 0.386393 0.922334
84.942189693 2.952040 1.592000 0.000000 0.000000 0.000000 0.386174 0.922426
85.035698891 2.961332 1.599845 0.000000 0.000000 0.000000 0.386133 0.922443
85.087255955 2.967902 1.606101 0.000000 0.000000 0.000000 0.386105 0.922455
85.177431345 2.980232 1.617810 0.000000 0.000000 0.000000 0.386055 0.922476
85.234461546 2.988095 1.626338 0.000000 0.000000 0.000000 0.386214 0.922409
85.317269802 2.998874 1.636591 0.000000 0.000000 0.000000 0.386340 0.922357
85.371974707 3.006412 1.643130 0.000000 0.000000 0.000000 0.386360 0.922348
85.478625298 3.010544 1.645371 0.000000 0.000000 0.000000 0.392973 0.919550
85.528799295 3.012324 1.643460 0.000000 0.000000 0.000000 0.395848 0.918316
85.623463392 3.014202 1.643411 0.000000 0.000000 0.000000 0.401043 0.916059
85.673765659 3.015299 1.643800 0.000000 0.000000 0.000000 0.404058 0.914733
85.763669968 3.022520 1.651874 0.000000 0.000000 0.000000 0.404022 0.914749
85.820935726 3.027880 1.657134 0.000000 0.000000 0.000000 0.404208 0.914667
85.910727024 3.037465 1.668277 0.000000 0.000000 0.000000 0.404217 0.914663
85.964876890 3.043664 1.675222 0.000000 0.000000 0.000000 0.404001 0.914758
86.051109076 3.054034 1.687636 0.000000 0.000000 0.000000 0.403946 0.914783
86.103527308 3.061245 1.695110 0.000000 0.000000 0.000000 0.403857 0.914822
86.201452255 3.073765 1.708467 0.000000 0.000000 0.000000 0.403854 0.914823
86.242657185 3.079015 1.715512 0.000000 0.000000 0.000000 0.403703 0.914890
86.334985495 3.089575 1.728081 0.000000 0.000000 0.000000 0.403498 0.914981
86.382092714 3.092914 1.728988 0.000000 0.000000 0.000000 0.406310 0.913735
86.472083092 3.095591 1.731384 0.000000 0.000000 0.000000 0.411372 0.911468
86.523828268 3.096944 1.732236 0.000000 0.000000 0.000000 0.413948 0.910300
86.615870237 3.096534 1.733182 0.000000 0.000000 0.000000 0.419844 0.907596
86.670076370 3.097848 1.732530 0.000000 0.000000 0.000000 0.423339 0.905971
86.774803400 3.108568 1.741951 0.000000 0.000000 0.000000 0.423315 0.905983
86.820199966 3.112524 1.745326 0.000000 0.000000 0.000000 0.423561 0.905868
86.919469357 3.122497 1.757494 0.000000 0.000000 0.000000 0.423663 0.905820
86.967871189 3.127817 1.762947 0.000000 0.000000 0.000000 0.423674 0.905815
87.056761026 3.137698 1.775542 0.000000 0.000000 0.000000 0.423609 0.905845
87.109259605 3.143249 1.783519 0.000000 0.000000 0.000000 0.423710 0.905798
87.192007065 3.153436 1.794351 0.000000 0.000000 0.000000 0.423470 0.905910
87.253980637 3.160554 1.801644 0.000000 0.000000 0.000000 0.423437 0.905926
87.349741697 3.164864 1.804905 0.000000 0.000000 0.000000 0.429784 0.902932
87.405018091 3.166780 1.805190 0.000000 0.000000 0.000000 0.432897 0.901444
87.485984564 3.169560 1.805715 0.000000 0.000000 0.000000 0.437962 0.898993
87.543567896 3.169357 1.802821 0.000000 0.000000 0.000000 0.441310 0.897355
87.634330273 3.169264 1.803238 0.000000 0.000000 0.000000 0.446166 0.894950
87.686902761 3.169466 1.802990 0.000000 0.000000 0.000000 0.449418 0.893321
87.787247896 3.169942 1.804784 0.000000 0.000000 0.000000 0.455185 0.890397
87.837472916 3.173723 1.807113 0.000000 0.000000 0.000000 0.455234 0.890372
87.916748285 3.180864 1.816950 0.000000 0.000000 0.000000 0.455284 0.890346
87.986268759 3.187816 1.827284 0.000000 0.000000 0.000000 0.455370 0.890302
88.086726427 3.198536 1.841390 0.000000 0.000000 0.000000 0.455433 0.890270
88.150101423 3.205628 1.850108 0.000000 0.000000 0.000000 0.455366 0.890304
88.240933418 3.209076 1.854956 0.000000 0.000000 0.000000 0.460760 0.887525
88.297403812 3.210467 1.858109 0.000000 0.000000 0.000000 0.463942 0.885865
88.386169910 3.212572 1.860637 0.000000 0.000000 0.000000 0.469203 0.883090
88.450335503 3.212942 1.861759 0.000000 0.000000 0.000000 0.473011 0.881057
88.535275698 3.215254 1.863592 0.000000 0.000000 0.000000 0.477785 0.878477
88.605426788 3.216059 1.860593 0.000000 0.000000 0.000000 0.480831 0.876814
88.683759212 3.216678 1.862002 0.000000 0.000000 0.000000 0.485574 0.874196
88.750116110 3.222496 1.868791 0.000000 0.000000 0.000000 0.485694 0.874129
88.851769447 3.232618 1.882797 0.000000 0.000000 0.000000 0.485760 0.874092
88.916266441 3.239836 1.892818 0.000000 0.000000 0.000000 0.485749 0.874099
89.002526760 3.248630 1.905591 0.000000 0.000000 0.000000 0.485821 0.874058
89.057895184 3.255013 1.912387 0.000000 0.000000 0.000000 0.485744 0.874101
89.140100241 3.264016 1.924656 0.000000 0.000000 0.000000 0.485621 0.874169
89.195465088 3.265220 1.927664 0.000000 0.000000 0.000000 0.488910 0.872334
89.289087772 3.266710 1.930791 0.000000 0.000000 0.000000 0.494128 0.869389
89.344048738 3.269509 1.930376 0.000000 0.000000 0.000000 0.497289 0.867585
89.440391302 3.271289 1.928989 0.000000 0.000000 0.000000 0.502995 0.864289
89.492968559 3.273401 1.928842 0.000000 0.000000 0.000000 0.505872 0.862609
89.607647657 3.280570 1.940934 0.000000 0.000000 0.000000 0.505862 0.862615
89.672281504 3.285100 1.952058 0.000000 0.000000 0.000000 0.506009 0.862528
89.768073082 3.293821 1.967575 0.000000 0.000000 0.000000 0.506012 0.862527
89.829360723 3.300514 1.977330 0.000000 0.000000 0.000000 0.506010 0.862527
89.918611765 3.308274 1.990448 0.000000 0.000000 0.000000 0.506184 0.862426
89.983339548 3.313906 1.999690 0.000000 0.000000 0.000000 0.506032 0.862515
90.075467348 3.321219 2.013893 0.000000 0.000000 0.000000 0.505981 0.862545
90.136802912 3.328137 2.024211 0.000000 0.000000 0.000000 0.505834 0.862631
90.217718840 3.335639 2.037307 0.000000 0.000000 0.000000 0.505620 0.862756
90.282570362 3.342704 2.047378 0.000000 0.000000 0.000000 0.505626 0.862753
90.377734184 3.352499 2.061190 0.000000 0.000000 0.000000 0.505476 0.862840
90.428593874 3.359160 2.068442 0.000000 0.000000 0.000000 0.505619 0.862757
90.510604858 3.367238 2.080565 0.000000 0.000000 0.000000 0.505678 0.862722
90.568803549 3.373631 2.091041 0.000000 0.000000 0.000000 0.505525 0.862812
90.669097900 3.383714 2.105455 0.000000 0.000000 0.000000 0.505576 0.862782
90.734403133 3.389190 2.115634 0.000000 0.000000 0.000000 0.505463 0.862848
90.817264557 3.395423 2.128537 0.000000 0.000000 0.000000 0.505407 0.862881
90.874949217 3.400488 2.136708 0.000000 0.000000 0.000000 0.505269 0.862962
90.977848291 3.409066 2.152123 0.000000 0.000000 0.000000 0.505083 0.863071
91.038990498 3.414688 2.164214 0.000000 0.000000 0.000000 0.504716 0.863285
91.132968187 3.423041 2.181113 0.000000 0.000000 0.000000 0.504798 0.863237
91.184181929 3.428268 2.189428 0.000000 0.000000 0.000000 0.504685 0.863304
91.277483940 3.435968 2.202348 0.000000 0.000000 0.000000 0.504695 0.863297
91.333750963 3.441131 2.209308 0.000000 0.000000 0.000000 0.504834 0.863216
91.435931683 3.449506 2.224891 0.000000 0.000000 0.000000 0.504828 0.863220
91.490885019 3.456290 2.235209 0.000000 0.000000 0.000000 0.504689 0.863301
91.596405983 3.466522 2.251064 0.000000 0.000000 0.000000 0.504618 0.863343
91.657889366 3.473167 2.259901 0.000000 0.000000 0.000000 0.504605 0.863351
91.744920015 3.480656 2.272462 0.000000 0.000000 0.000000 0.504695 0.863298
91.803375244 3.485936 2.281213 0.000000 0.000000 0.000000 0.504589 0.863360
91.889576912 3.494120 2.294289 0.000000 0.000000 0.000000 0.504529 0.863395
91.950321198 3.499567 2.305203 0.000000 0.000000 0.000000 0.504551 0.863382
92.040585995 3.506705 2.317897 0.000000 0.000000 0.000000 0.504567 0.863373
92.095539570 3.511167 2.327529 0.000000 0.000000 0.000000 0.504596 0.863356
92.180634975 3.518787 2.340289 0.000000 0.000000 0.000000 0.504597 0.863355
92.233907700 3.524076 2.347970 0.000000 0.000000 0.000000 0.504547 0.863384
92.324627161 3.532494 2.362618 0.000000 0.000000 0.000000 0.504524 0.863398
92.377721786 3.538887 2.371717 0.000000 0.000000 0.000000 0.504497 0.863413
92.477380037 3.548748 2.386996 0.000000 0.000000 0.000000 0.504520 0.863400
92.527386665 3.553962 2.395741 0.000000 0.000000 0.000000 0.504475 0.863427
92.615924358 3.562640 2.409886 0.000000 0.000000 0.000000 0.504483 0.863422
92.672314167 3.567806 2.419695 0.000000 0.000000 0.000000 0.504571 0.863370
92.773890257 3.577522 2.435600 0.000000 0.000000 0.000000 0.504535 0.863391
92.833395958 3.585337 2.446603 0.000000 0.000000 0.000000 0.504417 0.863460
92.924817085 3.593114 2.460781 0.000000 0.000000 0.000000 0.504408 0.863466
92.988978386 3.601626 2.470156 0.000000 0.000000 0.000000 0.504239 0.863564
93.100240469 3.611641 2.486082 0.000000 0.000000 0.000000 0.504285 0.863537
93.152472734 3.616923 2.493262 0.000000 0.000000 0.000000 0.504358 0.863495
93.248969555 3.626316 2.507799 0.000000 0.000000 0.000000 0.504245 0.863560
93.302347898 3.631842 2.516890 0.000000 0.000000 0.000000 0.504299 0.863529
93.402684212 3.642159 2.531769 0.000000 0.000000 0.000000 0.504170 0.863605
93.454676867 3.646977 2.540474 0.000000 0.000000 0.000000 0.504126 0.863630
93.552758694 3.654162 2.554642 0.000000 0.000000 0.000000 0.504496 0.863414
93.613630056 3.658857 2.563293 0.000000 0.000000 0.000000 0.504353 0.863497
93.707502604 3.668038 2.578040 0.000000 0.000000 0.000000 0.504347 0.863501
93.764230251 3.673145 2.588844 0.000000 0.000000 0.000000 0.504329 0.863512
93.873910427 3.683541 2.605663 0.000000 0.000000 0.000000 0.504079 0.863657
93.914932251 3.689453 2.611944 0.000000 0.000000 0.000000 0.503783 0.863830
94.005584240 3.696968 2.623057 0.000000 0.000000 0.000000 0.503802 0.863819
94.060539484 3.701462 2.630462 0.000000 0.000000 0.000000 0.503670 0.863896
94.156020403 3.708651 2.644455 0.000000 0.000000 0.000000 0.503345 0.864086
94.210253716 3.713887 2.654209 0.000000 0.000000 0.000000 0.503352 0.864081
94.306135893 3.722040 2.669901 0.000000 0.000000 0.000000 0.503296 0.864114
94.372974396 3.728120 2.680624 0.000000 0.000000 0.000000 0.503382 0.864064
94.471097946 3.735046 2.695512 0.000000 0.000000 0.000000 0.503453 0.864022
94.529613972 3.739897 2.703968 0.000000 0.000000 0.000000 0.503385 0.864062
94.627149820 3.748770 2.719915 0.000000 0.000000 0.000000 0.503457 0.864020
94.671769142 3.753401 2.727682 0.000000 0.000000 0.000000 0.503532 0.863977
94.763330460 3.760956 2.742075 0.000000 0.000000 0.000000 0.503559 0.863961
94.822440624 3.766289 2.750793 0.000000 0.000000 0.000000 0.503530 0.863978
94.912670851 3.773600 2.762230 0.000000 0.000000 0.000000 0.503633 0.863918
94.978972197 3.780215 2.771281 0.000000 0.000000 0.000000 0.503657 0.863904
95.068254471 3.789294 2.786305 0.000000 0.000000 0.000000 0.503652 0.863907
95.123470068 3.795249 2.795960 0.000000 0.000000 0.000000 0.503900 0.863762
95.210581541 3.803027 2.809269 0.000000 0.000000 0.000000 0.504082 0.863656
95.261231899 3.808766 2.817551 0.000000 0.000000 0.000000 0.504107 0.863641
95.358219862 3.817572 2.831797 0.000000 0.000000 0.000000 0.504267 0.863548
95.405269146 3.821706 2.839645 0.000000 0.000000 0.000000 0.504311 0.863522
95.495450497 3.822673 2.841022 0.000000 0.000000 0.000000 0.504421 0.863458
95.556711435 3.822818 2.843648 0.000000 0.000000 0.000000 0.504456 0.863437
95.654532194 3.823075 2.845163 0.000000 0.000000 0.000000 0.504790 0.863242
95.718507051 3.822631 2.845880 0.000000 0.000000 0.000000 0.504893 0.863182
95.809733868 3.823621 2.845415 0.000000 0.000000 0.000000 0.504839 0.863213
95.869915009 3.822865 2.844219 0.000000 0.000000 0.000000 0.504772 0.863253
95.968504429 3.823575 2.844283 0.000000 0.000000 0.000000 0.504766 0.863256
96.013655424 3.824095 2.845261 0.000000 0.000000 0.000000 0.504712 0.863288
96.105460644 3.823694 2.844660 0.000000 0.000000 0.000000 0.504703 0.863293
96.151817083 3.824136 2.844726 0.000000 0.000000 0.000000 0.504563 0.863375
96.249305487 3.824663 2.843117 0.000000 0.000000 0.000000 0.504354 0.863497
96.313171148 3.824284 2.842242 0.000000 0.000000 0.000000 0.504158 0.863611
96.411842108 3.824260 2.843359 0.000000 0.000000 0.000000 0.503976 0.863718
96.483254194 3.824464 2.845724 0.000000 0.000000 0.000000 0.504013 0.863696
96.576039553 3.825314 2.845720 0.000000 0.000000 0.000000 0.504223 0.863574
96.634468794 3.825211 2.845895 0.000000 0.000000 0.000000 0.504221 0.863575
96.723625898 3.825581 2.846072 0.000000 0.000000 0.000000 0.504347 0.863501
96.781600475 3.824958 2.845973 0.000000 0.000000 0.000000 0.504255 0.863555
96.866395235 3.825734 2.846246 0.000000 0.000000 0.000000 0.504211 0.863581
96.921135187 3.826079 2.847544 0.000000 0.000000 0.000000 0.504158 0.863611
97.019036293 3.826731 2.848205 0.000000 0.000000 0.000000 0.504070 0.863663
97.060910940 3.826791 2.848123 0.000000 0.000000 0.000000 0.503870 0.863780
97.153807163 3.825582 2.847576 0.000000 0.000000 0.000000 0.503908 0.863757
97.211027622 3.826414 2.847891 0.000000 0.000000 0.000000 0.504057 0.863670
97.305245876 3.825798 2.847562 0.000000 0.000000 0.000000 0.504010 0.863698
97.364989996 3.825210 2.845801 0.000000 0.000000 0.000000 0.503823 0.863807
97.465471268 3.823804 2.845183 0.000000 0.000000 0.000000 0.503839 0.863798
97.531141281 3.824337 2.845815 0.000000 0.000000 0.000000 0.503974 0.863719
97.607466698 3.824843 2.845256 0.000000 0.000000 0.000000 0.504194 0.863590
97.670571327 3.824845 2.845272 0.000000 0.000000 0.000000 0.504044 0.863678
97.761371374 3.825470 2.845407 0.000000 0.000000 0.000000 0.504076 0.863659
97.826786518 3.826159 2.845995 0.000000 0.000000 0.000000 0.504109 0.863640
97.904732704 3.826411 2.845118 0.000000 0.000000 0.000000 0.504104 0.863643
97.972033739 3.827254 2.845414 0.000000 0.000000 0.000000 0.504181 0.863598
98.065672398 3.827526 2.844449 0.000000 0.000000 0.000000 0.504260 0.863552
98.120881319 3.828330 2.843787 0.000000 0.000000 0.000000 0.504245 0.863561
98.209275961 3.828474 2.842693 0.000000 0.000000 0.000000 0.504252 0.863556
98.266049623 3.829626 2.842977 0.000000 0.000000 0.000000 0.504226 0.863572
98.353181839 3.829704 2.842384 0.000000 0.000000 0.000000 0.504320 0.863517
98.403073549 3.830488 2.842365 0.000000 0.000000 0.000000 0.504182 0.863597
98.490382910 3.830568 2.842138 0.000000 0.000000 0.000000 0.504243 0.863562
98.542252064 3.831172 2.842104 0.000000 0.000000 0.000000 0.504340 0.863505
98.624454260 3.831481 2.842303 0.000000 0.000000 0.000000 0.504390 0.863476
98.685510397 3.831460 2.843082 0.000000 0.000000 0.000000 0.504303 0.863527
98.779605627 3.831469 2.842547 0.000000 0.000000 0.000000 0.504411 0.863463
98.838194609 3.831764 2.842378 0.000000 0.000000 0.000000 0.504326 0.863513
98.929908276 3.830558 2.843197 0.000000 0.000000 0.000000 0.504470 0.863429
98.986426353 3.829242 2.843027 0.000000 0.000000 0.000000 0.504418 0.863459
99.090990067 3.829266 2.843371 0.000000 0.000000 0.000000 0.504335 0.863508
99.137984037 3.828955 2.843193 0.000000 0.000000 0.000000 0.504151 0.863615
99.222180128 3.828787 2.843096 0.000000 0.000000 0.000000 0.504216 0.863577
99.274515629 3.828054 2.843457 0.000000 0.000000 0.000000 0.504311 0.863522
99.372492313 3.828871 2.843124 0.000000 0.000000 0.000000 0.504343 0.863503
99.430688858 3.829741 2.844839 0.000000 0.000000 0.000000 0.504274 0.863544
99.544572830 3.830399 2.845593 0.000000 0.000000 0.000000 0.504252 0.863557
99.586899042 3.830676 2.845542 0.000000 0.000000 0.000000 0.504109 0.863640
99.684531927 3.831042 2.845910 0.000000 0.000000 0.000000 0.504174 0.863602
99.732462883 3.830699 2.847430 0.000000 0.000000 0.000000 0.504071 0.863662
99.817482233 3.828770 2.847802 0.000000 0.000000 0.000000 0.503771 0.863837
99.865893364 3.828812 2.848926 0.000000 0.000000 0.000000 0.503767 0.863840
99.974117994 3.829363 2.848839 0.000000 0.000000 0.000000 0.503696 0.863881
100.008396149 3.829772 2.849610 0.000000 0.000000 0.000000 0.503650 0.863908
100.099959850 3.829952 2.850196 0.000000 0.000000 0.000000 0.503524 0.863981
100.157341719 3.829324 2.850665 0.000000 0.000000 0.000000 0.503240 0.864147
100.251402378 3.829426 2.850526 0.000000 0.000000 0.000000 0.503171 0.864187
100.296842813 3.829180 2.850520 0.000000 0.000000 0.000000 0.503046 0.864259
100.386153460 3.828753 2.850305 0.000000 0.000000 0.000000 0.502909 0.864339
100.438560963 3.828115 2.850264 0.000000 0.000000 0.000000 0.503047 0.864259
100.523025513 3.827902 2.850290 0.000000 0.000000 0.000000 0.502806 0.864399
100.578892708 3.826460 2.850435 0.000000 0.000000 0.000000 0.502914 0.864337
100.666844606 3.825922 2.851039 0.000000 0.000000 0.000000 0.502916 0.864336
100.717916250 3.825610 2.851851 0.000000 0.000000 0.000000 0.503076 0.864242
100.814438343 3.825126 2.851988 0.000000 0.000000 0.000000 0.503268 0.864130
100.859156370 3.825848 2.850485 0.000000 0.000000 0.000000 0.503051 0.864257
100.952885628 3.826769 2.850448 0.000000 0.000000 0.000000 0.503129 0.864212
101.000487804 3.827117 2.850013 0.000000 0.000000 0.000000 0.503170 0.864188
101.085479736 3.827062 2.850061 0.000000 0.000000 0.000000 0.503125 0.864214
101.136031866 3.826493 2.849362 0.000000 0.000000 0.000000 0.503298 0.864113
101.229514122 3.825340 2.847834 0.000000 0.000000 0.000000 0.503474 0.864011
101.274351120 3.824616 2.847941 0.000000 0.000000 0.000000 0.503544 0.863969
101.373620749 3.824694 2.847932 0.000000 0.000000 0.000000 0.503582 0.863947
101.426921129 3.825281 2.847744 0.000000 0.000000 0.000000 0.503714 0.863871
101.521782160 3.825633 2.847161 0.000000 0.000000 0.000000 0.503752 0.863848
101.570658922 3.825464 2.847768 0.000000 0.000000 0.000000 0.503738 0.863856
101.657437325 3.826145 2.848204 0.000000 0.000000 0.000000 0.503659 0.863903
101.713495970 3.826185 2.848750 0.000000 0.000000 0.000000 0.503605 0.863934
101.799236774 3.827035 2.848500 0.000000 0.000000 0.000000 0.503618 0.863926
101.849389791 3.827235 2.848470 0.000000 0.000000 0.000000 0.503681 0.863890
101.945839167 3.827538 2.848813 0.000000 0.000000 0.000000 0.503896 0.863764
101.999189854 3.827486 2.848377 0.000000 0.000000 0.000000 0.503882 0.863773
102.086042404 3.826968 2.849281 0.000000 0.000000 0.000000 0.503996 0.863706
102.136522293 3.826908 2.850837 0.000000 0.000000 0.000000 0.503855 0.863788
102.221495152 3.826586 2.852317 0.000000 0.000000 0.000000 0.503742 0.863854
102.276251078 3.826247 2.853783 0.000000 0.000000 0.000000 0.503642 0.863912
102.367645025 3.826402 2.854040 0.000000 0.000000 0.000000 0.503558 0.863962
102.423708200 3.826928 2.853487 0.000000 0.000000 0.000000 0.503544 0.863970
102.525077105 3.827376 2.854289 0.000000 0.000000 0.000000 0.503426 0.864039
102.574762106 3.827958 2.855306 0.000000 0.000000 0.000000 0.503372 0.864070
102.674291134 3.829229 2.855428 0.000000 0.000000 0.000000 0.503138 0.864206
