56.000000000 -0.003038 0.995965 0.000000 0.000000 0.000000 0.007154 0.999974
56.092626333 -0.003440 0.995192 0.000000 0.000000 0.000000 0.007789 0.999970
56.136488199 -0.003715 0.994618 0.000000 0.000000 0.000000 0.008251 0.999966
56.234569073 -0.003218 0.994765 0.000000 0.000000 0.000000 0.008950 0.999960
56.291095257 -0.003468 0.995372 0.000000 0.000000 0.000000 0.009721 0.999953
56.384810448 -0.003999 0.997303 0.000000 0.000000 0.000000 0.010633 0.999943
56.432573795 -0.003415 0.997664 0.000000 0.000000 0.000000 0.011661 0.999932
56.517774343 -0.003975 0.998323 0.000000 0.000000 0.000000 0.012645 0.999920
56.566277504 -0.005418 0.998337 0.000000 0.000000 0.000000 0.013326 0.999911
56.658776283 -0.005671 0.997874 0.000000 0.000000 0.000000 0.013800 0.999905
56.719421625 -0.006483 0.997081 0.000000 0.000000 0.000000 0.012090 0.999927
56.806190968 -0.006167 0.996887 0.000000 0.000000 0.000000 0.012844 0.999918
56.859033823 -0.006366 0.997028 0.000000 0.000000 0.000000 0.013455 0.999909
56.956225157 -0.006893 0.997868 0.000000 0.000000 0.000000 0.013807 0.999905
56.992516994 -0.007909 0.996622 0.000000 0.000000 0.000000 0.014541 0.999894
57.085117579 -0.009111 0.995716 0.000000 0.000000 0.000000 0.015196 0.999885
57.135342836 -0.009982 0.995610 0.000000 0.000000 0.000000 0.015718 0.999876
57.226917267 -0.010257 0.995790 0.000000 0.000000 0.000000 0.016168 0.999869
57.280653477 -0.010679 0.996221 0.000000 0.000000 0.000000 0.016363 0.999866
57.376023293 -0.010182 0.995122 0.000000 0.000000 0.000000 0.016686 0.999861
57.421943903 -0.010883 0.994852 0.000000 0.000000 0.000000 0.016887 0.999857
57.506844759 -0.010631 0.993976 0.000000 0.000000 0.000000 0.017398 0.999849
57.561612844 -0.010991 0.995311 0.000000 0.000000 0.000000 0.017911 0.999840
57.661116600 -0.011165 0.995550 0.000000 0.000000 0.000000 0.018032 0.999837
57.713097334 -0.011497 0.995975 0.000000 0.000000 0.000000 0.018112 0.999836
57.818692207 -0.012685 0.996921 0.000000 0.000000 0.000000 0.018329 0.999832
57.857132435 -0.013710 0.995476 0.000000 0.000000 0.000000 0.018408 0.999831
57.942367077 -0.013661 0.995516 0.000000 0.000000 0.000000 0.018524 0.999828
57.993121147 -0.014183 0.996226 0.000000 0.000000 0.000000 0.018629 0.999826
58.084053516 -0.013641 0.996104 0.000000 0.000000 0.000000 0.018764 0.999824
58.134043932 -0.014490 0.995555 0.000000 0.000000 0.000000 0.018744 0.999824
58.226578236 -0.014546 0.996220 0.000000 0.000000 0.000000 0.018703 0.999825
58.278188705 -0.014103 0.995070 0.000000 0.000000 0.000000 0.018515 0.999829
58.375108480 -0.014076 0.994725 0.000000 0.000000 0.000000 0.018426 0.999830
58.432198524 -0.013560 0.996177 0.000000 0.000000 0.000000 0.018781 0.999824
58.513686180 -0.014424 0.996333 0.000000 0.000000 0.000000 0.018866 0.999822
58.577755451 -0.013882 0.996898 0.000000 0.000000 0.000000 0.019145 0.999817
58.663658381 -0.013913 0.997623 0.000000 0.000000 0.000000 0.018774 0.999824
58.721382856 -0.014731 0.998408 0.000000 0.000000 0.000000 0.018804 0.999823
58.811643362 -0.016764 0.999019 0.000000 0.000000 0.000000 0.018872 0.999822
58.859117508 -0.017495 0.998756 0.000000 0.000000 0.000000 0.019179 0.999816
58.954252720 -0.018069 0.999678 0.000000 0.000000 0.000000 0.019069 0.999818
59.016629219 -0.016892 1.001232 0.000000 0.000000 0.000000 0.019237 0.999815
59.106379747 -0.016946 1.001781 0.000000 0.000000 0.000000 0.018728 0.999825
59.158839226 -0.016032 1.001133 0.000000 0.000000 0.000000 0.018675 0.999826
59.239713192 -0.016007 1.001646 0.000000 0.000000 0.000000 0.018533 0.999828
59.295119047 -0.015289 1.001919 0.000000 0.000000 0.000000 0.018539 0.999828
59.400145054 -0.016499 1.003059 0.000000 0.000000 0.000000 0.018673 0.999826
59.447155952 -0.017063 1.002908 0.000000 0.000000 0.000000 0.018821 0.999823
59.543852329 -0.016772 1.004720 0.000000 0.000000 0.000000 0.018635 0.999826
59.590034962 -0.017309 1.004624 0.000000 0.000000 0.000000 0.018933 0.999821
59.665421247 -0.016401 1.003976 0.000000 0.000000 0.000000 0.018461 0.999830
59.720851421 -0.016971 1.002834 0.000000 0.000000 0.000000 0.018652 0.999826
59.805132151 -0.016517 1.001646 0.000000 0.000000 0.000000 0.018420 0.999830
59.860359430 -0.017542 1.002239 0.000000 0.000000 0.000000 0.018335 0.999832
59.957119226 -0.016911 1.003295 0.000000 0.000000 0.000000 0.018318 0.999832
60.005816936 -0.018021 1.004429 0.000000 0.000000 0.000000 0.018458 0.999830
60.089397669 -0.018116 1.004987 0.000000 0.000000 0.000000 0.018577 0.999827
60.138172865 -0.019502 1.000957 0.000000 0.000000 0.000000 0.018389 0.999831
60.220950127 -0.019036 1.002154 0.000000 0.000000 0.000000 0.018565 0.999828
60.272440672 -0.019501 1.002184 0.000000 0.000000 0.000000 0.018731 0.999825
60.365985632 -0.019816 1.001869 0.000000 0.000000 0.000000 0.018872 0.999822
60.419920921 -0.020531 1.002136 0.000000 0.000000 0.000000 0.018911 0.999821
60.517887354 -0.019445 1.002733 0.000000 0.000000 0.000000 0.018971 0.999820
60.576246977 -0.019212 1.002478 0.000000 0.000000 0.000000 0.019048 0.999819
60.661265135 -0.017555 1.002980 0.000000 0.000000 0.000000 0.018855 0.999822
60.720116138 -0.017854 1.003755 0.000000 0.000000 0.000000 0.018654 0.999826
60.806773424 -0.018052 1.002750 0.000000 0.000000 0.000000 0.018796 0.999823
60.856551170 -0.017752 1.001229 0.000000 0.000000 0.000000 0.018842 0.999822
60.954911470 -0.018343 1.001136 0.000000 0.000000 0.000000 0.019202 0.999816
61.012297630 -0.018937 1.001548 0.000000 0.000000 0.000000 0.019199 0.999816
61.109639168 -0.019521 1.001882 0.000000 0.000000 0.000000 0.019075 0.999818
61.157109976 -0.019012 1.001672 0.000000 0.000000 0.000000 0.019015 0.999819
61.239634752 -0.019179 1.001710 0.000000 0.000000 0.000000 0.018922 0.999821
61.291578770 -0.018851 1.001483 0.000000 0.000000 0.000000 0.018836 0.999823
61.377224922 -0.017858 1.001567 0.000000 0.000000 0.000000 0.018810 0.999823
61.424571276 -0.018133 1.001538 0.000000 0.000000 0.000000 0.018541 0.999828
61.517945051 -0.016546 1.001720 0.000000 0.000000 0.000000 0.018330 0.999832
61.571182013 -0.016417 1.001241 0.000000 0.000000 0.000000 0.018504 0.999829
61.674693108 -0.016614 1.000680 0.000000 0.000000 0.000000 0.018689 0.999825
61.731230259 -0.017069 1.000359 0.000000 0.000000 0.000000 0.018998 0.999820
61.823836803 -0.016463 1.000936 0.000000 0.000000 0.000000 0.018969 0.999820
61.867137194 -0.017083 1.000949 0.000000 0.000000 0.000000 0.018937 0.999821
61.957184315 -0.016199 1.000551 0.000000 0.000000 0.000000 0.019067 0.999818
62.007257462 -0.016486 1.000694 0.000000 0.000000 0.000000 0.018946 0.999821
62.096065044 -0.015542 1.000806 0.000000 0.000000 0.000000 0.019114 0.999817
62.149833441 -0.015299 1.001757 0.000000 0.000000 0.000000 0.019127 0.999817
62.231528997 0.000111 1.002441 0.000000 0.000000 0.000000 0.019281 0.999814
62.288254261 0.010229 1.003146 0.000000 0.000000 0.000000 0.019369 0.999812
62.372793436 0.026492 1.003797 0.000000 0.000000 0.000000 0.019402 0.999812
62.437046528 0.039849 1.003558 0.000000 0.000000 0.000000 0.019438 0.999811
62.518205643 0.055344 1.003737 0.000000 0.000000 0.000000 0.019543 0.999809
62.573649645 0.066795 1.004143 0.000000 0.000000 0.000000 0.019647 0.999807
62.658019066 0.083459 1.005658 0.000000 0.000000 0.000000 0.020014 0.999800
62.708748341 0.094523 1.006018 0.000000 0.000000 0.000000 0.020082 0.999798
62.802901506 0.112799 1.005934 0.000000 0.000000 0.000000 0.020130 0.999797
62.862125397 0.124459 1.006972 0.000000 0.000000 0.000000 0.020348 0.999793
62.944721937 0.141168 1.007155 0.000000 0.000000 0.000000 0.020191 0.999796
63.001682520 0.152905 1.008433 0.000000 0.000000 0.000000 0.020171 0.999797
63.096352816 0.171153 1.009651 0.000000 0.000000 0.000000 0.020187 0.999796
63.140980959 0.180346 1.009654 0.000000 0.000000 0.000000 0.020362 0.999793
63.224403381 0.197150 1.009692 0.000000 0.000000 0.000000 0.020267 0.999795
63.278097630 0.207611 1.009269 0.000000 0.000000 0.000000 0.020403 0.999792
63.378735542 0.228006 1.010278 0.000000 0.000000 0.000000 0.020481 0.999790
63.429337263 0.237000 1.011849 0.000000 0.000000 0.000000 0.020711 0.999786
63.507558107 0.253309 1.012558 0.000000 0.000000 0.000000 0.020828 0.999783
63.561244726 0.264923 1.012022 0.000000 0.000000 0.000000 0.021020 0.999779
63.651183605 0.283226 1.011183 0.000000 0.000000 0.000000 0.021005 0.999779
63.722069025 0.296837 1.011040 0.000000 0.000000 0.000000 0.021232 0.999775
63.818211794 0.315319 1.012910 0.000000 0.000000 0.000000 0.021166 0.999776
63.867984533 0.325036 1.013101 0.000000 0.000000 0.000000 0.020910 0.999781
63.954170942 0.341341 1.014093 0.000000 0.000000 0.000000 0.020790 0.999784
64.007827759 0.351915 1.014142 0.000000 0.000000 0.000000 0.020979 0.999780
64.098969221 0.371517 1.013540 0.000000 0.000000 0.000000 0.021073 0.999778
64.150251389 0.380995 1.014947 0.000000 0.000000 0.000000 0.021086 0.999778
64.240028858 0.396862 1.015829 0.000000 0.000000 0.000000 0.021194 0.999775
64.291742325 0.407153 1.015514 0.000000 0.000000 0.000000 0.021237 0.999774
64.384911537 0.426449 1.016271 0.000000 0.000000 0.000000 0.021223 0.999775
64.438662767 0.437976 1.017615 0.000000 0.000000 0.000000 0.021195 0.999775
64.529100657 0.455176 1.018442 0.000000 0.000000 0.000000 0.021506 0.999769
64.581606388 0.466511 1.019035 0.000000 0.000000 0.000000 0.021292 0.999773
64.666499376 0.483028 1.019868 0.000000 0.000000 0.000000 0.021515 0.999769
64.719514608 0.493063 1.019720 0.000000 0.000000 0.000000 0.021651 0.999766
64.801486015 0.510590 1.019955 0.000000 0.000000 0.000000 0.021497 0.999769
64.853920698 0.521803 1.021697 0.000000 0.000000 0.000000 0.021124 0.999777
64.943417788 0.539268 1.022300 0.000000 0.000000 0.000000 0.021391 0.999771
64.995023489 0.550304 1.022082 0.000000 0.000000 0.000000 0.021247 0.999774
65.076430798 0.567264 1.022635 0.000000 0.000000 0.000000 0.021427 0.999770
65.137303352 0.579991 1.022314 0.000000 0.000000 0.000000 0.021330 0.999772
65.235720634 0.599774 1.023264 0.000000 0.000000 0.000000 0.021087 0.999778
65.286878586 0.609459 1.024101 0.000000 0.000000 0.000000 0.021408 0.999771
65.388996363 0.629463 1.025001 0.000000 0.000000 0.000000 0.021255 0.999774
65.443364143 0.641064 1.025157 0.000000 0.000000 0.000000 0.021175 0.999776
65.533442974 0.658125 1.023848 0.000000 0.000000 0.000000 0.020459 0.999791
65.583643198 0.667193 1.024314 0.000000 0.000000 0.000000 0.020438 0.999791
65.666572094 0.684414 1.025805 0.000000 0.000000 0.000000 0.020606 0.999788
65.718314648 0.693197 1.025638 0.000000 0.000000 0.000000 0.020491 0.999790
65.813969851 0.711566 1.027240 0.000000 0.000000 0.000000 0.020302 0.999794
65.860479355 0.720374 1.027912 0.000000 0.000000 0.000000 0.020345 0.999793
65.949100494 0.737697 1.028791 0.000000 0.000000 0.000000 0.020295 0.999794
66.006313324 0.749079 1.029350 0.000000 0.000000 0.000000 0.019875 0.999802
66.091695070 0.766203 1.028900 0.000000 0.000000 0.000000 0.020142 0.999797
66.150105000 0.777644 1.027974 0.000000 0.000000 0.000000 0.020152 0.999797
66.245607138 0.795660 1.028857 0.000000 0.000000 0.000000 0.020058 0.999799
66.289936066 0.804566 1.028588 0.000000 0.000000 0.000000 0.019896 0.999802
66.374847174 0.820711 1.028939 0.000000 0.000000 0.000000 0.019883 0.999802
66.427448988 0.830899 1.028924 0.000000 0.000000 0.000000 0.019807 0.999804
66.515174389 0.847967 1.029881 0.000000 0.000000 0.000000 0.020069 0.999799
66.565155268 0.857672 1.028893 0.000000 0.000000 0.000000 0.020069 0.999799
66.668905973 0.879363 1.030508 0.000000 0.000000 0.000000 0.020082 0.999798
66.720251560 0.889710 1.030226 0.000000 0.000000 0.000000 0.019970 0.999801
66.818524122 0.909181 1.030319 0.000000 0.000000 0.000000 0.019954 0.999801
66.862034321 0.917873 1.030757 0.000000 0.000000 0.000000 0.019805 0.999804
66.948162079 0.934623 1.031484 0.000000 0.000000 0.000000 0.019738 0.999805
66.998103142 0.944851 1.031286 0.000000 0.000000 0.000000 0.019814 0.999804
67.100195885 0.966220 1.030099 0.000000 0.000000 0.000000 0.019777 0.999804
67.157076359 0.977263 1.030931 0.000000 0.000000 0.000000 0.019656 0.999807
67.269846916 1.000300 1.031217 0.000000 0.000000 0.000000 0.019738 0.999805
67.325706720 1.010492 1.031347 0.000000 0.000000 0.000000 0.019880 0.999802
67.417520761 1.028157 1.033163 0.000000 0.000000 0.000000 0.019764 0.999805
67.475314379 1.040370 1.034351 0.000000 0.000000 0.000000 0.019781 0.999804
67.587245464 1.062660 1.034344 0.000000 0.000000 0.000000 0.019670 0.999807
67.657504320 1.077058 1.034319 0.000000 0.000000 0.000000 0.019737 0.999805
67.744100571 1.093870 1.035528 0.000000 0.000000 0.000000 0.019975 0.999800
67.809964418 1.106932 1.035686 0.000000 0.000000 0.000000 0.019900 0.999802
67.907867193 1.127526 1.037539 0.000000 0.000000 0.000000 0.019775 0.999804
67.955658197 1.136775 1.038244 0.000000 0.000000 0.000000 0.019700 0.999806
68.043772697 1.153293 1.038597 0.000000 0.000000 0.000000 0.019854 0.999803
68.092056751 1.162959 1.039466 0.000000 0.000000 0.000000 0.019692 0.999806
68.198954105 1.183490 1.040244 0.000000 0.000000 0.000000 0.019861 0.999803
68.239401817 1.190807 1.040531 0.000000 0.000000 0.000000 0.019901 0.999802
68.334116697 1.210518 1.042011 0.000000 0.000000 0.000000 0.019881 0.999802
68.393169165 1.221546 1.042268 0.000000 0.000000 0.000000 0.019729 0.999805
68.488315105 1.239692 1.043028 0.000000 0.000000 0.000000 0.019835 0.999803
68.548655272 1.250406 1.044237 0.000000 0.000000 0.000000 0.020022 0.999800
68.628951550 1.266304 1.046005 0.000000 0.000000 0.000000 0.019762 0.999805
68.688163757 1.276614 1.046389 0.000000 0.000000 0.000000 0.020191 0.999796
68.771270037 1.292567 1.047146 0.000000 0.000000 0.000000 0.020215 0.999796
68.824939728 1.303491 1.046921 0.000000 0.000000 0.000000 0.020021 0.999800
68.927378178 1.323112 1.047302 0.000000 0.000000 0.000000 0.020138 0.999797
68.988554239 1.336190 1.048755 0.000000 0.000000 0.000000 0.020218 0.999796
69.091393948 1.356586 1.049315 0.000000 0.000000 0.000000 0.020196 0.999796
69.142657280 1.366600 1.049146 0.000000 0.000000 0.000000 0.019960 0.999801
69.226943970 1.383950 1.050038 0.000000 0.000000 0.000000 0.019556 0.999809
69.291504383 1.397614 1.050786 0.000000 0.000000 0.000000 0.019890 0.999802
69.395749092 1.418984 1.050971 0.000000 0.000000 0.000000 0.020119 0.999798
69.444655418 1.426810 1.051322 0.000000 0.000000 0.000000 0.020079 0.999798
69.543005466 1.446056 1.051069 0.000000 0.000000 0.000000 0.019905 0.999802
69.595045090 1.455822 1.051735 0.000000 0.000000 0.000000 0.019930 0.999801
69.695927858 1.476124 1.052748 0.000000 0.000000 0.000000 0.019696 0.999806
69.753221989 1.486439 1.051483 0.000000 0.000000 0.000000 0.019679 0.999806
69.852281094 1.507385 1.053610 0.000000 0.000000 0.000000 0.019444 0.999811
69.909631014 1.519680 1.055848 0.000000 0.000000 0.000000 0.019393 0.999812
70.003495455 1.538199 1.057139 0.000000 0.000000 0.000000 0.019505 0.999810
70.055417776 1.548341 1.058041 0.000000 0.000000 0.000000 0.019414 0.999812
70.137858391 1.565992 1.059100 0.000000 0.000000 0.000000 0.019555 0.999809
70.199167728 1.579781 1.058907 0.000000 0.000000 0.000000 0.019468 0.999810
70.302878618 1.600475 1.059919 0.000000 0.000000 0.000000 0.018968 0.999820
70.369396687 1.612783 1.060920 0.000000 0.000000 0.000000 0.019063 0.999818
70.461210728 1.631439 1.062744 0.000000 0.000000 0.000000 0.019331 0.999813
70.509778738 1.640169 1.065097 0.000000 0.000000 0.000000 0.019484 0.999810
70.599387646 1.658267 1.065950 0.000000 0.000000 0.000000 0.019726 0.999805
70.656033039 1.669363 1.066403 0.000000 0.000000 0.000000 0.019850 0.999803
70.768153429 1.691901 1.067679 0.000000 0.000000 0.000000 0.019907 0.999802
70.815999985 1.700402 1.067728 0.000000 0.000000 0.000000 0.019836 0.999803
70.900581121 1.716711 1.068617 0.000000 0.000000 0.000000 0.019539 0.999809
70.955633402 1.727895 1.068409 0.000000 0.000000 0.000000 0.019366 0.999812
71.042252779 1.744225 1.068860 0.000000 0.000000 0.000000 0.019396 0.999812
71.103641987 1.756384 1.070785 0.000000 0.000000 0.000000 0.019463 0.999811
71.186776161 1.770038 1.076231 0.000000 0.000000 0.000000 0.020255 0.999795
71.250498533 1.783621 1.077158 0.000000 0.000000 0.000000 0.020458 0.999791
71.341936827 1.788923 1.078249 0.000000 0.000000 0.000000 0.029806 0.999556
71.393325806 1.791659 1.078960 0.000000 0.000000 0.000000 0.034541 0.999403
71.487019539 1.796718 1.079413 0.000000 0.000000 0.000000 0.043873 0.999037
71.537977695 1.799710 1.079816 0.000000 0.000000 0.000000 0.049126 0.998793
71.626116753 1.803960 1.080690 0.000000 0.000000 0.000000 0.057817 0.998327
71.682151079 1.806719 1.081054 0.000000 0.000000 0.000000 0.063220 0.998000
71.763496399 1.811174 1.081008 0.000000 0.000000 0.000000 0.071218 0.997461
71.820455313 1.814250 1.080100 0.000000 0.000000 0.000000 0.076852 0.997042
71.918866396 1.819060 1.080038 0.000000 0.000000 0.000000 0.086668 0.996237
71.975845575 1.822006 1.080177 0.000000 0.000000 0.000000 0.092369 0.995725
72.068582535 1.826831 1.080207 0.000000 0.000000 0.000000 0.101871 0.994798
72.122643709 1.829518 1.080328 0.000000 0.000000 0.000000 0.106997 0.994259
72.217851877 1.848192 1.084261 0.000000 0.000000 0.000000 0.107104 0.994248
72.265589714 1.858787 1.087127 0.000000 0.000000 0.000000 0.107103 0.994248
72.354194641 1.875399 1.090654 0.000000 0.000000 0.000000 0.107189 0.994239
72.403216600 1.884702 1.093984 0.000000 0.000000 0.000000 0.107071 0.994251
72.504085302 1.904092 1.098173 0.000000 0.000000 0.000000 0.107276 0.994229
72.559812546 1.915004 1.099822 0.000000 0.000000 0.000000 0.107394 0.994217
72.641114473 1.931125 1.104317 0.000000 0.000000 0.000000 0.107150 0.994243
72.695553064 1.941756 1.107851 0.000000 0.000000 0.000000 0.107202 0.994237
72.784453154 1.958401 1.111714 0.000000 0.000000 0.000000 0.107281 0.994229
72.839464188 1.962055 1.112163 0.000000 0.000000 0.000000 0.112658 0.993634
72.931765556 1.967727 1.113009 0.000000 0.000000 0.000000 0.121807 0.992554
72.986810684 1.971425 1.114240 0.000000 0.000000 0.000000 0.127395 0.991852
73.071648121 1.975681 1.115337 0.000000 0.000000 0.000000 0.135614 0.990762
73.129702330 1.977761 1.115886 0.000000 0.000000 0.000000 0.141459 0.989944
73.227200508 1.982316 1.117821 0.000000 0.000000 0.000000 0.150840 0.988558
73.271549940 1.983346 1.119180 0.000000 0.000000 0.000000 0.155162 0.987889
73.365193605 2.000176 1.125140 0.000000 0.000000 0.000000 0.155073 0.987903
73.410813332 2.007651 1.127990 0.000000 0.000000 0.000000 0.154943 0.987923
73.495560646 2.023311 1.134219 0.000000 0.000000 0.000000 0.155032 0.987909
73.549853325 2.034270 1.139117 0.000000 0.000000 0.000000 0.155057 0.987906
73.635336399 2.050281 1.143897 0.000000 0.000000 0.000000 0.155323 0.987864
73.700213671 2.062545 1.147932 0.000000 0.000000 0.000000 0.155235 0.987878
73.794411182 2.080891 1.154017 0.000000 0.000000 0.000000 0.155444 0.987845
73.851395130 2.091519 1.157824 0.000000 0.000000 0.000000 0.155342 0.987861
73.934927464 2.106324 1.163738 0.000000 0.000000 0.000000 0.155379 0.987855
73.994324923 2.109023 1.165787 0.000000 0.000000 0.000000 0.160860 0.986977
74.076428652 2.113967 1.166822 0.000000 0.000000 0.000000 0.168998 0.985616
74.138641834 2.116670 1.167392 0.000000 0.000000 0.000000 0.174851 0.984595
74.232690811 2.120750 1.169646 0.000000 0.000000 0.000000 0.184129 0.982902
74.284757137 2.123458 1.171397 0.000000 0.000000 0.000000 0.189144 0.981949
74.368963718 2.127404 1.172510 0.000000 0.000000 0.000000 0.197448 0.980313
74.424954653 2.130235 1.173385 0.000000 0.000000 0.000000 0.202688 0.979243
74.512892008 2.134048 1.175912 0.000000 0.000000 0.000000 0.211238 0.977435
74.568120718 2.144863 1.179059 0.000000 0.000000 0.000000 0.211207 0.977441
74.659038782 2.160766 1.187543 0.000000 0.000000 0.000000 0.211456 0.977387
74.720528126 2.172135 1.192585 0.000000 0.000000 0.000000 0.211718 0.977331
74.807915449 2.188258 1.199307 0.000000 0.000000 0.000000 0.211718 0.977331
74.867791891 2.199988 1.203670 0.000000 0.000000 0.000000 0.211630 0.977350
74.956265450 2.216731 1.210508 0.000000 0.000000 0.000000 0.211504 0.977377
75.006022692 2.226316 1.214216 0.000000 0.000000 0.000000 0.211494 0.977379
75.093890429 2.243133 1.222963 0.000000 0.000000 0.000000 0.211456 0.977387
75.151803017 2.254332 1.227183 0.000000 0.000000 0.000000 0.211313 0.977418
75.237923384 2.269758 1.235820 0.000000 0.000000 0.000000 0.211410 0.977397
75.289012432 2.278766 1.239879 0.000000 0.000000 0.000000 0.211649 0.977346
75.377345324 2.293964 1.246234 0.000000 0.000000 0.000000 0.211927 0.977286
75.433693886 2.304719 1.251380 0.000000 0.000000 0.000000 0.211840 0.977304
75.537194490 2.322740 1.259186 0.000000 0.000000 0.000000 0.211582 0.977360
75.586070776 2.331608 1.262488 0.000000 0.000000 0.000000 0.211573 0.977362
75.689361572 2.351218 1.270385 0.000000 0.000000 0.000000 0.211672 0.977341
75.744805098 2.361620 1.275561 0.000000 0.000000 0.000000 0.211499 0.977378
75.826009274 2.376177 1.280884 0.000000 0.000000 0.000000 0.211576 0.977361
75.899021864 2.380563 1.282260 0.000000 0.000000 0.000000 0.218348 0.975871
75.992537260 2.386079 1.283084 0.000000 0.000000 0.000000 0.227300 0.973825
76.056124210 2.389002 1.284149 0.000000 0.000000 0.000000 0.233392 0.972383
76.141805172 2.393897 1.285551 0.000000 0.000000 0.000000 0.241739 0.970341
76.196712971 2.396344 1.287225 0.000000 0.000000 0.000000 0.246852 0.969053
76.279946327 2.398846 1.289138 0.000000 0.000000 0.000000 0.254827 0.966987
76.336917877 2.400818 1.290214 0.000000 0.000000 0.000000 0.260309 0.965525
76.431858301 2.406201 1.293892 0.000000 0.000000 0.000000 0.269585 0.962977
76.487337351 2.416132 1.300789 0.000000 0.000000 0.000000 0.269698 0.962945
76.576975346 2.433089 1.311375 0.000000 0.000000 0.000000 0.269929 0.962880
76.635664701 2.445872 1.318381 0.000000 0.000000 0.000000 0.270560 0.962703
76.736702204 2.461884 1.329564 0.000000 0.000000 0.000000 0.270574 0.962699
76.784813404 2.469524 1.334900 0.000000 0.000000 0.000000 0.270461 0.962731
76.872728825 2.483776 1.345063 0.000000 0.000000 0.000000 0.270437 0.962738
76.940669060 2.496767 1.353259 0.000000 0.000000 0.000000 0.270492 0.962722
77.039191484 2.513527 1.362326 0.000000 0.000000 0.000000 0.270536 0.962710
77.091496944 2.522048 1.368127 0.000000 0.000000 0.000000 0.270410 0.962745
77.178045034 2.525464 1.369813 0.000000 0.000000 0.000000 0.278621 0.960401
77.233334064 2.529134 1.370796 0.000000 0.000000 0.000000 0.283815 0.958879
77.321522951 2.532800 1.373052 0.000000 0.000000 0.000000 0.292152 0.956372
77.385615587 2.534237 1.374572 0.000000 0.000000 0.000000 0.298115 0.954530
77.482558012 2.549054 1.384893 0.000000 0.000000 0.000000 0.297979 0.954572
77.535058022 2.559107 1.390767 0.000000 0.000000 0.000000 0.298184 0.954509
77.635596514 2.574610 1.402106 0.000000 0.000000 0.000000 0.298069 0.954544
77.687636852 2.582215 1.409431 0.000000 0.000000 0.000000 0.298135 0.954524
77.783472538 2.597588 1.419402 0.000000 0.000000 0.000000 0.298163 0.954515
77.833787918 2.605388 1.425607 0.000000 0.000000 0.000000 0.298015 0.954561
77.940711260 2.623398 1.435886 0.000000 0.000000 0.000000 0.297861 0.954609
77.985099792 2.630552 1.440237 0.000000 0.000000 0.000000 0.298172 0.954512
78.074628830 2.644793 1.450014 0.000000 0.000000 0.000000 0.298492 0.954412
78.126539230 2.653679 1.456112 0.000000 0.000000 0.000000 0.298763 0.954327
78.225707769 2.657524 1.458830 0.000000 0.000000 0.000000 0.308010 0.951383
78.287621975 2.660468 1.460240 0.000000 0.000000 0.000000 0.313993 0.949425
78.371752024 2.675062 1.470060 0.000000 0.000000 0.000000 0.314154 0.949372
78.425225496 2.682730 1.476913 0.000000 0.000000 0.000000 0.314110 0.949386
78.525620699 2.699596 1.488683 0.000000 0.000000 0.000000 0.313920 0.949449
78.588539600 2.710190 1.495402 0.000000 0.000000 0.000000 0.313928 0.949447
78.670593977 2.722571 1.505208 0.000000 0.000000 0.000000 0.313739 0.949509
78.735427380 2.732961 1.512824 0.000000 0.000000 0.000000 0.313933 0.949445
78.827690363 2.747402 1.523932 0.000000 0.000000 0.000000 0.314008 0.949420
78.889282465 2.756568 1.531339 0.000000 0.000000 0.000000 0.314265 0.949335
78.986895561 2.772589 1.543167 0.000000 0.000000 0.000000 0.314404 0.949289
79.038242817 2.781448 1.548926 0.000000 0.000000 0.000000 0.314533 0.949246
79.133278370 2.785520 1.553992 0.000000 0.000000 0.000000 0.323429 0.946252
79.188038111 2.787487 1.555598 0.000000 0.000000 0.000000 0.328530 0.944494
79.274859905 2.790526 1.558281 0.000000 0.000000 0.000000 0.336605 0.941646
79.325020790 2.798354 1.565666 0.000000 0.000000 0.000000 0.336544 0.941668
79.419587612 2.812520 1.577946 0.000000 0.000000 0.000000 0.336218 0.941784
79.476016521 2.822380 1.585362 0.000000 0.000000 0.000000 0.336416 0.941713
79.572896481 2.837617 1.597192 0.000000 0.000000 0.000000 0.336240 0.941776
79.625355482 2.845978 1.604606 0.000000 0.000000 0.000000 0.336259 0.941770
79.715934038 2.860430 1.616158 0.000000 0.000000 0.000000 0.336201 0.941790
79.766192913 2.869565 1.623013 0.000000 0.000000 0.000000 0.336407 0.941717
79.851100206 2.882806 1.633337 0.000000 0.000000 0.000000 0.336380 0.941726
79.911969662 2.891899 1.641276 0.000000 0.000000 0.000000 0.336288 0.941759
80.005322218 2.906349 1.653176 0.000000 0.000000 0.000000 0.336245 0.941774
80.049822092 2.913507 1.658670 0.000000 0.000000 0.000000 0.336222 0.941783
80.144307137 2.928976 1.671133 0.000000 0.000000 0.000000 0.336431 0.941708
80.194717646 2.937834 1.677356 0.000000 0.000000 0.000000 0.336176 0.941799
80.283586025 2.941812 1.680650 0.000000 0.000000 0.000000 0.344423 0.938815
80.339012861 2.943009 1.682793 0.000000 0.000000 0.000000 0.349449 0.936955
80.432806969 2.946936 1.685417 0.000000 0.000000 0.000000 0.358051 0.933702
80.481657505 2.948830 1.687625 0.000000 0.000000 0.000000 0.362602 0.931944
80.570667744 2.952485 1.692240 0.000000 0.000000 0.000000 0.370886 0.928678
80.629180193 2.952750 1.694805 0.000000 0.000000 0.000000 0.376736 0.926321
80.725515127 2.956401 1.697988 0.000000 0.000000 0.000000 0.385567 0.922680
80.785824299 2.958155 1.698125 0.000000 0.000000 0.000000 0.391114 0.920342
80.885531425 2.961324 1.701920 0.000000 0.000000 0.000000 0.400359 0.916358
80.931448936 2.962632 1.705048 0.000000 0.000000 0.000000 0.404713 0.914444
81.023196459 2.975362 1.717752 0.000000 0.000000 0.000000 0.405173 0.914240
81.074112654 2.981774 1.725954 0.000000 0.000000 0.000000 0.405087 0.914278
81.169610262 2.994442 1.740324 0.000000 0.000000 0.000000 0.404740 0.914432
81.221564293 3.001671 1.748264 0.000000 0.000000 0.000000 0.404767 0.914420
81.317089081 3.015379 1.761609 0.000000 0.000000 0.000000 0.404766 0.914420
81.373459816 3.023010 1.770413 0.000000 0.000000 0.000000 0.404742 0.914431
81.468533754 3.036606 1.785303 0.000000 0.000000 0.000000 0.404824 0.914394
81.523016691 3.044541 1.793640 0.000000 0.000000 0.000000 0.404720 0.914440
81.598726511 3.052644 1.805641 0.000000 0.000000 0.000000 0.404610 0.914489
81.657386780 3.057206 1.805999 0.000000 0.000000 0.000000 0.409570 0.912279
81.743980408 3.060919 1.808928 0.000000 0.000000 0.000000 0.417150 0.908838
81.802433014 3.063291 1.811998 0.000000 0.000000 0.000000 0.422417 0.906401
81.892469883 3.065660 1.815813 0.000000 0.000000 0.000000 0.430533 0.902575
81.951400280 3.067540 1.819177 0.000000 0.000000 0.000000 0.436127 0.899885
82.051398516 3.070808 1.823182 0.000000 0.000000 0.000000 0.445000 0.895530
82.098116398 3.073078 1.824473 0.000000 0.000000 0.000000 0.449105 0.893479
82.188131332 3.082979 1.839162 0.000000 0.000000 0.000000 0.449352 0.893355
82.248149872 3.088829 1.849910 0.000000 0.000000 0.000000 0.449685 0.893187
82.336132288 3.099194 1.863308 0.000000 0.000000 0.000000 0.449570 0.893245
82.396090031 3.107082 1.872044 0.000000 0.000000 0.000000 0.449838 0.893110
82.493404388 3.117671 1.886766 0.000000 0.000000 0.000000 0.449802 0.893128
82.545469284 3.123718 1.894582 0.000000 0.000000 0.000000 0.449900 0.893079
82.645762682 3.136310 1.909818 0.000000 0.000000 0.000000 0.449924 0.893067
82.703368902 3.142939 1.919721 0.000000 0.000000 0.000000 0.450136 0.892960
82.786747932 3.152569 1.933235 0.000000 0.000000 0.000000 0.450251 0.892902
82.854153395 3.160884 1.944525 0.000000 0.000000 0.000000 0.450520 0.892766
82.943068027 3.171157 1.959068 0.000000 0.000000 0.000000 0.450428 0.892813
83.009804964 3.178090 1.970841 0.000000 0.000000 0.000000 0.450285 0.892885
83.085191727 3.187378 1.982847 0.000000 0.000000 0.000000 0.450375 0.892840
83.153803349 3.195996 1.995370 0.000000 0.000000 0.000000 0.450556 0.892748
83.241653681 3.206676 2.009569 0.000000 0.000000 0.000000 0.450430 0.892812
83.297069788 3.207203 2.013117 0.000000 0.000000 0.000000 0.455307 0.890334
83.389735460 3.210760 2.017426 0.000000 0.000000 0.000000 0.463511 0.886091
83.453119040 3.212055 2.020769 0.000000 0.000000 0.000000 0.469040 0.883177
83.537900448 3.214174 2.024592 0.000000 0.000000 0.000000 0.476818 0.879002
83.597048283 3.215745 2.027988 0.000000 0.000000 0.000000 0.482217 0.876052
83.717325926 3.219180 2.031474 0.000000 0.000000 0.000000 0.492603 0.870254
83.749479055 3.220083 2.032628 0.000000 0.000000 0.000000 0.495318 0.868712
83.838826418 3.222729 2.037460 0.000000 0.000000 0.000000 0.503057 0.864253
83.901724577 3.224809 2.040589 0.000000 0.000000 0.000000 0.508448 0.861093
83.992516994 3.227307 2.044506 0.000000 0.000000 0.000000 0.516280 0.856420
84.051721573 3.228050 2.046931 0.000000 0.000000 0.000000 0.521461 0.853275
84.156426907 3.231429 2.051067 0.000000 0.000000 0.000000 0.530539 0.847661
84.200500965 3.231740 2.052840 0.000000 0.000000 0.000000 0.534291 0.845301
84.283172131 3.237455 2.067316 0.000000 0.000000 0.000000 0.534351 0.845263
84.341853619 3.243248 2.076916 0.000000 0.000000 0.000000 0.534420 0.845219
84.440338135 3.251633 2.093316 0.000000 0.000000 0.000000 0.534393 0.845236
84.490278244 3.256543 2.103095 0.000000 0.000000 0.000000 0.534515 0.845159
84.590413809 3.266015 2.121283 0.000000 0.000000 0.000000 0.534469 0.845188
84.637861252 3.266899 2.122580 0.000000 0.000000 0.000000 0.538292 0.842758
84.731191397 3.268466 2.126605 0.000000 0.000000 0.000000 0.545844 0.837887
84.795961142 3.269913 2.131805 0.000000 0.000000 0.000000 0.551635 0.834085
84.885035038 3.271619 2.136042 0.000000 0.000000 0.000000 0.559089 0.829108
84.942189693 3.274764 2.146910 0.000000 0.000000 0.000000 0.559237 0.829008
85.035698891 3.280605 2.164406 0.000000 0.000000 0.000000 0.559683 0.828707
85.087255955 3.285430 2.174165 0.000000 0.000000 0.000000 0.559795 0.828631
85.177431345 3.292292 2.191273 0.000000 0.000000 0.000000 0.559703 0.828693
85.234461546 3.296473 2.202309 0.000000 0.000000 0.000000 0.559768 0.828650
85.317269802 3.302288 2.217845 0.000000 0.000000 0.000000 0.559833 0.828606
85.371974707 3.305395 2.227668 0.000000 0.000000 0.000000 0.559989 0.828500
85.478625298 3.306350 2.233754 0.000000 0.000000 0.000000 0.568634 0.822590
85.528799295 3.306300 2.235539 0.000000 0.000000 0.000000 0.572967 0.819578
85.623463392 3.308385 2.238661 0.000000 0.000000 0.000000 0.580666 0.814142
85.673765659 3.308648 2.241492 0.000000 0.000000 0.000000 0.584769 0.811200
85.763669968 3.314951 2.258646 0.000000 0.000000 0.000000 0.585024 0.811016
85.820935726 3.317626 2.268670 0.000000 0.000000 0.000000 0.585051 0.810996
85.910727024 3.321489 2.283865 0.000000 0.000000 0.000000 0.585290 0.810824
85.964876890 3.325031 2.293509 0.000000 0.000000 0.000000 0.585380 0.810759
86.051109076 3.330003 2.308759 0.000000 0.000000 0.000000 0.585508 0.810667
86.103527308 3.331721 2.318143 0.000000 0.000000 0.000000 0.585609 0.810593
86.201452255 3.336565 2.336361 0.000000 0.000000 0.000000 0.585666 0.810552
86.242657185 3.339361 2.344720 0.000000 0.000000 0.000000 0.585496 0.810675
86.334985495 3.346539 2.361054 0.000000 0.000000 0.000000 0.585401 0.810744
86.382092714 3.345799 2.362809 0.000000 0.000000 0.000000 0.589054 0.808094
86.472083092 3.345636 2.368122 0.000000 0.000000 0.000000 0.596113 0.802900
86.523828268 3.345498 2.371065 0.000000 0.000000 0.000000 0.600228 0.799829
86.615870237 3.346529 2.375401 0.000000 0.000000 0.000000 0.607690 0.794174
86.670076370 3.347156 2.378065 0.000000 0.000000 0.000000 0.611886 0.790946
86.774803400 3.352066 2.398683 0.000000 0.000000 0.000000 0.612350 0.790587
86.820199966 3.354583 2.408328 0.000000 0.000000 0.000000 0.612357 0.790581
86.919469357 3.358947 2.426846 0.000000 0.000000 0.000000 0.612304 0.790622
86.967871189 3.362203 2.436778 0.000000 0.000000 0.000000 0.612411 0.790539
87.056761026 3.367268 2.454077 0.000000 0.000000 0.000000 0.612439 0.790518
87.109259605 3.370892 2.464946 0.000000 0.000000 0.000000 0.612295 0.790630
87.192007065 3.374408 2.479822 0.000000 0.000000 0.000000 0.612358 0.790581
87.253980637 3.377094 2.491727 0.000000 0.000000 0.000000 0.612255 0.790661
87.349741697 3.378529 2.496757 0.000000 0.000000 0.000000 0.619649 0.784879
87.405018091 3.377930 2.500915 0.000000 0.000000 0.000000 0.624082 0.781359
87.485984564 3.378911 2.504500 0.000000 0.000000 0.000000 0.630217 0.776419
87.543567896 3.378813 2.506096 0.000000 0.000000 0.000000 0.634659 0.772792
87.634330273 3.380300 2.510956 0.000000 0.000000 0.000000 0.641473 0.767145
87.686902761 3.380233 2.513410 0.000000 0.000000 0.000000 0.645639 0.763643
87.787247896 3.381612 2.518407 0.000000 0.000000 0.000000 0.653396 0.757016
87.837472916 3.381831 2.527779 0.000000 0.000000 0.000000 0.653476 0.756947
87.916748285 3.384076 2.544249 0.000000 0.000000 0.000000 0.653543 0.756890
87.986268759 3.386244 2.557742 0.000000 0.000000 0.000000 0.653637 0.756808
88.086726427 3.390191 2.577404 0.000000 0.000000 0.000000 0.653680 0.756771
88.150101423 3.391672 2.590756 0.000000 0.000000 0.000000 0.653484 0.756940
88.240933418 3.392218 2.595371 0.000000 0.000000 0.000000 0.660181 0.751106
88.297403812 3.392394 2.598214 0.000000 0.000000 0.000000 0.664231 0.747527
88.386169910 3.392596 2.602375 0.000000 0.000000 0.000000 0.670709 0.741721
88.450335503 3.393144 2.605166 0.000000 0.000000 0.000000 0.675369 0.737480
88.535275698 3.393103 2.608187 0.000000 0.000000 0.000000 0.681628 0.731699
88.605426788 3.392205 2.610590 0.000000 0.000000 0.000000 0.686811 0.726836
88.683759212 3.392438 2.614706 0.000000 0.000000 0.000000 0.692393 0.721521
88.750116110 3.391924 2.627325 0.000000 0.000000 0.000000 0.692531 0.721389
88.851769447 3.392156 2.647666 0.000000 0.000000 0.000000 0.692500 0.721418
88.916266441 3.392003 2.661613 0.000000 0.000000 0.000000 0.692402 0.721512
89.002526760 3.391928 2.679857 0.000000 0.000000 0.000000 0.692466 0.721450
89.057895184 3.391783 2.691236 0.000000 0.000000 0.000000 0.692409 0.721505
89.140100241 3.392126 2.708003 0.000000 0.000000 0.000000 0.692399 0.721514
89.195465088 3.391962 2.710790 0.000000 0.000000 0.000000 0.696418 0.717636
89.289087772 3.392166 2.715804 0.000000 0.000000 0.000000 0.703088 0.711103
89.344048738 3.392209 2.719050 0.000000 0.000000 0.000000 0.706996 0.707218
89.440391302 3.392611 2.723059 0.000000 0.000000 0.000000 0.713846 0.700303
89.492968559 3.392335 2.725139 0.000000 0.000000 0.000000 0.717565 0.696491
89.607647657 3.390945 2.748876 0.000000 0.000000 0.000000 0.717451 0.696609
89.672281504 3.389897 2.763092 0.000000 0.000000 0.000000 0.717404 0.696657
89.768073082 3.390838 2.782440 0.000000 0.000000 0.000000 0.717428 0.696632
89.829360723 3.389200 2.795090 0.000000 0.000000 0.000000 0.717175 0.696893
89.918611765 3.388520 2.811637 0.000000 0.000000 0.000000 0.717052 0.697019
89.983339548 3.387805 2.824340 0.000000 0.000000 0.000000 0.717015 0.697057
90.075467348 3.387689 2.842747 0.000000 0.000000 0.000000 0.716874 0.697203
90.136802912 3.387030 2.856373 0.000000 0.000000 0.000000 0.717020 0.697053
90.217718840 3.386034 2.873154 0.000000 0.000000 0.000000 0.716690 0.697392
90.282570362 3.385094 2.884426 0.000000 0.000000 0.000000 0.716774 0.697305
90.377734184 3.385656 2.903911 0.000000 0.000000 0.000000 0.716655 0.697427
90.428593874 3.383590 2.913162 0.000000 0.000000 0.000000 0.716591 0.697493
90.510604858 3.383613 2.931409 0.000000 0.000000 0.000000 0.716559 0.697526
90.568803549 3.383379 2.943804 0.000000 0.000000 0.000000 0.716617 0.697467
90.669097900 3.383930 2.963480 0.000000 0.000000 0.000000 0.716486 0.697601
90.734403133 3.383350 2.976846 0.000000 0.000000 0.000000 0.716352 0.697739
90.817264557 3.382578 2.993184 0.000000 0.000000 0.000000 0.716438 0.697651
90.874949217 3.381242 3.004372 0.000000 0.000000 0.000000 0.716402 0.697688
90.977848291 3.381092 3.026570 0.000000 0.000000 0.000000 0.716451 0.697638
91.038990498 3.381045 3.038067 0.000000 0.000000 0.000000 0.716357 0.697734
91.132968187 3.380768 3.057794 0.000000 0.000000 0.000000 0.716377 0.697713
91.184181929 3.380175 3.068516 0.000000 0.000000 0.000000 0.716417 0.697672
91.277483940 3.378898 3.086032 0.000000 0.000000 0.000000 0.716542 0.697544
91.333750963 3.378233 3.098137 0.000000 0.000000 0.000000 0.716271 0.697822
91.435931683 3.378070 3.119288 0.000000 0.000000 0.000000 0.716080 0.698019
91.490885019 3.378035 3.129923 0.000000 0.000000 0.000000 0.716150 0.697946
91.596405983 3.377287 3.151099 0.000000 0.000000 0.000000 0.716199 0.697896
91.657889366 3.376421 3.163262 0.000000 0.000000 0.000000 0.716342 0.697749
91.744920015 3.375279 3.181185 0.000000 0.000000 0.000000 0.716348 0.697743
91.803375244 3.375890 3.192391 0.000000 0.000000 0.000000 0.716235 0.697859
91.889576912 3.378167 3.206571 0.000000 0.000000 0.000000 0.716088 0.698010
91.950321198 3.377707 3.218793 0.000000 0.000000 0.000000 0.716048 0.698051
92.040585995 3.376676 3.236542 0.000000 0.000000 0.000000 0.716059 0.698040
92.095539570 3.377726 3.248363 0.000000 0.000000 0.000000 0.716164 0.697932
92.180634975 3.377752 3.266460 0.000000 0.000000 0.000000 0.716345 0.697746
92.233907700 3.376936 3.278333 0.000000 0.000000 0.000000 0.716391 0.697699
92.324627161 3.376490 3.296746 0.000000 0.000000 0.000000 0.716459 0.697629
92.377721786 3.377199 3.308188 0.000000 0.000000 0.000000 0.716397 0.697693
92.477380037 3.376981 3.328175 0.000000 0.000000 0.000000 0.716309 0.697783
92.527386665 3.376102 3.337815 0.000000 0.000000 0.000000 0.716456 0.697632
92.615924358 3.374899 3.356342 0.000000 0.000000 0.000000 0.716436 0.697653
92.672314167 3.373995 3.368598 0.000000 0.000000 0.000000 0.716387 0.697703
92.773890257 3.372614 3.389364 0.000000 0.000000 0.000000 0.716424 0.697665
92.833395958 3.371599 3.401772 0.000000 0.000000 0.000000 0.716477 0.697610
92.924817085 3.370341 3.420802 0.000000 0.000000 0.000000 0.716567 0.697518
92.988978386 3.370514 3.434318 0.000000 0.000000 0.000000 0.716464 0.697625
93.100240469 3.370475 3.456741 0.000000 0.000000 0.000000 0.716420 0.697670
93.152472734 3.370474 3.467854 0.000000 0.000000 0.000000 0.716547 0.697539
93.248969555 3.370240 3.487478 0.000000 0.000000 0.000000 0.716562 0.697523
93.302347898 3.369486 3.499158 0.000000 0.000000 0.000000 0.716549 0.697537
93.402684212 3.368748 3.519467 0.000000 0.000000 0.000000 0.716681 0.697401
93.454676867 3.368919 3.530479 0.000000 0.000000 0.000000 0.716903 0.697172
93.552758694 3.368905 3.549206 0.000000 0.000000 0.000000 0.716866 0.697210
93.613630056 3.367348 3.560936 0.000000 0.000000 0.000000 0.716769 0.697311
93.707502604 3.367464 3.579895 0.000000 0.000000 0.000000 0.716858 0.697219
93.764230251 3.365903 3.591648 0.000000 0.000000 0.000000 0.716960 0.697114
93.873910427 3.365611 3.612648 0.000000 0.000000 0.000000 0.717002 0.697071
93.914932251 3.365825 3.621545 0.000000 0.000000 0.000000 0.717107 0.696964
94.005584240 3.363782 3.639132 0.000000 0.000000 0.000000 0.717231 0.696835
94.060539484 3.363527 3.650659 0.000000 0.000000 0.000000 0.717313 0.696751
94.156020403 3.362251 3.669890 0.000000 0.000000 0.000000 0.717251 0.696815
94.210253716 3.361726 3.680670 0.000000 0.000000 0.000000 0.717330 0.696734
94.306135893 3.361424 3.699784 0.000000 0.000000 0.000000 0.717327 0.696737
94.372974396 3.361829 3.713871 0.000000 0.000000 0.000000 0.717322 0.696742
94.471097946 3.360051 3.733132 0.000000 0.000000 0.000000 0.717400 0.696662
94.529613972 3.359709 3.744695 0.000000 0.000000 0.000000 0.717510 0.696548
94.627149820 3.358726 3.764932 0.000000 0.000000 0.000000 0.717389 0.696673
94.671769142 3.358390 3.773801 0.000000 0.000000 0.000000 0.717228 0.696839
94.763330460 3.358584 3.792699 0.000000 0.000000 0.000000 0.717257 0.696808
94.822440624 3.358610 3.804468 0.000000 0.000000 0.000000 0.717011 0.697062
94.912670851 3.357305 3.821234 0.000000 0.000000 0.000000 0.717095 0.696975
94.978972197 3.357755 3.833745 0.000000 0.000000 0.000000 0.717144 0.696925
95.068254471 3.356169 3.853181 0.000000 0.000000 0.000000 0.716973 0.697101
95.123470068 3.356224 3.864148 0.000000 0.000000 0.000000 0.716884 0.697192
95.210581541 3.356880 3.879985 0.000000 0.000000 0.000000 0.716785 0.697295
95.261231899 3.357532 3.890035 0.000000 0.000000 0.000000 0.716877 0.697199
95.358219862 3.357174 3.908769 0.000000 0.000000 0.000000 0.716651 0.697432
95.405269146 3.357435 3.918389 0.000000 0.000000 0.000000 0.716538 0.697549
95.495450497 3.357969 3.919349 0.000000 0.000000 0.000000 0.716557 0.697529
95.556711435 3.357574 3.920452 0.000000 0.000000 0.000000 0.716595 0.697490
95.654532194 3.356841 3.921417 0.000000 0.000000 0.000000 0.716644 0.697439
95.718507051 3.356561 3.921996 0.000000 0.000000 0.000000 0.716475 0.697613
95.809733868 3.357124 3.920076 0.000000 0.000000 0.000000 0.716532 0.697554
95.869915009 3.358252 3.919669 0.000000 0.000000 0.000000 0.716678 0.697404
95.968504429 3.358995 3.919300 0.000000 0.000000 0.000000 0.716441 0.697648
96.013655424 3.356301 3.918466 0.000000 0.000000 0.000000 0.716154 0.697942
96.105460644 3.355873 3.918965 0.000000 0.000000 0.000000 0.716231 0.697863
96.151817083 3.356245 3.919569 0.000000 0.000000 0.000000 0.716137 0.697960
96.249305487 3.356792 3.920980 0.000000 0.000000 0.000000 0.715959 0.698142
96.313171148 3.355861 3.920306 0.000000 0.000000 0.000000 0.716029 0.698071
96.411842108 3.355669 3.919668 0.000000 0.000000 0.000000 0.716038 0.698061
96.483254194 3.355799 3.920127 0.000000 0.000000 0.000000 0.715958 0.698143
96.576039553 3.355806 3.921920 0.000000 0.000000 0.000000 0.715980 0.698120
96.634468794 3.354906 3.921154 0.000000 0.000000 0.000000 0.715798 0.698308
96.723625898 3.355414 3.920746 0.000000 0.000000 0.000000 0.715722 0.698385
96.781600475 3.354620 3.918298 0.000000 0.000000 0.000000 0.713899 0.700248
96.866395235 3.353609 3.919237 0.000000 0.000000 0.000000 0.713888 0.700260
96.921135187 3.352989 3.919215 0.000000 0.000000 0.000000 0.713984 0.700162
97.019036293 3.352419 3.919118 0.000000 0.000000 0.000000 0.714083 0.700061
97.060910940 3.353466 3.919171 0.000000 0.000000 0.000000 0.713990 0.700156
97.153807163 3.353239 3.918504 0.000000 0.000000 0.000000 0.714122 0.700022
97.211027622 3.353056 3.919624 0.000000 0.000000 0.000000 0.714082 0.700062
97.305245876 3.353191 3.919686 0.000000 0.000000 0.000000 0.713888 0.700260
97.364989996 3.353117 3.920650 0.000000 0.000000 0.000000 0.713988 0.700158
97.465471268 3.353513 3.921589 0.000000 0.000000 0.000000 0.713924 0.700223
97.531141281 3.352802 3.921187 0.000000 0.000000 0.000000 0.713694 0.700458
97.607466698 3.352874 3.920919 0.000000 0.000000 0.000000 0.713776 0.700375
97.670571327 3.352257 3.921130 0.000000 0.000000 0.000000 0.713656 0.700497
97.761371374 3.352522 3.922372 0.000000 0.000000 0.000000 0.713795 0.700354
97.826786518 3.351505 3.923641 0.000000 0.000000 0.000000 0.713768 0.700383
97.904732704 3.351379 3.922646 0.000000 0.000000 0.000000 0.713647 0.700505
97.972033739 3.352212 3.922414 0.000000 0.000000 0.000000 0.713648 0.700505
98.065672398 3.351027 3.922289 0.000000 0.000000 0.000000 0.713604 0.700549
98.120881319 3.350916 3.922016 0.000000 0.000000 0.000000 0.713385 0.700773
98.209275961 3.349836 3.922740 0.000000 0.000000 0.000000 0.713355 0.700803
98.266049623 3.349527 3.922877 0.000000 0.000000 0.000000 0.713415 0.700742
98.353181839 3.349928 3.923228 0.000000 0.000000 0.000000 0.713371 0.700787
98.403073549 3.349474 3.922574 0.000000 0.000000 0.000000 0.713429 0.700728
98.490382910 3.349197 3.923668 0.000000 0.000000 0.000000 0.713449 0.700707
98.542252064 3.348121 3.923121 0.000000 0.000000 0.000000 0.713411 0.700746
98.624454260 3.348900 3.922922 0.000000 0.000000 0.000000 0.713371 0.700786
98.685510397 3.348747 3.923107 0.000000 0.000000 0.000000 0.713177 0.700984
98.779605627 3.348760 3.922994 0.000000 0.000000 0.000000 0.713297 0.700862
98.838194609 3.349117 3.922937 0.000000 0.000000 0.000000 0.713273 0.700886
98.929908276 3.348999 3.922711 0.000000 0.000000 0.000000 0.713481 0.700675
98.986426353 3.349440 3.921396 0.000000 0.000000 0.000000 0.713509 0.700646
99.090990067 3.348902 3.920546 0.000000 0.000000 0.000000 0.713529 0.700626
99.137984037 3.348421 3.920482 0.000000 0.000000 0.000000 0.713529 0.700626
99.222180128 3.348319 3.919943 0.000000 0.000000 0.000000 0.713528 0.700627
99.274515629 3.348355 3.920893 0.000000 0.000000 0.000000 0.713438 0.700718
99.372492313 3.348247 3.919911 0.000000 0.000000 0.000000 0.713476 0.700679
99.430688858 3.347539 3.919109 0.000000 0.000000 0.000000 0.713481 0.700674
99.544572830 3.346834 3.918449 0.000000 0.000000 0.000000 0.713749 0.700402
99.586899042 3.346204 3.918047 0.000000 0.000000 0.000000 0.713801 0.700348
99.684531927 3.345682 3.917751 0.000000 0.000000 0.000000 0.713782 0.700367
99.732462883 3.345866 3.916547 0.000000 0.000000 0.000000 0.713771 0.700379
99.817482233 3.343854 3.916786 0.000000 0.000000 0.000000 0.713831 0.700318
99.865893364 3.342111 3.916158 0.000000 0.000000 0.000000 0.713923 0.700225
99.974117994 3.341991 3.916811 0.000000 0.000000 0.000000 0.713891 0.700257
100.008396149 3.340984 3.917191 0.000000 0.000000 0.000000 0.713942 0.700205
100.099959850 3.340089 3.917589 0.000000 0.000000 0.000000 0.713952 0.700195
100.157341719 3.340002 3.917098 0.000000 0.000000 0.000000 0.714028 0.700117
100.251402378 3.339085 3.917935 0.000000 0.000000 0.000000 0.713766 0.700385
100.296842813 3.338549 3.918805 0.000000 0.000000 0.000000 0.713877 0.700271
100.386153460 3.337560 3.919415 0.000000 0.000000 0.000000 0.713970 0.700177
100.438560963 3.336983 3.920087 0.000000 0.000000 0.000000 0.714225 0.699916
100.523025513 3.336478 3.920111 0.000000 0.000000 0.000000 0.714128 0.700015
100.578892708 3.336908 3.921340 0.000000 0.000000 0.000000 0.714252 0.699889
100.666844606 3.335847 3.919607 0.000000 0.000000 0.000000 0.714195 0.699947
100.717916250 3.336349 3.919665 0.000000 0.000000 0.000000 0.714118 0.700026
100.814438343 3.336252 3.919455 0.000000 0.000000 0.000000 0.714184 0.699958
100.859156370 3.336623 3.919316 0.000000 0.000000 0.000000 0.714199 0.699943
100.952885628 3.335771 3.919250 0.000000 0.000000 0.000000 0.714230 0.699911
101.000487804 3.336242 3.919729 0.000000 0.000000 0.000000 0.714518 0.699617
101.085479736 3.336871 3.919681 0.000000 0.000000 0.000000 0.714606 0.699527
101.136031866 3.336125 3.920376 0.000000 0.000000 0.000000 0.714540 0.699595
101.229514122 3.337134 3.921010 0.000000 0.000000 0.000000 0.714502 0.699634
101.274351120 3.334949 3.920722 0.000000 0.000000 0.000000 0.714571 0.699563
101.373620749 3.334065 3.919539 0.000000 0.000000 0.000000 0.714605 0.699528
101.426921129 3.335260 3.922595 0.000000 0.000000 0.000000 0.715719 0.698388
101.521782160 3.335478 3.922627 0.000000 0.000000 0.000000 0.715756 0.698350
101.570658922 3.336022 3.922787 0.000000 0.000000 0.000000 0.715862 0.698242
101.657437325 3.335561 3.922295 0.000000 0.000000 0.000000 0.715591 0.698520
101.713495970 3.335623 3.921958 0.000000 0.000000 0.000000 0.715516 0.698597
101.799236774 3.334728 3.921707 0.000000 0.000000 0.000000 0.715628 0.698482
101.849389791 3.334754 3.922401 0.000000 0.000000 0.000000 0.715617 0.698493
101.945839167 3.336149 3.923185 0.000000 0.000000 0.000000 0.715654 0.698455
101.999189854 3.336199 3.923199 0.000000 0.000000 0.000000 0.715766 0.698341
102.086042404 3.336632 3.922592 0.000000 0.000000 0.000000 0.715790 0.698315
102.136522293 3.336914 3.921941 0.000000 0.000000 0.000000 0.715664 0.698444
102.221495152 3.337934 3.921711 0.000000 0.000000 0.000000 0.715485 0.698628
102.276251078 3.337303 3.922192 0.000000 0.000000 0.000000 0.715581 0.698530
102.367645025 3.337659 3.921971 0.000000 0.000000 0.000000 0.715581 0.698530
102.423708200 3.338088 3.922087 0.000000 0.000000 0.000000 0.715517 0.698595
102.525077105 3.338957 3.921663 0.000000 0.000000 0.000000 0.715466 0.698648
102.574762106 3.339203 3.921776 0.000000 0.000000 0.000000 0.715587 0.698524
102.674291134 3.338859 3.922063 0.000000 0.000000 0.000000 0.715636 0.698473
