56.000000000 -0.000437 1.000133 0.000000 0.000000 0.000000 0.003539 0.999994
56.092626333 0.001726 0.999389 0.000000 0.000000 0.000000 0.004338 0.999991
56.136488199 0.003414 0.998939 0.000000 0.000000 0.000000 0.005152 0.999987
56.234569073 0.003567 1.000202 0.000000 0.000000 0.000000 0.005411 0.999985
56.291095257 0.004755 1.001516 0.000000 0.000000 0.000000 0.005968 0.999982
56.384810448 0.005305 1.002850 0.000000 0.000000 0.000000 0.005960 0.999982
56.432573795 0.005992 1.002966 0.000000 0.000000 0.000000 0.005729 0.999984
56.517774343 0.006122 1.004657 0.000000 0.000000 0.000000 0.005867 0.999983
56.566277504 0.006697 1.005629 0.000000 0.000000 0.000000 0.006085 0.999981
56.658776283 0.007181 1.006727 0.000000 0.000000 0.000000 0.006077 0.999982
56.719421625 0.007625 1.007794 0.000000 0.000000 0.000000 0.006081 0.999982
56.806190968 0.007229 1.008714 0.000000 0.000000 0.000000 0.006178 0.999981
56.859033823 0.007193 1.009075 0.000000 0.000000 0.000000 0.006179 0.999981
56.956225157 0.007393 1.009967 0.000000 0.000000 0.000000 0.006168 0.999981
56.992516994 0.007896 1.010643 0.000000 0.000000 0.000000 0.006219 0.999981
57.085117579 0.007754 1.010876 0.000000 0.000000 0.000000 0.006269 0.999980
57.135342836 0.007530 1.011385 0.000000 0.000000 0.000000 0.006428 0.999979
57.226917267 0.004500 1.011705 0.000000 0.000000 0.000000 0.006695 0.999978
57.280653477 0.004621 1.011858 0.000000 0.000000 0.000000 0.006581 0.999978
57.376023293 0.004704 1.011758 0.000000 0.000000 0.000000 0.006505 0.999979
57.421943903 0.004749 1.011139 0.000000 0.000000 0.000000 0.006669 0.999978
57.506844759 0.004703 1.011215 0.000000 0.000000 0.000000 0.006709 0.999977
57.561612844 0.004345 1.011432 0.000000 0.000000 0.000000 0.006717 0.999977
57.661116600 0.003678 1.011369 0.000000 0.000000 0.000000 0.006550 0.999979
57.713097334 0.003569 1.011301 0.000000 0.000000 0.000000 0.006766 0.999977
57.818692207 0.003637 1.011327 0.000000 0.000000 0.000000 0.006644 0.999978
57.857132435 0.003601 1.010828 0.000000 0.000000 0.000000 0.006915 0.999976
57.942367077 0.002937 1.011739 0.000000 0.000000 0.000000 0.006770 0.999977
57.993121147 0.003794 1.012167 0.000000 0.000000 0.000000 0.006754 0.999977
58.084053516 0.004105 1.013022 0.000000 0.000000 0.000000 0.006946 0.999976
58.134043932 0.002927 1.012904 0.000000 0.000000 0.000000 0.006743 0.999977
58.226578236 0.003343 1.012940 0.000000 0.000000 0.000000 0.006860 0.999976
58.278188705 0.003001 1.013372 0.000000 0.000000 0.000000 0.007009 0.999975
58.375108480 0.002754 1.014152 0.000000 0.000000 0.000000 0.007111 0.999975
58.432198524 0.003237 1.013730 0.000000 0.000000 0.000000 0.007221 0.999974
58.513686180 0.002448 1.014643 0.000000 0.000000 0.000000 0.007155 0.999974
58.577755451 0.001881 1.014763 0.000000 0.000000 0.000000 0.007100 0.999975
58.663658381 0.002139 1.015292 0.000000 0.000000 0.000000 0.007072 0.999975
58.721382856 0.002856 1.015987 0.000000 0.000000 0.000000 0.006922 0.999976
58.811643362 0.003493 1.016057 0.000000 0.000000 0.000000 0.007122 0.999975
58.859117508 0.004164 1.016161 0.000000 0.000000 0.000000 0.007038 0.999975
58.954252720 0.004200 1.015884 0.000000 0.000000 0.000000 0.006823 0.999977
59.016629219 0.005283 1.016324 0.000000 0.000000 0.000000 0.006883 0.999976
59.106379747 0.005552 1.016386 0.000000 0.000000 0.000000 0.006989 0.999976
59.158839226 0.006573 1.013921 0.000000 0.000000 0.000000 0.007153 0.999974
59.239713192 0.006166 1.014571 0.000000 0.000000 0.000000 0.007264 0.999974
59.295119047 0.006953 1.014355 0.000000 0.000000 0.000000 0.007289 0.999973
59.400145054 0.006859 1.014400 0.000000 0.000000 0.000000 0.007268 0.999974
59.447155952 0.007161 1.014529 0.000000 0.000000 0.000000 0.007357 0.999973
59.543852329 0.007517 1.015166 0.000000 0.000000 0.000000 0.007486 0.999972
59.590034962 0.008027 1.015431 0.000000 0.000000 0.000000 0.007491 0.999972
59.665421247 0.007749 1.014968 0.000000 0.000000 0.000000 0.007512 0.999972
59.720851421 0.008117 1.014838 0.000000 0.000000 0.000000 0.007499 0.999972
59.805132151 0.008333 1.014365 0.000000 0.000000 0.000000 0.007740 0.999970
59.860359430 0.008766 1.014561 0.000000 0.000000 0.000000 0.007918 0.999969
59.957119226 0.009203 1.013187 0.000000 0.000000 0.000000 0.007992 0.999968
60.005816936 0.008955 1.013597 0.000000 0.000000 0.000000 0.008017 0.999968
60.089397669 0.008372 1.013435 0.000000 0.000000 0.000000 0.007935 0.999969
60.138172865 0.007341 1.014416 0.000000 0.000000 0.000000 0.007722 0.999970
60.220950127 0.007684 1.015112 0.000000 0.000000 0.000000 0.007751 0.999970
60.272440672 0.008404 1.015083 0.000000 0.000000 0.000000 0.007687 0.999970
60.365985632 0.008245 1.015488 0.000000 0.000000 0.000000 0.007843 0.999969
60.419920921 0.008135 1.015605 0.000000 0.000000 0.000000 0.007729 0.999970
60.517887354 0.008914 1.015264 0.000000 0.000000 0.000000 0.007813 0.999969
60.576246977 0.009681 1.015034 0.000000 0.000000 0.000000 0.007920 0.999969
60.661265135 0.009724 1.015618 0.000000 0.000000 0.000000 0.007934 0.999969
60.720116138 0.009926 1.015449 0.000000 0.000000 0.000000 0.007916 0.999969
60.806773424 0.010065 1.015737 0.000000 0.000000 0.000000 0.008016 0.999968
60.856551170 0.009057 1.015731 0.000000 0.000000 0.000000 0.008256 0.999966
60.954911470 0.008597 1.015918 0.000000 0.000000 0.000000 0.008486 0.999964
61.012297630 0.008750 1.015484 0.000000 0.000000 0.000000 0.008744 0.999962
61.109639168 0.009079 1.015875 0.000000 0.000000 0.000000 0.008914 0.999960
61.157109976 0.008534 1.015813 0.000000 0.000000 0.000000 0.008930 0.999960
61.239634752 0.008450 1.015727 0.000000 0.000000 0.000000 0.008719 0.999962
61.291578770 0.008642 1.015841 0.000000 0.000000 0.000000 0.008779 0.999961
61.377224922 0.009380 1.016280 0.000000 0.000000 0.000000 0.008786 0.999961
61.424571276 0.009876 1.016960 0.000000 0.000000 0.000000 0.008738 0.999962
61.517945051 0.010578 1.016918 0.000000 0.000000 0.000000 0.008820 0.999961
61.571182013 0.010581 1.017114 0.000000 0.000000 0.000000 0.008968 0.999960
61.674693108 0.010616 1.016845 0.000000 0.000000 0.000000 0.009125 0.999958
61.731230259 0.010921 1.016126 0.000000 0.000000 0.000000 0.009155 0.999958
61.823836803 0.011673 1.016214 0.000000 0.000000 0.000000 0.009305 0.999957
61.867137194 0.010617 1.016160 0.000000 0.000000 0.000000 0.009198 0.999958
61.957184315 0.010592 1.015347 0.000000 0.000000 0.000000 0.008784 0.999961
62.007257462 0.010827 1.015149 0.000000 0.000000 0.000000 0.008738 0.999962
62.096065044 0.011398 1.014988 0.000000 0.000000 0.000000 0.008659 0.999963
62.149833441 0.010138 1.014699 0.000000 0.000000 0.000000 0.008556 0.999963
62.231528997 0.025218 1.014983 0.000000 0.000000 0.000000 0.008904 0.999960
62.288254261 0.035070 1.014656 0.000000 0.000000 0.000000 0.008812 0.999961
62.372793436 0.051282 1.013989 0.000000 0.000000 0.000000 0.008879 0.999961
62.437046528 0.063463 1.013678 0.000000 0.000000 0.000000 0.008992 0.999960
62.518205643 0.079224 1.013073 0.000000 0.000000 0.000000 0.009211 0.999958
62.573649645 0.089886 1.012952 0.000000 0.000000 0.000000 0.009193 0.999958
62.658019066 0.106592 1.012344 0.000000 0.000000 0.000000 0.009133 0.999958
62.708748341 0.116549 1.011762 0.000000 0.000000 0.000000 0.009243 0.999957
62.802901506 0.134283 1.011922 0.000000 0.000000 0.000000 0.009359 0.999956
62.862125397 0.145383 1.011620 0.000000 0.000000 0.000000 0.009651 0.999953
62.944721937 0.162111 1.011120 0.000000 0.000000 0.000000 0.009912 0.999951
63.001682520 0.171932 1.010713 0.000000 0.000000 0.000000 0.009928 0.999951
63.096352816 0.189795 1.010909 0.000000 0.000000 0.000000 0.010015 0.999950
63.140980959 0.197236 1.010831 0.000000 0.000000 0.000000 0.010065 0.999949
63.224403381 0.213385 1.011384 0.000000 0.000000 0.000000 0.010314 0.999947
63.278097630 0.222899 1.010920 0.000000 0.000000 0.000000 0.010502 0.999945
63.378735542 0.242372 1.010813 0.000000 0.000000 0.000000 0.010253 0.999947
63.429337263 0.252210 1.010484 0.000000 0.000000 0.000000 0.010461 0.999945
63.507558107 0.267970 1.010608 0.000000 0.000000 0.000000 0.010535 0.999945
63.561244726 0.277955 1.010337 0.000000 0.000000 0.000000 0.010527 0.999945
63.651183605 0.294792 1.009991 0.000000 0.000000 0.000000 0.010623 0.999944
63.722069025 0.308334 1.009884 0.000000 0.000000 0.000000 0.010820 0.999941
63.818211794 0.326469 1.010311 0.000000 0.000000 0.000000 0.011013 0.999939
63.867984533 0.335796 1.010811 0.000000 0.000000 0.000000 0.011510 0.999934
63.954170942 0.352688 1.011865 0.000000 0.000000 0.000000 0.011563 0.999933
64.007827759 0.363076 1.011630 0.000000 0.000000 0.000000 0.011891 0.999929
64.098969221 0.380038 1.013306 0.000000 0.000000 0.000000 0.011924 0.999929
64.150251389 0.389974 1.013546 0.000000 0.000000 0.000000 0.012183 0.999926
64.240028858 0.406643 1.013831 0.000000 0.000000 0.000000 0.012119 0.999927
64.291742325 0.415436 1.014862 0.000000 0.000000 0.000000 0.012087 0.999927
64.384911537 0.432607 1.015038 0.000000 0.000000 0.000000 0.012325 0.999924
64.438662767 0.443156 1.014501 0.000000 0.000000 0.000000 0.012185 0.999926
64.529100657 0.460297 1.014991 0.000000 0.000000 0.000000 0.012333 0.999924
64.581606388 0.470435 1.014809 0.000000 0.000000 0.000000 0.012266 0.999925
64.666499376 0.487051 1.015234 0.000000 0.000000 0.000000 0.012245 0.999925
64.719514608 0.497125 1.014937 0.000000 0.000000 0.000000 0.012280 0.999925
64.801486015 0.512443 1.015441 0.000000 0.000000 0.000000 0.012269 0.999925
64.853920698 0.523499 1.014772 0.000000 0.000000 0.000000 0.012269 0.999925
64.943417788 0.539799 1.015185 0.000000 0.000000 0.000000 0.012415 0.999923
64.995023489 0.549544 1.016419 0.000000 0.000000 0.000000 0.012284 0.999925
65.076430798 0.564747 1.016575 0.000000 0.000000 0.000000 0.012281 0.999925
65.137303352 0.576398 1.017734 0.000000 0.000000 0.000000 0.012066 0.999927
65.235720634 0.594893 1.017910 0.000000 0.000000 0.000000 0.011894 0.999929
65.286878586 0.604452 1.018123 0.000000 0.000000 0.000000 0.011918 0.999929
65.388996363 0.623382 1.019184 0.000000 0.000000 0.000000 0.012041 0.999928
65.443364143 0.633913 1.019128 0.000000 0.000000 0.000000 0.012010 0.999928
65.533442974 0.650805 1.019120 0.000000 0.000000 0.000000 0.012076 0.999927
65.583643198 0.660404 1.018668 0.000000 0.000000 0.000000 0.011916 0.999929
65.666572094 0.674831 1.018789 0.000000 0.000000 0.000000 0.011777 0.999931
65.718314648 0.684439 1.018857 0.000000 0.000000 0.000000 0.011771 0.999931
65.813969851 0.702300 1.019310 0.000000 0.000000 0.000000 0.011974 0.999928
65.860479355 0.710396 1.019568 0.000000 0.000000 0.000000 0.011885 0.999929
65.949100494 0.727991 1.019387 0.000000 0.000000 0.000000 0.012020 0.999928
66.006313324 0.739779 1.019542 0.000000 0.000000 0.000000 0.012168 0.999926
66.091695070 0.755434 1.020980 0.000000 0.000000 0.000000 0.012121 0.999927
66.150105000 0.767489 1.021800 0.000000 0.000000 0.000000 0.012070 0.999927
66.245607138 0.784927 1.023017 0.000000 0.000000 0.000000 0.012211 0.999925
66.289936066 0.793404 1.022411 0.000000 0.000000 0.000000 0.012153 0.999926
66.374847174 0.810054 1.022803 0.000000 0.000000 0.000000 0.012296 0.999924
66.427448988 0.819646 1.023526 0.000000 0.000000 0.000000 0.012266 0.999925
66.515174389 0.836437 1.024620 0.000000 0.000000 0.000000 0.012279 0.999925
66.565155268 0.845518 1.024792 0.000000 0.000000 0.000000 0.012398 0.999923
66.668905973 0.865821 1.024976 0.000000 0.000000 0.000000 0.012354 0.999924
66.720251560 0.876218 1.025439 0.000000 0.000000 0.000000 0.012438 0.999923
66.818524122 0.894283 1.026335 0.000000 0.000000 0.000000 0.012819 0.999918
66.862034321 0.902777 1.026602 0.000000 0.000000 0.000000 0.012840 0.999918
66.948162079 0.917970 1.027451 0.000000 0.000000 0.000000 0.012903 0.999917
66.998103142 0.927838 1.028456 0.000000 0.000000 0.000000 0.012854 0.999917
67.100195885 0.947245 1.029263 0.000000 0.000000 0.000000 0.012899 0.999917
67.157076359 0.957434 1.029076 0.000000 0.000000 0.000000 0.013025 0.999915
67.269846916 0.979991 1.028249 0.000000 0.000000 0.000000 0.013044 0.999915
67.325706720 0.991592 1.028200 0.000000 0.000000 0.000000 0.012924 0.999916
67.417520761 1.008991 1.028049 0.000000 0.000000 0.000000 0.012929 0.999916
67.475314379 1.021254 1.028639 0.000000 0.000000 0.000000 0.012878 0.999917
67.587245464 1.042992 1.028555 0.000000 0.000000 0.000000 0.012865 0.999917
67.657504320 1.057367 1.029449 0.000000 0.000000 0.000000 0.013036 0.999915
67.744100571 1.074572 1.029351 0.000000 0.000000 0.000000 0.013093 0.999914
67.809964418 1.087803 1.029695 0.000000 0.000000 0.000000 0.013341 0.999911
67.907867193 1.106845 1.030962 0.000000 0.000000 0.000000 0.013429 0.999910
67.955658197 1.117124 1.031758 0.000000 0.000000 0.000000 0.013330 0.999911
68.043772697 1.134523 1.032550 0.000000 0.000000 0.000000 0.013217 0.999913
68.092056751 1.145063 1.032477 0.000000 0.000000 0.000000 0.013198 0.999913
68.198954105 1.165525 1.033553 0.000000 0.000000 0.000000 0.013356 0.999911
68.239401817 1.174394 1.033289 0.000000 0.000000 0.000000 0.013290 0.999912
68.334116697 1.191555 1.031706 0.000000 0.000000 0.000000 0.013229 0.999912
68.393169165 1.203173 1.031934 0.000000 0.000000 0.000000 0.013249 0.999912
68.488315105 1.222103 1.033350 0.000000 0.000000 0.000000 0.013219 0.999913
68.548655272 1.234443 1.033746 0.000000 0.000000 0.000000 0.013252 0.999912
68.628951550 1.251396 1.033767 0.000000 0.000000 0.000000 0.013249 0.999912
68.688163757 1.262988 1.034657 0.000000 0.000000 0.000000 0.013206 0.999913
68.771270037 1.279622 1.034792 0.000000 0.000000 0.000000 0.013304 0.999911
68.824939728 1.289717 1.034793 0.000000 0.000000 0.000000 0.013448 0.999910
68.927378178 1.309905 1.034832 0.000000 0.000000 0.000000 0.013768 0.999905
68.988554239 1.322865 1.034754 0.000000 0.000000 0.000000 0.013775 0.999905
69.091393948 1.342463 1.036548 0.000000 0.000000 0.000000 0.013744 0.999906
69.142657280 1.351733 1.036957 0.000000 0.000000 0.000000 0.013621 0.999907
69.226943970 1.367781 1.037033 0.000000 0.000000 0.000000 0.013687 0.999906
69.291504383 1.380803 1.037863 0.000000 0.000000 0.000000 0.013675 0.999906
69.395749092 1.399766 1.037281 0.000000 0.000000 0.000000 0.013397 0.999910
69.444655418 1.410316 1.038537 0.000000 0.000000 0.000000 0.013478 0.999909
69.543005466 1.429151 1.039032 0.000000 0.000000 0.000000 0.013344 0.999911
69.595045090 1.439586 1.039884 0.000000 0.000000 0.000000 0.013520 0.999909
69.695927858 1.460069 1.041368 0.000000 0.000000 0.000000 0.013604 0.999907
69.753221989 1.471854 1.041577 0.000000 0.000000 0.000000 0.013480 0.999909
69.852281094 1.491781 1.042026 0.000000 0.000000 0.000000 0.013526 0.999909
69.909631014 1.504122 1.041976 0.000000 0.000000 0.000000 0.013592 0.999908
70.003495455 1.522692 1.042089 0.000000 0.000000 0.000000 0.013665 0.999907
70.055417776 1.532701 1.042191 0.000000 0.000000 0.000000 0.013371 0.999911
70.137858391 1.548956 1.041937 0.000000 0.000000 0.000000 0.013294 0.999912
70.199167728 1.560642 1.041826 0.000000 0.000000 0.000000 0.013402 0.999910
70.302878618 1.580155 1.042086 0.000000 0.000000 0.000000 0.013420 0.999910
70.369396687 1.592614 1.042222 0.000000 0.000000 0.000000 0.013181 0.999913
70.461210728 1.610822 1.042683 0.000000 0.000000 0.000000 0.012842 0.999918
70.509778738 1.620487 1.042284 0.000000 0.000000 0.000000 0.012584 0.999921
70.599387646 1.636790 1.042070 0.000000 0.000000 0.000000 0.012723 0.999919
70.656033039 1.648173 1.041796 0.000000 0.000000 0.000000 0.012888 0.999917
70.768153429 1.670467 1.041309 0.000000 0.000000 0.000000 0.013004 0.999915
70.815999985 1.680240 1.041173 0.000000 0.000000 0.000000 0.012767 0.999918
70.900581121 1.696628 1.042311 0.000000 0.000000 0.000000 0.012854 0.999917
70.955633402 1.706833 1.042127 0.000000 0.000000 0.000000 0.012660 0.999920
71.042252779 1.723956 1.042677 0.000000 0.000000 0.000000 0.012899 0.999917
71.103641987 1.735096 1.043123 0.000000 0.000000 0.000000 0.012929 0.999916
71.186776161 1.750801 1.044124 0.000000 0.000000 0.000000 0.013075 0.999915
71.250498533 1.762335 1.043031 0.000000 0.000000 0.000000 0.012836 0.999918
71.341936827 1.767977 1.042773 0.000000 0.000000 0.000000 0.021453 0.999770
71.393325806 1.770055 1.042987 0.000000 0.000000 0.000000 0.026408 0.999651
71.487019539 1.774919 1.042514 0.000000 0.000000 0.000000 0.035658 0.999364
71.537977695 1.776058 1.042412 0.000000 0.000000 0.000000 0.040544 0.999178
71.626116753 1.779662 1.042052 0.000000 0.000000 0.000000 0.049053 0.998796
71.682151079 1.781970 1.041949 0.000000 0.000000 0.000000 0.054147 0.998533
71.763496399 1.785352 1.041888 0.000000 0.000000 0.000000 0.062012 0.998075
71.820455313 1.786733 1.041691 0.000000 0.000000 0.000000 0.067287 0.997734
71.918866396 1.791524 1.041891 0.000000 0.000000 0.000000 0.077021 0.997030
71.975845575 1.793734 1.042175 0.000000 0.000000 0.000000 0.082311 0.996607
72.068582535 1.797737 1.042158 0.000000 0.000000 0.000000 0.091199 0.995833
72.122643709 1.799131 1.043215 0.000000 0.000000 0.000000 0.096047 0.995377
72.217851877 1.815697 1.047749 0.000000 0.000000 0.000000 0.095721 0.995408
72.265589714 1.823513 1.049013 0.000000 0.000000 0.000000 0.095556 0.995424
72.354194641 1.839601 1.052846 0.000000 0.000000 0.000000 0.095396 0.995439
72.403216600 1.848702 1.054170 0.000000 0.000000 0.000000 0.095283 0.995450
72.504085302 1.867526 1.058440 0.000000 0.000000 0.000000 0.095359 0.995443
72.559812546 1.878523 1.061107 0.000000 0.000000 0.000000 0.095221 0.995456
72.641114473 1.893558 1.064382 0.000000 0.000000 0.000000 0.095167 0.995461
72.695553064 1.904253 1.066998 0.000000 0.000000 0.000000 0.095010 0.995476
72.784453154 1.921404 1.071195 0.000000 0.000000 0.000000 0.094910 0.995486
72.839464188 1.926139 1.072717 0.000000 0.000000 0.000000 0.100113 0.994976
72.931765556 1.930154 1.075023 0.000000 0.000000 0.000000 0.108458 0.994101
72.986810684 1.933020 1.076950 0.000000 0.000000 0.000000 0.113754 0.993509
73.071648121 1.936745 1.078060 0.000000 0.000000 0.000000 0.121892 0.992543
73.129702330 1.939028 1.079120 0.000000 0.000000 0.000000 0.127252 0.991870
73.227200508 1.943230 1.080783 0.000000 0.000000 0.000000 0.136440 0.990648
73.271549940 1.944602 1.082963 0.000000 0.000000 0.000000 0.140908 0.990023
73.365193605 1.961218 1.087469 0.000000 0.000000 0.000000 0.141309 0.989965
73.410813332 1.968815 1.090008 0.000000 0.000000 0.000000 0.141349 0.989960
73.495560646 1.983660 1.094550 0.000000 0.000000 0.000000 0.141313 0.989965
73.549853325 1.993551 1.098291 0.000000 0.000000 0.000000 0.141226 0.989977
73.635336399 2.009184 1.103160 0.000000 0.000000 0.000000 0.141367 0.989957
73.700213671 2.021578 1.106636 0.000000 0.000000 0.000000 0.141585 0.989926
73.794411182 2.038963 1.111533 0.000000 0.000000 0.000000 0.141680 0.989912
73.851395130 2.049129 1.114965 0.000000 0.000000 0.000000 0.141503 0.989938
73.934927464 2.066524 1.120927 0.000000 0.000000 0.000000 0.141303 0.989966
73.994324923 2.069057 1.121721 0.000000 0.000000 0.000000 0.146706 0.989180
74.076428652 2.073066 1.123820 0.000000 0.000000 0.000000 0.154422 0.988005
74.138641834 2.075069 1.124746 0.000000 0.000000 0.000000 0.160052 0.987109
74.232690811 2.078963 1.126793 0.000000 0.000000 0.000000 0.168724 0.985663
74.284757137 2.081042 1.127008 0.000000 0.000000 0.000000 0.173840 0.984774
74.368963718 2.082767 1.128612 0.000000 0.000000 0.000000 0.181305 0.983427
74.424954653 2.084670 1.129494 0.000000 0.000000 0.000000 0.186586 0.982439
74.512892008 2.087559 1.131089 0.000000 0.000000 0.000000 0.194625 0.980878
74.568120718 2.096187 1.134114 0.000000 0.000000 0.000000 0.194774 0.980848
74.659038782 2.111581 1.141086 0.000000 0.000000 0.000000 0.194956 0.980812
74.720528126 2.122266 1.146255 0.000000 0.000000 0.000000 0.194961 0.980811
74.807915449 2.138635 1.152594 0.000000 0.000000 0.000000 0.194847 0.980834
74.867791891 2.149751 1.156647 0.000000 0.000000 0.000000 0.194530 0.980897
74.956265450 2.165188 1.163714 0.000000 0.000000 0.000000 0.194442 0.980914
75.006022692 2.175002 1.166541 0.000000 0.000000 0.000000 0.194579 0.980887
75.093890429 2.191399 1.173835 0.000000 0.000000 0.000000 0.194544 0.980894
75.151803017 2.203181 1.177197 0.000000 0.000000 0.000000 0.194491 0.980904
75.237923384 2.218283 1.183679 0.000000 0.000000 0.000000 0.194441 0.980914
75.289012432 2.228164 1.186722 0.000000 0.000000 0.000000 0.194648 0.980873
75.377345324 2.242505 1.193793 0.000000 0.000000 0.000000 0.194966 0.980810
75.433693886 2.253223 1.198563 0.000000 0.000000 0.000000 0.194882 0.980827
75.537194490 2.272527 1.205726 0.000000 0.000000 0.000000 0.194961 0.980811
75.586070776 2.281546 1.210118 0.000000 0.000000 0.000000 0.195042 0.980795
75.689361572 2.299962 1.218231 0.000000 0.000000 0.000000 0.195140 0.980775
75.744805098 2.310268 1.223367 0.000000 0.000000 0.000000 0.194990 0.980805
75.826009274 2.325137 1.230124 0.000000 0.000000 0.000000 0.194811 0.980841
75.899021864 2.328639 1.230501 0.000000 0.000000 0.000000 0.201378 0.979514
75.992537260 2.333337 1.232668 0.000000 0.000000 0.000000 0.210139 0.977671
76.056124210 2.335412 1.234446 0.000000 0.000000 0.000000 0.216012 0.976391
76.141805172 2.339298 1.235007 0.000000 0.000000 0.000000 0.223767 0.974643
76.196712971 2.341165 1.235724 0.000000 0.000000 0.000000 0.228946 0.973439
76.279946327 2.343725 1.237195 0.000000 0.000000 0.000000 0.236605 0.971606
76.336917877 2.344940 1.236692 0.000000 0.000000 0.000000 0.241960 0.970286
76.431858301 2.349540 1.238231 0.000000 0.000000 0.000000 0.250771 0.968046
76.487337351 2.358226 1.242492 0.000000 0.000000 0.000000 0.251061 0.967971
76.576975346 2.372397 1.250946 0.000000 0.000000 0.000000 0.251049 0.967974
76.635664701 2.382219 1.257181 0.000000 0.000000 0.000000 0.250816 0.968035
76.736702204 2.399052 1.266588 0.000000 0.000000 0.000000 0.250698 0.968065
76.784813404 2.408875 1.271493 0.000000 0.000000 0.000000 0.250584 0.968095
76.872728825 2.423076 1.279670 0.000000 0.000000 0.000000 0.250512 0.968114
76.940669060 2.434603 1.286005 0.000000 0.000000 0.000000 0.250587 0.968094
77.039191484 2.451593 1.294164 0.000000 0.000000 0.000000 0.250694 0.968066
77.091496944 2.461189 1.298943 0.000000 0.000000 0.000000 0.250549 0.968104
77.178045034 2.465653 1.301822 0.000000 0.000000 0.000000 0.258148 0.966105
77.233334064 2.467927 1.303363 0.000000 0.000000 0.000000 0.262997 0.964797
77.321522951 2.472001 1.305030 0.000000 0.000000 0.000000 0.270773 0.962643
77.385615587 2.472978 1.305337 0.000000 0.000000 0.000000 0.276433 0.961033
77.482558012 2.488036 1.314033 0.000000 0.000000 0.000000 0.276461 0.961025
77.535058022 2.496232 1.319017 0.000000 0.000000 0.000000 0.276353 0.961056
77.635596514 2.513083 1.329510 0.000000 0.000000 0.000000 0.276139 0.961118
77.687636852 2.521645 1.334622 0.000000 0.000000 0.000000 0.276045 0.961145
77.783472538 2.538418 1.343967 0.000000 0.000000 0.000000 0.276149 0.961115
77.833787918 2.547714 1.348740 0.000000 0.000000 0.000000 0.275902 0.961186
77.940711260 2.565306 1.358969 0.000000 0.000000 0.000000 0.275772 0.961223
77.985099792 2.573238 1.363299 0.000000 0.000000 0.000000 0.275768 0.961224
78.074628830 2.588319 1.372368 0.000000 0.000000 0.000000 0.275631 0.961263
78.126539230 2.597320 1.377106 0.000000 0.000000 0.000000 0.275742 0.961232
78.225707769 2.602982 1.378656 0.000000 0.000000 0.000000 0.284524 0.958669
78.287621975 2.605973 1.380158 0.000000 0.000000 0.000000 0.290330 0.956927
78.371752024 2.620485 1.387531 0.000000 0.000000 0.000000 0.290855 0.956767
78.425225496 2.629260 1.393443 0.000000 0.000000 0.000000 0.291091 0.956695
78.525620699 2.645339 1.404408 0.000000 0.000000 0.000000 0.291028 0.956714
78.588539600 2.655837 1.411004 0.000000 0.000000 0.000000 0.290938 0.956742
78.670593977 2.669326 1.419156 0.000000 0.000000 0.000000 0.290988 0.956727
78.735427380 2.680721 1.425726 0.000000 0.000000 0.000000 0.290674 0.956822
78.827690363 2.695900 1.435545 0.000000 0.000000 0.000000 0.290647 0.956830
78.889282465 2.706283 1.443127 0.000000 0.000000 0.000000 0.290741 0.956802
78.986895561 2.722641 1.454090 0.000000 0.000000 0.000000 0.290657 0.956827
79.038242817 2.731457 1.460513 0.000000 0.000000 0.000000 0.290598 0.956845
79.133278370 2.735109 1.463883 0.000000 0.000000 0.000000 0.299274 0.954167
79.188038111 2.737728 1.466233 0.000000 0.000000 0.000000 0.303757 0.952749
79.274859905 2.741319 1.469071 0.000000 0.000000 0.000000 0.311712 0.950177
79.325020790 2.748220 1.473687 0.000000 0.000000 0.000000 0.311808 0.950145
79.419587612 2.762517 1.483250 0.000000 0.000000 0.000000 0.311597 0.950214
79.476016521 2.772159 1.488642 0.000000 0.000000 0.000000 0.311643 0.950199
79.572896481 2.786918 1.499656 0.000000 0.000000 0.000000 0.311611 0.950210
79.625355482 2.794705 1.505807 0.000000 0.000000 0.000000 0.311590 0.950217
79.715934038 2.809877 1.515860 0.000000 0.000000 0.000000 0.311482 0.950252
79.766192913 2.817990 1.522289 0.000000 0.000000 0.000000 0.311318 0.950306
79.851100206 2.832206 1.531926 0.000000 0.000000 0.000000 0.311444 0.950264
79.911969662 2.841958 1.539349 0.000000 0.000000 0.000000 0.311425 0.950271
80.005322218 2.857115 1.550748 0.000000 0.000000 0.000000 0.311487 0.950250
80.049822092 2.863879 1.556510 0.000000 0.000000 0.000000 0.311591 0.950216
80.144307137 2.877672 1.568096 0.000000 0.000000 0.000000 0.311456 0.950260
80.194717646 2.885670 1.576420 0.000000 0.000000 0.000000 0.311144 0.950363
80.283586025 2.889637 1.579894 0.000000 0.000000 0.000000 0.318848 0.947806
80.339012861 2.891975 1.582191 0.000000 0.000000 0.000000 0.323577 0.946202
80.432806969 2.895279 1.585107 0.000000 0.000000 0.000000 0.332084 0.943250
80.481657505 2.895853 1.586333 0.000000 0.000000 0.000000 0.336426 0.941710
80.570667744 2.898976 1.588308 0.000000 0.000000 0.000000 0.344139 0.938919
80.629180193 2.901262 1.589241 0.000000 0.000000 0.000000 0.349151 0.937066
80.725515127 2.904502 1.591360 0.000000 0.000000 0.000000 0.357444 0.933934
80.785824299 2.906369 1.591587 0.000000 0.000000 0.000000 0.362860 0.931844
80.885531425 2.909610 1.595616 0.000000 0.000000 0.000000 0.371888 0.928278
80.931448936 2.911132 1.596831 0.000000 0.000000 0.000000 0.375894 0.926663
81.023196459 2.922981 1.607804 0.000000 0.000000 0.000000 0.375839 0.926685
81.074112654 2.929704 1.613450 0.000000 0.000000 0.000000 0.375699 0.926742
81.169610262 2.943779 1.627076 0.000000 0.000000 0.000000 0.375361 0.926879
81.221564293 2.951514 1.634013 0.000000 0.000000 0.000000 0.375058 0.927001
81.317089081 2.965424 1.647041 0.000000 0.000000 0.000000 0.375331 0.926891
81.373459816 2.974274 1.654176 0.000000 0.000000 0.000000 0.375165 0.926958
81.468533754 2.987630 1.666457 0.000000 0.000000 0.000000 0.375453 0.926842
81.523016691 2.995241 1.673711 0.000000 0.000000 0.000000 0.375183 0.926951
81.598726511 3.006495 1.684163 0.000000 0.000000 0.000000 0.375108 0.926981
81.657386780 3.009376 1.686275 0.000000 0.000000 0.000000 0.380066 0.924960
81.743980408 3.012406 1.689920 0.000000 0.000000 0.000000 0.387164 0.922011
81.802433014 3.014350 1.691331 0.000000 0.000000 0.000000 0.392088 0.919928
81.892469883 3.016613 1.695936 0.000000 0.000000 0.000000 0.399892 0.916562
81.951400280 3.018696 1.697036 0.000000 0.000000 0.000000 0.405460 0.914113
82.051398516 3.022247 1.700120 0.000000 0.000000 0.000000 0.414086 0.910238
82.098116398 3.024059 1.702255 0.000000 0.000000 0.000000 0.417854 0.908514
82.188131332 3.035482 1.713508 0.000000 0.000000 0.000000 0.417825 0.908528
82.248149872 3.042467 1.722304 0.000000 0.000000 0.000000 0.417823 0.908528
82.336132288 3.052699 1.734731 0.000000 0.000000 0.000000 0.417461 0.908695
82.396090031 3.059325 1.743450 0.000000 0.000000 0.000000 0.417296 0.908770
82.493404388 3.071876 1.758532 0.000000 0.000000 0.000000 0.417341 0.908750
82.545469284 3.079331 1.766745 0.000000 0.000000 0.000000 0.417122 0.908851
82.645762682 3.092781 1.782355 0.000000 0.000000 0.000000 0.417134 0.908845
82.703368902 3.100513 1.790389 0.000000 0.000000 0.000000 0.417080 0.908870
82.786747932 3.112706 1.801978 0.000000 0.000000 0.000000 0.417196 0.908816
82.854153395 3.121192 1.812612 0.000000 0.000000 0.000000 0.417172 0.908828
82.943068027 3.132559 1.825497 0.000000 0.000000 0.000000 0.417144 0.908840
83.009804964 3.140591 1.835169 0.000000 0.000000 0.000000 0.416649 0.909067
83.085191727 3.150079 1.845748 0.000000 0.000000 0.000000 0.416699 0.909044
83.153803349 3.158821 1.855487 0.000000 0.000000 0.000000 0.416642 0.909071
83.241653681 3.170348 1.866820 0.000000 0.000000 0.000000 0.416542 0.909116
83.297069788 3.171940 1.870362 0.000000 0.000000 0.000000 0.420917 0.907099
83.389735460 3.176651 1.873315 0.000000 0.000000 0.000000 0.428634 0.903478
83.453119040 3.178000 1.875305 0.000000 0.000000 0.000000 0.434063 0.900883
83.537900448 3.181308 1.877474 0.000000 0.000000 0.000000 0.441170 0.897424
83.597048283 3.182528 1.878898 0.000000 0.000000 0.000000 0.445872 0.895097
83.717325926 3.185958 1.883116 0.000000 0.000000 0.000000 0.455875 0.890044
83.749479055 3.187049 1.882668 0.000000 0.000000 0.000000 0.458663 0.888610
83.838826418 3.189097 1.885518 0.000000 0.000000 0.000000 0.466199 0.884680
83.901724577 3.190826 1.886181 0.000000 0.000000 0.000000 0.471076 0.882093
83.992516994 3.193417 1.890175 0.000000 0.000000 0.000000 0.478538 0.878067
84.051721573 3.194410 1.891282 0.000000 0.000000 0.000000 0.483192 0.875515
84.156426907 3.196475 1.893850 0.000000 0.000000 0.000000 0.491962 0.870616
84.200500965 3.197067 1.894154 0.000000 0.000000 0.000000 0.495512 0.868601
84.283172131 3.204602 1.907411 0.000000 0.000000 0.000000 0.495610 0.868545
84.341853619 3.211035 1.917607 0.000000 0.000000 0.000000 0.495310 0.868716
84.440338135 3.220763 1.933991 0.000000 0.000000 0.000000 0.495113 0.868828
84.490278244 3.226183 1.941845 0.000000 0.000000 0.000000 0.495128 0.868820
84.590413809 3.234534 1.957474 0.000000 0.000000 0.000000 0.495227 0.868764
84.637861252 3.236068 1.958578 0.000000 0.000000 0.000000 0.498852 0.866687
84.731191397 3.238682 1.963143 0.000000 0.000000 0.000000 0.506332 0.862339
84.795961142 3.239118 1.967436 0.000000 0.000000 0.000000 0.511493 0.859288
84.885035038 3.241685 1.970413 0.000000 0.000000 0.000000 0.518697 0.854958
84.942189693 3.245975 1.977987 0.000000 0.000000 0.000000 0.518588 0.855024
85.035698891 3.253601 1.993502 0.000000 0.000000 0.000000 0.518797 0.854898
85.087255955 3.258894 2.002890 0.000000 0.000000 0.000000 0.518903 0.854833
85.177431345 3.266347 2.018129 0.000000 0.000000 0.000000 0.518893 0.854839
85.234461546 3.270499 2.028634 0.000000 0.000000 0.000000 0.518838 0.854872
85.317269802 3.277373 2.043276 0.000000 0.000000 0.000000 0.519023 0.854760
85.371974707 3.281759 2.051846 0.000000 0.000000 0.000000 0.519099 0.854714
85.478625298 3.284284 2.055905 0.000000 0.000000 0.000000 0.527483 0.849566
85.528799295 3.286012 2.057139 0.000000 0.000000 0.000000 0.531433 0.847100
85.623463392 3.288619 2.062586 0.000000 0.000000 0.000000 0.539121 0.842228
85.673765659 3.290640 2.064875 0.000000 0.000000 0.000000 0.542997 0.839734
85.763669968 3.298950 2.078900 0.000000 0.000000 0.000000 0.543065 0.839691
85.820935726 3.303069 2.089000 0.000000 0.000000 0.000000 0.542981 0.839745
85.910727024 3.310195 2.103679 0.000000 0.000000 0.000000 0.542903 0.839795
85.964876890 3.313963 2.113622 0.000000 0.000000 0.000000 0.542876 0.839813
86.051109076 3.320137 2.128818 0.000000 0.000000 0.000000 0.542915 0.839787
86.103527308 3.324732 2.138659 0.000000 0.000000 0.000000 0.542991 0.839739
86.201452255 3.332799 2.155613 0.000000 0.000000 0.000000 0.542974 0.839749
86.242657185 3.336886 2.163573 0.000000 0.000000 0.000000 0.542853 0.839827
86.334985495 3.343858 2.180015 0.000000 0.000000 0.000000 0.542908 0.839792
86.382092714 3.345500 2.181779 0.000000 0.000000 0.000000 0.546552 0.837425
86.472083092 3.348593 2.185817 0.000000 0.000000 0.000000 0.553394 0.832919
86.523828268 3.350065 2.188311 0.000000 0.000000 0.000000 0.557223 0.830363
86.615870237 3.350836 2.190932 0.000000 0.000000 0.000000 0.564602 0.825363
86.670076370 3.351335 2.192350 0.000000 0.000000 0.000000 0.568615 0.822604
86.774803400 3.358901 2.210222 0.000000 0.000000 0.000000 0.568612 0.822606
86.820199966 3.362161 2.217571 0.000000 0.000000 0.000000 0.568694 0.822549
86.919469357 3.369161 2.235241 0.000000 0.000000 0.000000 0.568663 0.822571
86.967871189 3.373046 2.243687 0.000000 0.000000 0.000000 0.568792 0.822481
87.056761026 3.379801 2.260286 0.000000 0.000000 0.000000 0.568745 0.822514
87.109259605 3.382546 2.269080 0.000000 0.000000 0.000000 0.568729 0.822525
87.192007065 3.387418 2.284837 0.000000 0.000000 0.000000 0.568893 0.822411
87.253980637 3.392340 2.296558 0.000000 0.000000 0.000000 0.568865 0.822431
87.349741697 3.393875 2.302777 0.000000 0.000000 0.000000 0.576109 0.817373
87.405018091 3.395419 2.307253 0.000000 0.000000 0.000000 0.580329 0.814382
87.485984564 3.397068 2.310909 0.000000 0.000000 0.000000 0.586507 0.809944
87.543567896 3.398689 2.312988 0.000000 0.000000 0.000000 0.590736 0.806865
87.634330273 3.401294 2.316757 0.000000 0.000000 0.000000 0.597658 0.801751
87.686902761 3.401579 2.318113 0.000000 0.000000 0.000000 0.601627 0.798777
87.787247896 3.402254 2.321268 0.000000 0.000000 0.000000 0.609232 0.792992
87.837472916 3.405280 2.328878 0.000000 0.000000 0.000000 0.609460 0.792817
87.916748285 3.409497 2.343925 0.000000 0.000000 0.000000 0.609188 0.793026
87.986268759 3.412537 2.356610 0.000000 0.000000 0.000000 0.609058 0.793126
88.086726427 3.418258 2.375254 0.000000 0.000000 0.000000 0.608943 0.793214
88.150101423 3.422180 2.386790 0.000000 0.000000 0.000000 0.608831 0.793300
88.240933418 3.423091 2.392011 0.000000 0.000000 0.000000 0.615343 0.788259
88.297403812 3.424972 2.396328 0.000000 0.000000 0.000000 0.619347 0.785118
88.386169910 3.425711 2.400435 0.000000 0.000000 0.000000 0.625741 0.780031
88.450335503 3.426023 2.401504 0.000000 0.000000 0.000000 0.630402 0.776269
88.535275698 3.426199 2.405158 0.000000 0.000000 0.000000 0.636462 0.771308
88.605426788 3.426800 2.407754 0.000000 0.000000 0.000000 0.641364 0.767237
88.683759212 3.427235 2.410960 0.000000 0.000000 0.000000 0.647068 0.762433
88.750116110 3.430083 2.422020 0.000000 0.000000 0.000000 0.647015 0.762477
88.851769447 3.433304 2.441510 0.000000 0.000000 0.000000 0.646897 0.762577
88.916266441 3.434960 2.453775 0.000000 0.000000 0.000000 0.646857 0.762612
89.002526760 3.438007 2.469913 0.000000 0.000000 0.000000 0.646748 0.762704
89.057895184 3.440985 2.478801 0.000000 0.000000 0.000000 0.646705 0.762740
89.140100241 3.444740 2.494282 0.000000 0.000000 0.000000 0.646671 0.762769
89.195465088 3.445279 2.497520 0.000000 0.000000 0.000000 0.650486 0.759519
89.289087772 3.445743 2.502184 0.000000 0.000000 0.000000 0.657011 0.753881
89.344048738 3.445130 2.504917 0.000000 0.000000 0.000000 0.660940 0.750439
89.440391302 3.444602 2.508818 0.000000 0.000000 0.000000 0.667576 0.744541
89.492968559 3.444862 2.509046 0.000000 0.000000 0.000000 0.671461 0.741040
89.607647657 3.447287 2.529385 0.000000 0.000000 0.000000 0.671539 0.740969
89.672281504 3.448383 2.540574 0.000000 0.000000 0.000000 0.671305 0.741182
89.768073082 3.450857 2.558498 0.000000 0.000000 0.000000 0.671232 0.741247
89.829360723 3.451985 2.570812 0.000000 0.000000 0.000000 0.671297 0.741189
89.918611765 3.452888 2.586534 0.000000 0.000000 0.000000 0.671393 0.741101
89.983339548 3.453195 2.598779 0.000000 0.000000 0.000000 0.671388 0.741106
90.075467348 3.456110 2.615291 0.000000 0.000000 0.000000 0.671219 0.741259
90.136802912 3.458016 2.628911 0.000000 0.000000 0.000000 0.670935 0.741516
90.217718840 3.459988 2.645250 0.000000 0.000000 0.000000 0.670910 0.741539
90.282570362 3.462297 2.657938 0.000000 0.000000 0.000000 0.670912 0.741537
90.377734184 3.464776 2.676391 0.000000 0.000000 0.000000 0.670950 0.741503
90.428593874 3.466338 2.685601 0.000000 0.000000 0.000000 0.670912 0.741537
90.510604858 3.468521 2.701349 0.000000 0.000000 0.000000 0.671066 0.741398
90.568803549 3.470421 2.712721 0.000000 0.000000 0.000000 0.670992 0.741464
90.669097900 3.472619 2.731876 0.000000 0.000000 0.000000 0.670832 0.741609
90.734403133 3.474315 2.744855 0.000000 0.000000 0.000000 0.670924 0.741526
90.817264557 3.476753 2.760307 0.000000 0.000000 0.000000 0.671218 0.741260
90.874949217 3.477695 2.771828 0.000000 0.000000 0.000000 0.671227 0.741252
90.977848291 3.479614 2.792572 0.000000 0.000000 0.000000 0.671185 0.741290
91.038990498 3.480761 2.804169 0.000000 0.000000 0.000000 0.671364 0.741128
91.132968187 3.483645 2.824350 0.000000 0.000000 0.000000 0.671564 0.740946
91.184181929 3.485209 2.834114 0.000000 0.000000 0.000000 0.671629 0.740887
91.277483940 3.486937 2.851459 0.000000 0.000000 0.000000 0.671745 0.740782
91.333750963 3.488580 2.861448 0.000000 0.000000 0.000000 0.671710 0.740814
91.435931683 3.490826 2.880971 0.000000 0.000000 0.000000 0.671822 0.740713
91.490885019 3.492442 2.892806 0.000000 0.000000 0.000000 0.671684 0.740838
91.596405983 3.494835 2.913246 0.000000 0.000000 0.000000 0.671648 0.740870
91.657889366 3.496394 2.925067 0.000000 0.000000 0.000000 0.671488 0.741016
91.744920015 3.497635 2.941132 0.000000 0.000000 0.000000 0.671642 0.740875
91.803375244 3.498655 2.951764 0.000000 0.000000 0.000000 0.671674 0.740847
91.889576912 3.499433 2.968311 0.000000 0.000000 0.000000 0.671761 0.740768
91.950321198 3.500526 2.979680 0.000000 0.000000 0.000000 0.671654 0.740865
92.040585995 3.501816 2.997014 0.000000 0.000000 0.000000 0.671563 0.740948
92.095539570 3.504877 3.006385 0.000000 0.000000 0.000000 0.671783 0.740748
92.180634975 3.506651 3.021992 0.000000 0.000000 0.000000 0.671810 0.740724
92.233907700 3.508097 3.031906 0.000000 0.000000 0.000000 0.671769 0.740760
92.324627161 3.510015 3.050003 0.000000 0.000000 0.000000 0.671757 0.740771
92.377721786 3.511021 3.060900 0.000000 0.000000 0.000000 0.671732 0.740794
92.477380037 3.512593 3.079824 0.000000 0.000000 0.000000 0.671561 0.740949
92.527386665 3.515033 3.089629 0.000000 0.000000 0.000000 0.671681 0.740841
92.615924358 3.518108 3.106366 0.000000 0.000000 0.000000 0.671654 0.740865
92.672314167 3.518938 3.117226 0.000000 0.000000 0.000000 0.671777 0.740753
92.773890257 3.520478 3.135595 0.000000 0.000000 0.000000 0.671825 0.740710
92.833395958 3.522341 3.149007 0.000000 0.000000 0.000000 0.671712 0.740813
92.924817085 3.524593 3.165328 0.000000 0.000000 0.000000 0.671779 0.740751
92.988978386 3.523991 3.177376 0.000000 0.000000 0.000000 0.671911 0.740632
93.100240469 3.525843 3.198704 0.000000 0.000000 0.000000 0.671936 0.740609
93.152472734 3.527401 3.208230 0.000000 0.000000 0.000000 0.671995 0.740556
93.248969555 3.529338 3.227338 0.000000 0.000000 0.000000 0.671916 0.740627
93.302347898 3.531017 3.238060 0.000000 0.000000 0.000000 0.671858 0.740680
93.402684212 3.533115 3.257750 0.000000 0.000000 0.000000 0.671876 0.740663
93.454676867 3.534873 3.268491 0.000000 0.000000 0.000000 0.671763 0.740766
93.552758694 3.536098 3.287122 0.000000 0.000000 0.000000 0.671886 0.740655
93.613630056 3.537342 3.298512 0.000000 0.000000 0.000000 0.672118 0.740444
93.707502604 3.538859 3.317708 0.000000 0.000000 0.000000 0.672028 0.740525
93.764230251 3.540528 3.327716 0.000000 0.000000 0.000000 0.672090 0.740469
93.873910427 3.543802 3.346685 0.000000 0.000000 0.000000 0.672241 0.740333
93.914932251 3.544007 3.355147 0.000000 0.000000 0.000000 0.672281 0.740296
94.005584240 3.547418 3.370819 0.000000 0.000000 0.000000 0.672299 0.740280
94.060539484 3.548341 3.381095 0.000000 0.000000 0.000000 0.672391 0.740196
94.156020403 3.550213 3.399575 0.000000 0.000000 0.000000 0.672415 0.740174
94.210253716 3.551005 3.410864 0.000000 0.000000 0.000000 0.672363 0.740221
94.306135893 3.553269 3.429254 0.000000 0.000000 0.000000 0.672388 0.740199
94.372974396 3.554589 3.441846 0.000000 0.000000 0.000000 0.672315 0.740265
94.471097946 3.556425 3.460762 0.000000 0.000000 0.000000 0.672542 0.740059
94.529613972 3.557999 3.471564 0.000000 0.000000 0.000000 0.672705 0.739910
94.627149820 3.559860 3.490586 0.000000 0.000000 0.000000 0.672529 0.740071
94.671769142 3.560260 3.499570 0.000000 0.000000 0.000000 0.672450 0.740142
94.763330460 3.561436 3.517408 0.000000 0.000000 0.000000 0.672558 0.740045
94.822440624 3.562076 3.530027 0.000000 0.000000 0.000000 0.672639 0.739971
94.912670851 3.564700 3.547253 0.000000 0.000000 0.000000 0.672720 0.739897
94.978972197 3.565295 3.559845 0.000000 0.000000 0.000000 0.672743 0.739877
95.068254471 3.566832 3.578822 0.000000 0.000000 0.000000 0.672379 0.740207
95.123470068 3.567780 3.590423 0.000000 0.000000 0.000000 0.672564 0.740039
95.210581541 3.570251 3.607604 0.000000 0.000000 0.000000 0.672624 0.739984
95.261231899 3.571838 3.617549 0.000000 0.000000 0.000000 0.672686 0.739928
95.358219862 3.573749 3.636234 0.000000 0.000000 0.000000 0.672787 0.739836
95.405269146 3.574976 3.645806 0.000000 0.000000 0.000000 0.672700 0.739915
95.495450497 3.575405 3.646371 0.000000 0.000000 0.000000 0.672591 0.740014
95.556711435 3.576217 3.647122 0.000000 0.000000 0.000000 0.672664 0.739949
95.654532194 3.576449 3.648608 0.000000 0.000000 0.000000 0.672775 0.739847
95.718507051 3.576191 3.647493 0.000000 0.000000 0.000000 0.672907 0.739727
95.809733868 3.575751 3.646548 0.000000 0.000000 0.000000 0.673005 0.739638
95.869915009 3.576195 3.648533 0.000000 0.000000 0.000000 0.672972 0.739668
95.968504429 3.576126 3.647793 0.000000 0.000000 0.000000 0.673002 0.739641
96.013655424 3.576028 3.649268 0.000000 0.000000 0.000000 0.672968 0.739672
96.105460644 3.575981 3.650069 0.000000 0.000000 0.000000 0.672946 0.739692
96.151817083 3.575708 3.649204 0.000000 0.000000 0.000000 0.672940 0.739697
96.249305487 3.576074 3.649333 0.000000 0.000000 0.000000 0.672986 0.739655
96.313171148 3.575390 3.648681 0.000000 0.000000 0.000000 0.672957 0.739681
96.411842108 3.575551 3.648519 0.000000 0.000000 0.000000 0.672966 0.739674
96.483254194 3.576050 3.648432 0.000000 0.000000 0.000000 0.672890 0.739743
96.576039553 3.576332 3.648344 0.000000 0.000000 0.000000 0.672925 0.739710
96.634468794 3.576461 3.648436 0.000000 0.000000 0.000000 0.673018 0.739626
96.723625898 3.576001 3.647979 0.000000 0.000000 0.000000 0.672834 0.739793
96.781600475 3.575093 3.647954 0.000000 0.000000 0.000000 0.672966 0.739674
96.866395235 3.575618 3.647198 0.000000 0.000000 0.000000 0.672791 0.739832
96.921135187 3.575805 3.647544 0.000000 0.000000 0.000000 0.672782 0.739840
97.019036293 3.576009 3.647512 0.000000 0.000000 0.000000 0.672805 0.739820
97.060910940 3.575578 3.647443 0.000000 0.000000 0.000000 0.672816 0.739809
97.153807163 3.575186 3.646790 0.000000 0.000000 0.000000 0.672769 0.739852
97.211027622 3.575113 3.646638 0.000000 0.000000 0.000000 0.672730 0.739888
97.305245876 3.575153 3.647218 0.000000 0.000000 0.000000 0.672657 0.739954
97.364989996 3.575296 3.647787 0.000000 0.000000 0.000000 0.672677 0.739936
97.465471268 3.574787 3.647630 0.000000 0.000000 0.000000 0.672726 0.739892
97.531141281 3.574235 3.648028 0.000000 0.000000 0.000000 0.672805 0.739820
97.607466698 3.574299 3.648077 0.000000 0.000000 0.000000 0.672792 0.739832
97.670571327 3.574198 3.647977 0.000000 0.000000 0.000000 0.672689 0.739926
97.761371374 3.573337 3.647924 0.000000 0.000000 0.000000 0.672398 0.740190
97.826786518 3.573141 3.648926 0.000000 0.000000 0.000000 0.672298 0.740280
97.904732704 3.573146 3.648658 0.000000 0.000000 0.000000 0.672312 0.740268
97.972033739 3.573392 3.649142 0.000000 0.000000 0.000000 0.672400 0.740188
98.065672398 3.573149 3.649454 0.000000 0.000000 0.000000 0.672469 0.740125
98.120881319 3.573797 3.650625 0.000000 0.000000 0.000000 0.672530 0.740070
98.209275961 3.572961 3.651130 0.000000 0.000000 0.000000 0.672386 0.740201
98.266049623 3.573389 3.651665 0.000000 0.000000 0.000000 0.672307 0.740272
98.353181839 3.573345 3.651543 0.000000 0.000000 0.000000 0.672394 0.740194
98.403073549 3.573199 3.652689 0.000000 0.000000 0.000000 0.672217 0.740355
98.490382910 3.573185 3.653210 0.000000 0.000000 0.000000 0.672244 0.740330
98.542252064 3.573594 3.653526 0.000000 0.000000 0.000000 0.672236 0.740337
98.624454260 3.573668 3.653590 0.000000 0.000000 0.000000 0.672115 0.740447
98.685510397 3.574424 3.654420 0.000000 0.000000 0.000000 0.672280 0.740297
98.779605627 3.574904 3.654179 0.000000 0.000000 0.000000 0.672360 0.740224
98.838194609 3.575938 3.654352 0.000000 0.000000 0.000000 0.672379 0.740207
98.929908276 3.576251 3.654096 0.000000 0.000000 0.000000 0.672142 0.740422
98.986426353 3.577045 3.654644 0.000000 0.000000 0.000000 0.672028 0.740526
99.090990067 3.577117 3.653827 0.000000 0.000000 0.000000 0.672052 0.740504
99.137984037 3.577501 3.653716 0.000000 0.000000 0.000000 0.672015 0.740537
99.222180128 3.578168 3.654301 0.000000 0.000000 0.000000 0.672054 0.740502
99.274515629 3.579111 3.654908 0.000000 0.000000 0.000000 0.671864 0.740675
99.372492313 3.579075 3.655933 0.000000 0.000000 0.000000 0.671920 0.740624
99.430688858 3.579932 3.657074 0.000000 0.000000 0.000000 0.671895 0.740646
99.544572830 3.579682 3.658446 0.000000 0.000000 0.000000 0.671873 0.740667
99.586899042 3.579629 3.657992 0.000000 0.000000 0.000000 0.671746 0.740782
99.684531927 3.578435 3.658752 0.000000 0.000000 0.000000 0.671638 0.740879
99.732462883 3.578136 3.659062 0.000000 0.000000 0.000000 0.671438 0.741061
99.817482233 3.578155 3.658123 0.000000 0.000000 0.000000 0.671723 0.740803
99.865893364 3.577918 3.658041 0.000000 0.000000 0.000000 0.671755 0.740773
99.974117994 3.578085 3.658346 0.000000 0.000000 0.000000 0.671724 0.740802
100.008396149 3.577937 3.658208 0.000000 0.000000 0.000000 0.671721 0.740804
100.099959850 3.577404 3.658443 0.000000 0.000000 0.000000 0.671713 0.740812
100.157341719 3.576813 3.658870 0.000000 0.000000 0.000000 0.671777 0.740753
100.251402378 3.576207 3.659601 0.000000 0.000000 0.000000 0.671675 0.740846
100.296842813 3.575098 3.659803 0.000000 0.000000 0.000000 0.671636 0.740881
100.386153460 3.575210 3.659780 0.000000 0.000000 0.000000 0.671655 0.740864
100.438560963 3.575161 3.661262 0.000000 0.000000 0.000000 0.671424 0.741073
100.523025513 3.574519 3.661081 0.000000 0.000000 0.000000 0.671221 0.741258
100.578892708 3.574411 3.661242 0.000000 0.000000 0.000000 0.671186 0.741289
100.666844606 3.573568 3.660346 0.000000 0.000000 0.000000 0.671211 0.741266
100.717916250 3.575091 3.661066 0.000000 0.000000 0.000000 0.671314 0.741173
100.814438343 3.574890 3.661272 0.000000 0.000000 0.000000 0.671252 0.741229
100.859156370 3.574399 3.661154 0.000000 0.000000 0.000000 0.671229 0.741250
100.952885628 3.574733 3.661205 0.000000 0.000000 0.000000 0.671196 0.741280
101.000487804 3.573736 3.661142 0.000000 0.000000 0.000000 0.671090 0.741376
101.085479736 3.573468 3.661308 0.000000 0.000000 0.000000 0.671192 0.741284
101.136031866 3.574206 3.660795 0.000000 0.000000 0.000000 0.671153 0.741319
101.229514122 3.574258 3.660979 0.000000 0.000000 0.000000 0.671326 0.741162
101.274351120 3.574702 3.662265 0.000000 0.000000 0.000000 0.671187 0.741288
101.373620749 3.575430 3.662367 0.000000 0.000000 0.000000 0.671211 0.741267
101.426921129 3.574856 3.662154 0.000000 0.000000 0.000000 0.671310 0.741177
101.521782160 3.574053 3.663107 0.000000 0.000000 0.000000 0.671431 0.741067
101.570658922 3.574004 3.663081 0.000000 0.000000 0.000000 0.671496 0.741008
101.657437325 3.573843 3.662736 0.000000 0.000000 0.000000 0.671212 0.741266
101.713495970 3.574529 3.662735 0.000000 0.000000 0.000000 0.671094 0.741373
101.799236774 3.574256 3.663085 0.000000 0.000000 0.000000 0.670978 0.741477
101.849389791 3.574235 3.663453 0.000000 0.000000 0.000000 0.670936 0.741516
101.945839167 3.573909 3.663047 0.000000 0.000000 0.000000 0.670926 0.741525
101.999189854 3.573705 3.663395 0.000000 0.000000 0.000000 0.670916 0.741534
102.086042404 3.573818 3.663401 0.000000 0.000000 0.000000 0.670887 0.741560
102.136522293 3.574170 3.664893 0.000000 0.000000 0.000000 0.670880 0.741566
102.221495152 3.574155 3.665662 0.000000 0.000000 0.000000 0.670880 0.741566
102.276251078 3.574254 3.665835 0.000000 0.000000 0.000000 0.670985 0.741471
102.367645025 3.574635 3.665942 0.000000 0.000000 0.000000 0.670939 0.741513
102.423708200 3.575221 3.665570 0.000000 0.000000 0.000000 0.671068 0.741396
102.525077105 3.575605 3.665966 0.000000 0.000000 0.000000 0.671201 0.741275
102.574762106 3.574888 3.666293 0.000000 0.000000 0.000000 0.670841 0.741601
102.674291134 3.574060 3.666731 0.000000 0.000000 0.000000 0.670859 0.741584
