56.000000000 0.004313 1.002878 0.000000 0.000000 0.000000 0.004008 0.999992
56.092626333 0.000334 1.004283 0.000000 0.000000 0.000000 0.005051 0.999987
56.136488199 -0.001663 1.005838 0.000000 0.000000 0.000000 0.004009 0.999992
56.234569073 -0.001537 1.007354 0.000000 0.000000 0.000000 0.004342 0.999991
56.291095257 -0.003455 1.007243 0.000000 0.000000 0.000000 0.003829 0.999993
56.384810448 -0.002969 1.007319 0.000000 0.000000 0.000000 0.003474 0.999994
56.432573795 -0.003403 1.006165 0.000000 0.000000 0.000000 0.003284 0.999995
56.517774343 -0.004277 1.006774 0.000000 0.000000 0.000000 0.003398 0.999994
56.566277504 -0.004397 1.006513 0.000000 0.000000 0.000000 0.003598 0.999994
56.658776283 -0.005027 1.005824 0.000000 0.000000 0.000000 0.003352 0.999994
56.719421625 -0.004697 1.006115 0.000000 0.000000 0.000000 0.003559 0.999994
56.806190968 -0.005340 1.006756 0.000000 0.000000 0.000000 0.003601 0.999994
56.859033823 -0.006987 1.008092 0.000000 0.000000 0.000000 0.003494 0.999994
56.956225157 -0.006516 1.008511 0.000000 0.000000 0.000000 0.003837 0.999993
56.992516994 -0.006261 1.008373 0.000000 0.000000 0.000000 0.004248 0.999991
57.085117579 -0.005428 1.009687 0.000000 0.000000 0.000000 0.004404 0.999990
57.135342836 -0.003850 1.009102 0.000000 0.000000 0.000000 0.004235 0.999991
57.226917267 -0.004267 1.008578 0.000000 0.000000 0.000000 0.004216 0.999991
57.280653477 -0.003716 1.007815 0.000000 0.000000 0.000000 0.004744 0.999989
57.376023293 -0.002935 1.006878 0.000000 0.000000 0.000000 0.004907 0.999988
57.421943903 -0.003883 1.007143 0.000000 0.000000 0.000000 0.005582 0.999984
57.506844759 -0.001962 1.007547 0.000000 0.000000 0.000000 0.005616 0.999984
57.561612844 -0.000072 1.008105 0.000000 0.000000 0.000000 0.006898 0.999976
57.661116600 -0.000499 1.008338 0.000000 0.000000 0.000000 0.007155 0.999974
57.713097334 -0.000086 1.007850 0.000000 0.000000 0.000000 0.007155 0.999974
57.818692207 -0.000764 1.007930 0.000000 0.000000 0.000000 0.007206 0.999974
57.857132435 -0.000545 1.006277 0.000000 0.000000 0.000000 0.007323 0.999973
57.942367077 -0.001098 1.005267 0.000000 0.000000 0.000000 0.007414 0.999973
57.993121147 -0.002334 1.005224 0.000000 0.000000 0.000000 0.007381 0.999973
58.084053516 -0.001978 1.005493 0.000000 0.000000 0.000000 0.007637 0.999971
58.134043932 -0.002294 1.004672 0.000000 0.000000 0.000000 0.007734 0.999970
58.226578236 -0.000840 1.004655 0.000000 0.000000 0.000000 0.007806 0.999970
58.278188705 -0.000832 1.003904 0.000000 0.000000 0.000000 0.007800 0.999970
58.375108480 -0.002051 1.004016 0.000000 0.000000 0.000000 0.007922 0.999969
58.432198524 -0.002171 1.003409 0.000000 0.000000 0.000000 0.007784 0.999970
58.513686180 -0.001907 1.003555 0.000000 0.000000 0.000000 0.007755 0.999970
58.577755451 -0.001108 1.003098 0.000000 0.000000 0.000000 0.007687 0.999970
58.663658381 -0.000799 1.002144 0.000000 0.000000 0.000000 0.008013 0.999968
58.721382856 -0.000911 1.001720 0.000000 0.000000 0.000000 0.008178 0.999967
58.811643362 -0.000579 1.000983 0.000000 0.000000 0.000000 0.008092 0.999967
58.859117508 0.000924 1.000007 0.000000 0.000000 0.000000 0.008166 0.999967
58.954252720 0.001407 0.999362 0.000000 0.000000 0.000000 0.008274 0.999966
59.016629219 0.000212 0.999892 0.000000 0.000000 0.000000 0.008222 0.999966
59.106379747 -0.000105 1.000733 0.000000 0.000000 0.000000 0.008006 0.999968
59.158839226 -0.000206 1.001100 0.000000 0.000000 0.000000 0.008049 0.999968
59.239713192 -0.000474 1.001165 0.000000 0.000000 0.000000 0.007627 0.999971
59.295119047 0.000262 1.000516 0.000000 0.000000 0.000000 0.007441 0.999972
59.400145054 0.001397 1.001330 0.000000 0.000000 0.000000 0.007292 0.999973
59.447155952 0.002299 1.001458 0.000000 0.000000 0.000000 0.007807 0.999970
59.543852329 0.002533 1.001129 0.000000 0.000000 0.000000 0.007988 0.999968
59.590034962 0.002907 1.000774 0.000000 0.000000 0.000000 0.008088 0.999967
59.665421247 0.002639 0.999232 0.000000 0.000000 0.000000 0.008161 0.999967
59.720851421 0.002739 0.998823 0.000000 0.000000 0.000000 0.008114 0.999967
59.805132151 0.002579 0.997302 0.000000 0.000000 0.000000 0.008100 0.999967
59.860359430 0.005206 0.993524 0.000000 0.000000 0.000000 0.008904 0.999960
59.957119226 0.004621 0.993048 0.000000 0.000000 0.000000 0.008906 0.999960
60.005816936 0.004023 0.992901 0.000000 0.000000 0.000000 0.009007 0.999959
60.089397669 0.003549 0.992309 0.000000 0.000000 0.000000 0.009047 0.999959
60.138172865 0.003286 0.992012 0.000000 0.000000 0.000000 0.008779 0.999961
60.220950127 0.003831 0.992032 0.000000 0.000000 0.000000 0.008908 0.999960
60.272440672 0.003857 0.993235 0.000000 0.000000 0.000000 0.008932 0.999960
60.365985632 0.003499 0.994434 0.000000 0.000000 0.000000 0.008800 0.999961
60.419920921 0.003851 0.993541 0.000000 0.000000 0.000000 0.008954 0.999960
60.517887354 0.003139 0.993780 0.000000 0.000000 0.000000 0.008719 0.999962
60.576246977 0.003081 0.993226 0.000000 0.000000 0.000000 0.008804 0.999961
60.661265135 0.002601 0.994049 0.000000 0.000000 0.000000 0.008886 0.999961
60.720116138 0.002463 0.996000 0.000000 0.000000 0.000000 0.009096 0.999959
60.806773424 0.001802 0.996007 0.000000 0.000000 0.000000 0.009372 0.999956
60.856551170 0.002186 0.996047 0.000000 0.000000 0.000000 0.009819 0.999952
60.954911470 0.002499 0.996028 0.000000 0.000000 0.000000 0.010066 0.999949
61.012297630 0.003481 0.996411 0.000000 0.000000 0.000000 0.010360 0.999946
61.109639168 0.003657 0.996282 0.000000 0.000000 0.000000 0.010308 0.999947
61.157109976 0.003927 0.996024 0.000000 0.000000 0.000000 0.010298 0.999947
61.239634752 0.004127 0.995431 0.000000 0.000000 0.000000 0.010377 0.999946
61.291578770 0.006031 0.995811 0.000000 0.000000 0.000000 0.010365 0.999946
61.377224922 0.005934 0.995993 0.000000 0.000000 0.000000 0.010423 0.999946
61.424571276 0.006735 0.995069 0.000000 0.000000 0.000000 0.010321 0.999947
61.517945051 0.005245 0.995584 0.000000 0.000000 0.000000 0.010368 0.999946
61.571182013 0.004761 0.996529 0.000000 0.000000 0.000000 0.010061 0.999949
61.674693108 0.003973 0.997449 0.000000 0.000000 0.000000 0.010412 0.999946
61.731230259 0.003206 0.997886 0.000000 0.000000 0.000000 0.010159 0.999948
61.823836803 0.003861 0.998098 0.000000 0.000000 0.000000 0.010124 0.999949
61.867137194 0.003988 0.997341 0.000000 0.000000 0.000000 0.009805 0.999952
61.957184315 0.002616 0.998446 0.000000 0.000000 0.000000 0.009808 0.999952
62.007257462 0.002153 0.998102 0.000000 0.000000 0.000000 0.010169 0.999948
62.096065044 0.002470 0.999060 0.000000 0.000000 0.000000 0.009815 0.999952
62.149833441 0.002384 0.999048 0.000000 0.000000 0.000000 0.010199 0.999948
62.231528997 0.019082 0.998013 0.000000 0.000000 0.000000 0.010226 0.999948
62.288254261 0.030158 0.999719 0.000000 0.000000 0.000000 0.010223 0.999948
62.372793436 0.046194 0.999832 0.000000 0.000000 0.000000 0.010256 0.999947
62.437046528 0.058834 0.998989 0.000000 0.000000 0.000000 0.009787 0.999952
62.518205643 0.075671 1.000433 0.000000 0.000000 0.000000 0.009954 0.999950
62.573649645 0.086648 1.001764 0.000000 0.000000 0.000000 0.009827 0.999952
62.658019066 0.102472 1.001927 0.000000 0.000000 0.000000 0.009918 0.999951
62.708748341 0.112596 1.001872 0.000000 0.000000 0.000000 0.010099 0.999949
62.802901506 0.130858 1.002737 0.000000 0.000000 0.000000 0.010258 0.999947
62.862125397 0.142884 1.004047 0.000000 0.000000 0.000000 0.010268 0.999947
62.944721937 0.160059 1.003843 0.000000 0.000000 0.000000 0.010279 0.999947
63.001682520 0.171375 1.003319 0.000000 0.000000 0.000000 0.010328 0.999947
63.096352816 0.190115 1.003072 0.000000 0.000000 0.000000 0.010502 0.999945
63.140980959 0.198564 1.003048 0.000000 0.000000 0.000000 0.010588 0.999944
63.224403381 0.215137 1.003515 0.000000 0.000000 0.000000 0.010633 0.999943
63.278097630 0.225651 1.004122 0.000000 0.000000 0.000000 0.010351 0.999946
63.378735542 0.245364 1.004429 0.000000 0.000000 0.000000 0.010598 0.999944
63.429337263 0.256904 1.004100 0.000000 0.000000 0.000000 0.010572 0.999944
63.507558107 0.271581 1.003960 0.000000 0.000000 0.000000 0.010923 0.999940
63.561244726 0.282045 1.004995 0.000000 0.000000 0.000000 0.010889 0.999941
63.651183605 0.299544 1.006493 0.000000 0.000000 0.000000 0.011001 0.999939
63.722069025 0.312992 1.005623 0.000000 0.000000 0.000000 0.011061 0.999939
63.818211794 0.331177 1.005175 0.000000 0.000000 0.000000 0.010948 0.999940
63.867984533 0.341205 1.005825 0.000000 0.000000 0.000000 0.010896 0.999941
63.954170942 0.357019 1.006610 0.000000 0.000000 0.000000 0.010678 0.999943
64.007827759 0.367921 1.006696 0.000000 0.000000 0.000000 0.010808 0.999942
64.098969221 0.386116 1.007259 0.000000 0.000000 0.000000 0.010812 0.999942
64.150251389 0.395300 1.007827 0.000000 0.000000 0.000000 0.011055 0.999939
64.240028858 0.413650 1.009424 0.000000 0.000000 0.000000 0.010769 0.999942
64.291742325 0.424570 1.009585 0.000000 0.000000 0.000000 0.010930 0.999940
64.384911537 0.443030 1.009777 0.000000 0.000000 0.000000 0.010881 0.999941
64.438662767 0.453156 1.010652 0.000000 0.000000 0.000000 0.010992 0.999940
64.529100657 0.471561 1.011967 0.000000 0.000000 0.000000 0.010779 0.999942
64.581606388 0.481608 1.013521 0.000000 0.000000 0.000000 0.010327 0.999947
64.666499376 0.497397 1.012801 0.000000 0.000000 0.000000 0.010285 0.999947
64.719514608 0.508277 1.013441 0.000000 0.000000 0.000000 0.010510 0.999945
64.801486015 0.523874 1.013783 0.000000 0.000000 0.000000 0.010480 0.999945
64.853920698 0.535695 1.014944 0.000000 0.000000 0.000000 0.010475 0.999945
64.943417788 0.553739 1.017095 0.000000 0.000000 0.000000 0.010142 0.999949
64.995023489 0.564227 1.016714 0.000000 0.000000 0.000000 0.010044 0.999950
65.076430798 0.579984 1.018652 0.000000 0.000000 0.000000 0.009927 0.999951
65.137303352 0.592062 1.018486 0.000000 0.000000 0.000000 0.009939 0.999951
65.235720634 0.611849 1.017970 0.000000 0.000000 0.000000 0.009746 0.999953
65.286878586 0.621162 1.018214 0.000000 0.000000 0.000000 0.009734 0.999953
65.388996363 0.642505 1.018710 0.000000 0.000000 0.000000 0.009748 0.999952
65.443364143 0.653070 1.019031 0.000000 0.000000 0.000000 0.009746 0.999953
65.533442974 0.671338 1.019775 0.000000 0.000000 0.000000 0.009846 0.999952
65.583643198 0.681169 1.021275 0.000000 0.000000 0.000000 0.009758 0.999952
65.666572094 0.698272 1.022382 0.000000 0.000000 0.000000 0.009983 0.999950
65.718314648 0.708271 1.023345 0.000000 0.000000 0.000000 0.010101 0.999949
65.813969851 0.727146 1.023484 0.000000 0.000000 0.000000 0.010042 0.999950
65.860479355 0.735986 1.025202 0.000000 0.000000 0.000000 0.010011 0.999950
65.949100494 0.754322 1.025819 0.000000 0.000000 0.000000 0.009835 0.999952
66.006313324 0.764671 1.026138 0.000000 0.000000 0.000000 0.009942 0.999951
66.091695070 0.781628 1.028157 0.000000 0.000000 0.000000 0.009594 0.999954
66.150105000 0.792577 1.028338 0.000000 0.000000 0.000000 0.009456 0.999955
66.245607138 0.811180 1.030115 0.000000 0.000000 0.000000 0.009780 0.999952
66.289936066 0.819343 1.029998 0.000000 0.000000 0.000000 0.009934 0.999951
66.374847174 0.834164 1.030755 0.000000 0.000000 0.000000 0.010093 0.999949
66.427448988 0.844787 1.031877 0.000000 0.000000 0.000000 0.010142 0.999949
66.515174389 0.861077 1.034020 0.000000 0.000000 0.000000 0.010033 0.999950
66.565155268 0.871288 1.035877 0.000000 0.000000 0.000000 0.009975 0.999950
66.668905973 0.890242 1.037001 0.000000 0.000000 0.000000 0.009924 0.999951
66.720251560 0.900388 1.037597 0.000000 0.000000 0.000000 0.010274 0.999947
66.818524122 0.918452 1.039490 0.000000 0.000000 0.000000 0.010289 0.999947
66.862034321 0.926744 1.040464 0.000000 0.000000 0.000000 0.010376 0.999946
66.948162079 0.944474 1.039720 0.000000 0.000000 0.000000 0.010624 0.999944
66.998103142 0.954301 1.040802 0.000000 0.000000 0.000000 0.010811 0.999942
67.100195885 0.974600 1.042573 0.000000 0.000000 0.000000 0.011280 0.999936
67.157076359 0.986086 1.042372 0.000000 0.000000 0.000000 0.011402 0.999935
67.269846916 1.007392 1.042792 0.000000 0.000000 0.000000 0.011822 0.999930
67.325706720 1.018400 1.043051 0.000000 0.000000 0.000000 0.011519 0.999934
67.417520761 1.035784 1.041515 0.000000 0.000000 0.000000 0.011958 0.999929
67.475314379 1.045186 1.043423 0.000000 0.000000 0.000000 0.012152 0.999926
67.587245464 1.067070 1.045070 0.000000 0.000000 0.000000 0.012210 0.999925
67.657504320 1.079189 1.045806 0.000000 0.000000 0.000000 0.012486 0.999922
67.744100571 1.097888 1.047965 0.000000 0.000000 0.000000 0.012452 0.999922
67.809964418 1.111432 1.049206 0.000000 0.000000 0.000000 0.012640 0.999920
67.907867193 1.130874 1.050190 0.000000 0.000000 0.000000 0.012781 0.999918
67.955658197 1.139331 1.050905 0.000000 0.000000 0.000000 0.012863 0.999917
68.043772697 1.156237 1.049937 0.000000 0.000000 0.000000 0.012993 0.999916
68.092056751 1.166318 1.051337 0.000000 0.000000 0.000000 0.013094 0.999914
68.198954105 1.187764 1.052140 0.000000 0.000000 0.000000 0.013173 0.999913
68.239401817 1.196412 1.053453 0.000000 0.000000 0.000000 0.012980 0.999916
68.334116697 1.216142 1.054567 0.000000 0.000000 0.000000 0.013373 0.999911
68.393169165 1.227416 1.055985 0.000000 0.000000 0.000000 0.013888 0.999904
68.488315105 1.245935 1.057820 0.000000 0.000000 0.000000 0.013840 0.999904
68.548655272 1.258974 1.058814 0.000000 0.000000 0.000000 0.013847 0.999904
68.628951550 1.275641 1.059398 0.000000 0.000000 0.000000 0.013900 0.999903
68.688163757 1.287700 1.059922 0.000000 0.000000 0.000000 0.013771 0.999905
68.771270037 1.304513 1.061106 0.000000 0.000000 0.000000 0.013839 0.999904
68.824939728 1.316044 1.062118 0.000000 0.000000 0.000000 0.013840 0.999904
68.927378178 1.335958 1.063522 0.000000 0.000000 0.000000 0.013610 0.999907
68.988554239 1.348579 1.064554 0.000000 0.000000 0.000000 0.013504 0.999909
69.091393948 1.368840 1.065625 0.000000 0.000000 0.000000 0.013576 0.999908
69.142657280 1.380177 1.064930 0.000000 0.000000 0.000000 0.013766 0.999905
69.226943970 1.395456 1.066406 0.000000 0.000000 0.000000 0.013680 0.999906
69.291504383 1.409102 1.067413 0.000000 0.000000 0.000000 0.013994 0.999902
69.395749092 1.429949 1.068605 0.000000 0.000000 0.000000 0.014105 0.999901
69.444655418 1.438865 1.069313 0.000000 0.000000 0.000000 0.014054 0.999901
69.543005466 1.458940 1.070008 0.000000 0.000000 0.000000 0.014273 0.999898
69.595045090 1.469754 1.070959 0.000000 0.000000 0.000000 0.014416 0.999896
69.695927858 1.489720 1.071025 0.000000 0.000000 0.000000 0.014554 0.999894
69.753221989 1.502151 1.072515 0.000000 0.000000 0.000000 0.014574 0.999894
69.852281094 1.521673 1.074080 0.000000 0.000000 0.000000 0.014921 0.999889
69.909631014 1.533509 1.075427 0.000000 0.000000 0.000000 0.015040 0.999887
70.003495455 1.552942 1.076035 0.000000 0.000000 0.000000 0.015093 0.999886
70.055417776 1.564982 1.076879 0.000000 0.000000 0.000000 0.015242 0.999884
70.137858391 1.581754 1.077341 0.000000 0.000000 0.000000 0.015340 0.999882
70.199167728 1.595147 1.078442 0.000000 0.000000 0.000000 0.014907 0.999889
70.302878618 1.615769 1.079279 0.000000 0.000000 0.000000 0.014848 0.999890
70.369396687 1.629650 1.079684 0.000000 0.000000 0.000000 0.015192 0.999885
70.461210728 1.648593 1.079819 0.000000 0.000000 0.000000 0.015097 0.999886
70.509778738 1.658994 1.080276 0.000000 0.000000 0.000000 0.015390 0.999882
70.599387646 1.677094 1.080874 0.000000 0.000000 0.000000 0.015567 0.999879
70.656033039 1.689202 1.080445 0.000000 0.000000 0.000000 0.015537 0.999879
70.768153429 1.711558 1.080825 0.000000 0.000000 0.000000 0.015574 0.999879
70.815999985 1.720883 1.081239 0.000000 0.000000 0.000000 0.015287 0.999883
70.900581121 1.737094 1.081008 0.000000 0.000000 0.000000 0.015382 0.999882
70.955633402 1.748612 1.081099 0.000000 0.000000 0.000000 0.015427 0.999881
71.042252779 1.765620 1.082093 0.000000 0.000000 0.000000 0.015385 0.999882
71.103641987 1.779056 1.083217 0.000000 0.000000 0.000000 0.015209 0.999884
71.186776161 1.796639 1.085662 0.000000 0.000000 0.000000 0.015293 0.999883
71.250498533 1.809918 1.084588 0.000000 0.000000 0.000000 0.015139 0.999885
71.341936827 1.815364 1.085820 0.000000 0.000000 0.000000 0.023894 0.999715
71.393325806 1.818900 1.086032 0.000000 0.000000 0.000000 0.028941 0.999581
71.487019539 1.824555 1.086004 0.000000 0.000000 0.000000 0.038235 0.999269
71.537977695 1.827853 1.087086 0.000000 0.000000 0.000000 0.043421 0.999057
71.626116753 1.834133 1.088179 0.000000 0.000000 0.000000 0.052046 0.998645
71.682151079 1.836506 1.090040 0.000000 0.000000 0.000000 0.057402 0.998351
71.763496399 1.839405 1.089786 0.000000 0.000000 0.000000 0.065214 0.997871
71.820455313 1.842964 1.088404 0.000000 0.000000 0.000000 0.070538 0.997509
71.918866396 1.847561 1.088332 0.000000 0.000000 0.000000 0.080680 0.996740
71.975845575 1.850285 1.086184 0.000000 0.000000 0.000000 0.086304 0.996269
72.068582535 1.854671 1.087201 0.000000 0.000000 0.000000 0.095541 0.995425
72.122643709 1.857372 1.086464 0.000000 0.000000 0.000000 0.100609 0.994926
72.217851877 1.875020 1.090536 0.000000 0.000000 0.000000 0.100358 0.994951
72.265589714 1.882567 1.092277 0.000000 0.000000 0.000000 0.099825 0.995005
72.354194641 1.899289 1.095649 0.000000 0.000000 0.000000 0.099957 0.994992
72.403216600 1.909227 1.096575 0.000000 0.000000 0.000000 0.099838 0.995004
72.504085302 1.928987 1.100426 0.000000 0.000000 0.000000 0.099708 0.995017
72.559812546 1.940919 1.102983 0.000000 0.000000 0.000000 0.100020 0.994985
72.641114473 1.957860 1.106622 0.000000 0.000000 0.000000 0.099427 0.995045
72.695553064 1.968208 1.108513 0.000000 0.000000 0.000000 0.099292 0.995058
72.784453154 1.985329 1.112131 0.000000 0.000000 0.000000 0.099444 0.995043
72.839464188 1.988518 1.113468 0.000000 0.000000 0.000000 0.104704 0.994503
72.931765556 1.991838 1.113970 0.000000 0.000000 0.000000 0.113449 0.993544
72.986810684 1.995947 1.114889 0.000000 0.000000 0.000000 0.119170 0.992874
73.071648121 2.000519 1.115432 0.000000 0.000000 0.000000 0.127548 0.991832
73.129702330 2.003404 1.116034 0.000000 0.000000 0.000000 0.133434 0.991058
73.227200508 2.008715 1.116479 0.000000 0.000000 0.000000 0.143177 0.989697
73.271549940 2.010680 1.117657 0.000000 0.000000 0.000000 0.147767 0.989022
73.365193605 2.028940 1.122858 0.000000 0.000000 0.000000 0.147915 0.989000
73.410813332 2.037009 1.124294 0.000000 0.000000 0.000000 0.148111 0.988971
73.495560646 2.052723 1.129630 0.000000 0.000000 0.000000 0.148251 0.988950
73.549853325 2.063998 1.132863 0.000000 0.000000 0.000000 0.148301 0.988942
73.635336399 2.081210 1.137038 0.000000 0.000000 0.000000 0.148375 0.988931
73.700213671 2.093820 1.140910 0.000000 0.000000 0.000000 0.148614 0.988895
73.794411182 2.111175 1.146199 0.000000 0.000000 0.000000 0.148640 0.988891
73.851395130 2.120703 1.148886 0.000000 0.000000 0.000000 0.148603 0.988897
73.934927464 2.137434 1.153040 0.000000 0.000000 0.000000 0.148652 0.988890
73.994324923 2.140832 1.153164 0.000000 0.000000 0.000000 0.154378 0.988012
74.076428652 2.145246 1.154726 0.000000 0.000000 0.000000 0.162016 0.986788
74.138641834 2.149941 1.156097 0.000000 0.000000 0.000000 0.167849 0.985813
74.232690811 2.155149 1.159073 0.000000 0.000000 0.000000 0.177206 0.984174
74.284757137 2.156893 1.159699 0.000000 0.000000 0.000000 0.182569 0.983193
74.368963718 2.161166 1.160151 0.000000 0.000000 0.000000 0.190959 0.981598
74.424954653 2.164027 1.161731 0.000000 0.000000 0.000000 0.196701 0.980463
74.512892008 2.168178 1.162813 0.000000 0.000000 0.000000 0.205196 0.978721
74.568120718 2.178503 1.166664 0.000000 0.000000 0.000000 0.205175 0.978725
74.659038782 2.195159 1.175074 0.000000 0.000000 0.000000 0.205674 0.978621
74.720528126 2.205872 1.179749 0.000000 0.000000 0.000000 0.205867 0.978580
74.807915449 2.221416 1.187270 0.000000 0.000000 0.000000 0.205815 0.978591
74.867791891 2.233376 1.192719 0.000000 0.000000 0.000000 0.205673 0.978621
74.956265450 2.248882 1.199248 0.000000 0.000000 0.000000 0.205696 0.978616
75.006022692 2.258288 1.203050 0.000000 0.000000 0.000000 0.205828 0.978588
75.093890429 2.273641 1.210017 0.000000 0.000000 0.000000 0.206089 0.978533
75.151803017 2.284739 1.214650 0.000000 0.000000 0.000000 0.206096 0.978532
75.237923384 2.298894 1.221574 0.000000 0.000000 0.000000 0.206320 0.978485
75.289012432 2.307588 1.226157 0.000000 0.000000 0.000000 0.206268 0.978495
75.377345324 2.324538 1.233640 0.000000 0.000000 0.000000 0.206031 0.978546
75.433693886 2.336173 1.237866 0.000000 0.000000 0.000000 0.205852 0.978583
75.537194490 2.354339 1.246593 0.000000 0.000000 0.000000 0.205822 0.978589
75.586070776 2.362424 1.250104 0.000000 0.000000 0.000000 0.205573 0.978642
75.689361572 2.381329 1.258887 0.000000 0.000000 0.000000 0.205807 0.978593
75.744805098 2.392942 1.263235 0.000000 0.000000 0.000000 0.205847 0.978584
75.826009274 2.406818 1.268923 0.000000 0.000000 0.000000 0.205968 0.978559
75.899021864 2.410249 1.269544 0.000000 0.000000 0.000000 0.212947 0.977064
75.992537260 2.415452 1.271330 0.000000 0.000000 0.000000 0.221863 0.975078
76.056124210 2.418184 1.272766 0.000000 0.000000 0.000000 0.228031 0.973654
76.141805172 2.422084 1.274894 0.000000 0.000000 0.000000 0.236509 0.971629
76.196712971 2.423937 1.276092 0.000000 0.000000 0.000000 0.241678 0.970356
76.279946327 2.428096 1.277919 0.000000 0.000000 0.000000 0.249634 0.968340
76.336917877 2.430764 1.278714 0.000000 0.000000 0.000000 0.255006 0.966939
76.431858301 2.435526 1.281113 0.000000 0.000000 0.000000 0.263949 0.964537
76.487337351 2.444024 1.286089 0.000000 0.000000 0.000000 0.264384 0.964418
76.576975346 2.458738 1.294384 0.000000 0.000000 0.000000 0.264468 0.964394
76.635664701 2.468979 1.300813 0.000000 0.000000 0.000000 0.264147 0.964482
76.736702204 2.485825 1.310728 0.000000 0.000000 0.000000 0.264183 0.964473
76.784813404 2.494587 1.316127 0.000000 0.000000 0.000000 0.264318 0.964436
76.872728825 2.509691 1.324285 0.000000 0.000000 0.000000 0.264258 0.964452
76.940669060 2.521620 1.331696 0.000000 0.000000 0.000000 0.264622 0.964352
77.039191484 2.538966 1.342252 0.000000 0.000000 0.000000 0.264716 0.964326
77.091496944 2.548209 1.345046 0.000000 0.000000 0.000000 0.264910 0.964273
77.178045034 2.552753 1.347752 0.000000 0.000000 0.000000 0.273198 0.961958
77.233334064 2.555330 1.348170 0.000000 0.000000 0.000000 0.278357 0.960478
77.321522951 2.559831 1.350119 0.000000 0.000000 0.000000 0.286770 0.958000
77.385615587 2.561397 1.352011 0.000000 0.000000 0.000000 0.292832 0.956164
77.482558012 2.576400 1.360783 0.000000 0.000000 0.000000 0.293469 0.955969
77.535058022 2.585404 1.366283 0.000000 0.000000 0.000000 0.293494 0.955961
77.635596514 2.602805 1.378972 0.000000 0.000000 0.000000 0.293468 0.955969
77.687636852 2.610093 1.382584 0.000000 0.000000 0.000000 0.293608 0.955926
77.783472538 2.625945 1.393456 0.000000 0.000000 0.000000 0.293665 0.955909
77.833787918 2.634414 1.397980 0.000000 0.000000 0.000000 0.293724 0.955890
77.940711260 2.651933 1.410672 0.000000 0.000000 0.000000 0.293682 0.955903
77.985099792 2.659725 1.414907 0.000000 0.000000 0.000000 0.293919 0.955830
78.074628830 2.674844 1.424626 0.000000 0.000000 0.000000 0.294187 0.955748
78.126539230 2.683715 1.431179 0.000000 0.000000 0.000000 0.294404 0.955681
78.225707769 2.688561 1.433806 0.000000 0.000000 0.000000 0.303471 0.952841
78.287621975 2.691720 1.435771 0.000000 0.000000 0.000000 0.309213 0.950993
78.371752024 2.705582 1.444742 0.000000 0.000000 0.000000 0.309405 0.950930
78.425225496 2.715400 1.450944 0.000000 0.000000 0.000000 0.309689 0.950838
78.525620699 2.730799 1.462970 0.000000 0.000000 0.000000 0.309731 0.950824
78.588539600 2.739894 1.469974 0.000000 0.000000 0.000000 0.310000 0.950737
78.670593977 2.753126 1.479879 0.000000 0.000000 0.000000 0.310366 0.950617
78.735427380 2.763126 1.487610 0.000000 0.000000 0.000000 0.310188 0.950675
78.827690363 2.777514 1.498535 0.000000 0.000000 0.000000 0.310281 0.950645
78.889282465 2.787614 1.504519 0.000000 0.000000 0.000000 0.310320 0.950632
78.986895561 2.803371 1.515258 0.000000 0.000000 0.000000 0.310438 0.950593
79.038242817 2.812598 1.521135 0.000000 0.000000 0.000000 0.310632 0.950530
79.133278370 2.815059 1.525055 0.000000 0.000000 0.000000 0.319508 0.947584
79.188038111 2.817139 1.527294 0.000000 0.000000 0.000000 0.324480 0.945893
79.274859905 2.821459 1.530144 0.000000 0.000000 0.000000 0.332555 0.943084
79.325020790 2.828300 1.535363 0.000000 0.000000 0.000000 0.332759 0.943012
79.419587612 2.842325 1.547099 0.000000 0.000000 0.000000 0.332579 0.943075
79.476016521 2.853205 1.553039 0.000000 0.000000 0.000000 0.332451 0.943121
79.572896481 2.868187 1.564813 0.000000 0.000000 0.000000 0.332781 0.943004
79.625355482 2.876694 1.571872 0.000000 0.000000 0.000000 0.332850 0.942980
79.715934038 2.892216 1.583822 0.000000 0.000000 0.000000 0.332605 0.943066
79.766192913 2.898835 1.589766 0.000000 0.000000 0.000000 0.332289 0.943178
79.851100206 2.912144 1.599062 0.000000 0.000000 0.000000 0.332376 0.943147
79.911969662 2.922217 1.606448 0.000000 0.000000 0.000000 0.332179 0.943216
80.005322218 2.937151 1.617191 0.000000 0.000000 0.000000 0.332317 0.943168
80.049822092 2.942494 1.620489 0.000000 0.000000 0.000000 0.331951 0.943296
80.144307137 2.956604 1.632697 0.000000 0.000000 0.000000 0.331927 0.943305
80.194717646 2.964732 1.639984 0.000000 0.000000 0.000000 0.331922 0.943307
80.283586025 2.968749 1.643682 0.000000 0.000000 0.000000 0.339883 0.940468
80.339012861 2.972355 1.646887 0.000000 0.000000 0.000000 0.344994 0.938605
80.432806969 2.974983 1.650295 0.000000 0.000000 0.000000 0.353499 0.935435
80.481657505 2.976968 1.652105 0.000000 0.000000 0.000000 0.358035 0.933708
80.570667744 2.980919 1.655364 0.000000 0.000000 0.000000 0.365910 0.930650
80.629180193 2.983946 1.656727 0.000000 0.000000 0.000000 0.371447 0.928454
80.725515127 2.987083 1.659198 0.000000 0.000000 0.000000 0.380067 0.924959
80.785824299 2.989638 1.660507 0.000000 0.000000 0.000000 0.385520 0.922699
80.885531425 2.991941 1.663814 0.000000 0.000000 0.000000 0.394629 0.918841
80.931448936 2.992411 1.665931 0.000000 0.000000 0.000000 0.399016 0.916944
81.023196459 3.004596 1.678046 0.000000 0.000000 0.000000 0.399447 0.916756
81.074112654 3.011461 1.685872 0.000000 0.000000 0.000000 0.399534 0.916718
81.169610262 3.023294 1.698602 0.000000 0.000000 0.000000 0.399300 0.916820
81.221564293 3.029813 1.706428 0.000000 0.000000 0.000000 0.399364 0.916792
81.317089081 3.043345 1.720090 0.000000 0.000000 0.000000 0.399435 0.916762
81.373459816 3.050516 1.728679 0.000000 0.000000 0.000000 0.399650 0.916668
81.468533754 3.063309 1.742134 0.000000 0.000000 0.000000 0.399618 0.916682
81.523016691 3.070797 1.749083 0.000000 0.000000 0.000000 0.399500 0.916733
81.598726511 3.080892 1.761378 0.000000 0.000000 0.000000 0.399642 0.916671
81.657386780 3.082798 1.763715 0.000000 0.000000 0.000000 0.404683 0.914457
81.743980408 3.085879 1.766294 0.000000 0.000000 0.000000 0.412325 0.911037
81.802433014 3.087582 1.768245 0.000000 0.000000 0.000000 0.418020 0.908438
81.892469883 3.091560 1.770555 0.000000 0.000000 0.000000 0.426186 0.904635
81.951400280 3.093140 1.772068 0.000000 0.000000 0.000000 0.431944 0.901900
82.051398516 3.095623 1.775265 0.000000 0.000000 0.000000 0.440931 0.897541
82.098116398 3.096636 1.776989 0.000000 0.000000 0.000000 0.444897 0.895582
82.188131332 3.107204 1.789562 0.000000 0.000000 0.000000 0.444856 0.895602
82.248149872 3.110941 1.799739 0.000000 0.000000 0.000000 0.444620 0.895719
82.336132288 3.119706 1.812020 0.000000 0.000000 0.000000 0.444728 0.895666
82.396090031 3.127450 1.819945 0.000000 0.000000 0.000000 0.444468 0.895795
82.493404388 3.139546 1.835403 0.000000 0.000000 0.000000 0.444750 0.895655
82.545469284 3.146248 1.843715 0.000000 0.000000 0.000000 0.444955 0.895553
82.645762682 3.159620 1.857765 0.000000 0.000000 0.000000 0.445147 0.895458
82.703368902 3.167081 1.867427 0.000000 0.000000 0.000000 0.445253 0.895405
82.786747932 3.176340 1.878973 0.000000 0.000000 0.000000 0.445211 0.895426
82.854153395 3.184920 1.887838 0.000000 0.000000 0.000000 0.445121 0.895471
82.943068027 3.195607 1.902448 0.000000 0.000000 0.000000 0.444944 0.895558
83.009804964 3.203381 1.911919 0.000000 0.000000 0.000000 0.444831 0.895615
83.085191727 3.213811 1.923886 0.000000 0.000000 0.000000 0.444700 0.895680
83.153803349 3.222520 1.934615 0.000000 0.000000 0.000000 0.444600 0.895729
83.241653681 3.233683 1.948121 0.000000 0.000000 0.000000 0.444777 0.895641
83.297069788 3.236146 1.950689 0.000000 0.000000 0.000000 0.449566 0.893247
83.389735460 3.239389 1.955054 0.000000 0.000000 0.000000 0.457799 0.889056
83.453119040 3.240877 1.957141 0.000000 0.000000 0.000000 0.463130 0.886290
83.537900448 3.243612 1.960162 0.000000 0.000000 0.000000 0.470491 0.882405
83.597048283 3.245872 1.961801 0.000000 0.000000 0.000000 0.475736 0.879588
83.717325926 3.248786 1.968009 0.000000 0.000000 0.000000 0.486000 0.873959
83.749479055 3.249842 1.969015 0.000000 0.000000 0.000000 0.489057 0.872252
83.838826418 3.252849 1.972759 0.000000 0.000000 0.000000 0.496862 0.867830
83.901724577 3.253958 1.973608 0.000000 0.000000 0.000000 0.502106 0.864806
83.992516994 3.256895 1.977081 0.000000 0.000000 0.000000 0.509830 0.860275
84.051721573 3.258010 1.978311 0.000000 0.000000 0.000000 0.515206 0.857066
84.156426907 3.260203 1.982835 0.000000 0.000000 0.000000 0.523976 0.851733
84.200500965 3.261233 1.982067 0.000000 0.000000 0.000000 0.528140 0.849157
84.283172131 3.267024 1.996406 0.000000 0.000000 0.000000 0.528282 0.849069
84.341853619 3.272178 2.006554 0.000000 0.000000 0.000000 0.528276 0.849073
84.440338135 3.280456 2.025060 0.000000 0.000000 0.000000 0.528325 0.849042
84.490278244 3.285722 2.033081 0.000000 0.000000 0.000000 0.528373 0.849012
84.590413809 3.294995 2.049805 0.000000 0.000000 0.000000 0.527651 0.849461
84.637861252 3.295487 2.052185 0.000000 0.000000 0.000000 0.531600 0.846995
84.731191397 3.298260 2.055933 0.000000 0.000000 0.000000 0.539188 0.842186
84.795961142 3.299908 2.059102 0.000000 0.000000 0.000000 0.544823 0.838551
84.885035038 3.301299 2.063300 0.000000 0.000000 0.000000 0.552333 0.833624
84.942189693 3.305988 2.073045 0.000000 0.000000 0.000000 0.552236 0.833688
85.035698891 3.313452 2.090731 0.000000 0.000000 0.000000 0.552456 0.833542
85.087255955 3.316012 2.100296 0.000000 0.000000 0.000000 0.552366 0.833602
85.177431345 3.323091 2.117098 0.000000 0.000000 0.000000 0.552356 0.833608
85.234461546 3.327623 2.127604 0.000000 0.000000 0.000000 0.552252 0.833678
85.317269802 3.334262 2.142974 0.000000 0.000000 0.000000 0.552431 0.833559
85.371974707 3.340035 2.153778 0.000000 0.000000 0.000000 0.552380 0.833593
85.478625298 3.342895 2.159671 0.000000 0.000000 0.000000 0.560687 0.828028
85.528799295 3.344313 2.161289 0.000000 0.000000 0.000000 0.564604 0.825362
85.623463392 3.345582 2.166182 0.000000 0.000000 0.000000 0.572166 0.820138
85.673765659 3.346330 2.168793 0.000000 0.000000 0.000000 0.576119 0.817366
85.763669968 3.351707 2.184825 0.000000 0.000000 0.000000 0.576409 0.817162
85.820935726 3.355300 2.194170 0.000000 0.000000 0.000000 0.576463 0.817124
85.910727024 3.360523 2.209036 0.000000 0.000000 0.000000 0.576547 0.817064
85.964876890 3.365288 2.219992 0.000000 0.000000 0.000000 0.576367 0.817191
86.051109076 3.370698 2.236663 0.000000 0.000000 0.000000 0.576546 0.817065
86.103527308 3.374286 2.246864 0.000000 0.000000 0.000000 0.576537 0.817071
86.201452255 3.381015 2.264880 0.000000 0.000000 0.000000 0.576288 0.817247
86.242657185 3.383793 2.271474 0.000000 0.000000 0.000000 0.576175 0.817327
86.334985495 3.389394 2.287865 0.000000 0.000000 0.000000 0.576257 0.817269
86.382092714 3.390648 2.290174 0.000000 0.000000 0.000000 0.579784 0.814771
86.472083092 3.392250 2.292826 0.000000 0.000000 0.000000 0.586947 0.809625
86.523828268 3.394017 2.296367 0.000000 0.000000 0.000000 0.591056 0.806630
86.615870237 3.394950 2.298710 0.000000 0.000000 0.000000 0.598241 0.801316
86.670076370 3.397155 2.301510 0.000000 0.000000 0.000000 0.602248 0.798309
86.774803400 3.402788 2.320040 0.000000 0.000000 0.000000 0.602056 0.798454
86.820199966 3.405311 2.329145 0.000000 0.000000 0.000000 0.602082 0.798434
86.919469357 3.411170 2.349341 0.000000 0.000000 0.000000 0.602003 0.798494
86.967871189 3.412920 2.359009 0.000000 0.000000 0.000000 0.601956 0.798529
87.056761026 3.417422 2.376930 0.000000 0.000000 0.000000 0.601629 0.798776
87.109259605 3.420742 2.387010 0.000000 0.000000 0.000000 0.601595 0.798801
87.192007065 3.425025 2.401825 0.000000 0.000000 0.000000 0.601822 0.798630
87.253980637 3.428863 2.414070 0.000000 0.000000 0.000000 0.601759 0.798678
87.349741697 3.430966 2.419940 0.000000 0.000000 0.000000 0.609279 0.792956
87.405018091 3.431943 2.423921 0.000000 0.000000 0.000000 0.613950 0.789345
87.485984564 3.433101 2.427991 0.000000 0.000000 0.000000 0.620155 0.784479
87.543567896 3.434430 2.431986 0.000000 0.000000 0.000000 0.624826 0.780764
87.634330273 3.435996 2.434627 0.000000 0.000000 0.000000 0.631760 0.775164
87.686902761 3.436131 2.436441 0.000000 0.000000 0.000000 0.635763 0.771885
87.787247896 3.436513 2.441862 0.000000 0.000000 0.000000 0.643494 0.765451
87.837472916 3.439146 2.450889 0.000000 0.000000 0.000000 0.643696 0.765282
87.916748285 3.441695 2.465039 0.000000 0.000000 0.000000 0.643701 0.765277
87.986268759 3.443651 2.479619 0.000000 0.000000 0.000000 0.643635 0.765333
88.086726427 3.447082 2.498050 0.000000 0.000000 0.000000 0.643572 0.765386
88.150101423 3.450691 2.510105 0.000000 0.000000 0.000000 0.643706 0.765273
88.240933418 3.451985 2.513884 0.000000 0.000000 0.000000 0.650295 0.759682
88.297403812 3.453405 2.516809 0.000000 0.000000 0.000000 0.654427 0.756125
88.386169910 3.454324 2.521395 0.000000 0.000000 0.000000 0.661168 0.750238
88.450335503 3.455628 2.524681 0.000000 0.000000 0.000000 0.665798 0.746132
88.535275698 3.457306 2.528266 0.000000 0.000000 0.000000 0.672076 0.740483
88.605426788 3.458282 2.532746 0.000000 0.000000 0.000000 0.677265 0.735739
88.683759212 3.459329 2.536117 0.000000 0.000000 0.000000 0.683052 0.730370
88.750116110 3.460922 2.549518 0.000000 0.000000 0.000000 0.683225 0.730208
88.851769447 3.461428 2.569274 0.000000 0.000000 0.000000 0.683108 0.730317
88.916266441 3.461806 2.580993 0.000000 0.000000 0.000000 0.683068 0.730355
89.002526760 3.463676 2.598728 0.000000 0.000000 0.000000 0.683191 0.730240
89.057895184 3.464285 2.609649 0.000000 0.000000 0.000000 0.683237 0.730196
89.140100241 3.465944 2.625930 0.000000 0.000000 0.000000 0.683120 0.730306
89.195465088 3.465242 2.629975 0.000000 0.000000 0.000000 0.686708 0.726934
89.289087772 3.465647 2.635331 0.000000 0.000000 0.000000 0.693178 0.720766
89.344048738 3.465695 2.637681 0.000000 0.000000 0.000000 0.697004 0.717068
89.440391302 3.465349 2.641767 0.000000 0.000000 0.000000 0.703885 0.710314
89.492968559 3.465219 2.643601 0.000000 0.000000 0.000000 0.707680 0.706533
89.607647657 3.466008 2.665366 0.000000 0.000000 0.000000 0.708001 0.706211
89.672281504 3.467066 2.676232 0.000000 0.000000 0.000000 0.707975 0.706238
89.768073082 3.467577 2.696187 0.000000 0.000000 0.000000 0.707843 0.706370
89.829360723 3.467802 2.707522 0.000000 0.000000 0.000000 0.707814 0.706399
89.918611765 3.467955 2.724304 0.000000 0.000000 0.000000 0.707826 0.706387
89.983339548 3.468295 2.737695 0.000000 0.000000 0.000000 0.707802 0.706411
90.075467348 3.467941 2.756209 0.000000 0.000000 0.000000 0.707811 0.706402
90.136802912 3.468319 2.767816 0.000000 0.000000 0.000000 0.707831 0.706382
90.217718840 3.468347 2.784234 0.000000 0.000000 0.000000 0.707739 0.706474
90.282570362 3.466122 2.797316 0.000000 0.000000 0.000000 0.707786 0.706427
90.377734184 3.466144 2.816185 0.000000 0.000000 0.000000 0.707838 0.706375
90.428593874 3.465987 2.827300 0.000000 0.000000 0.000000 0.707856 0.706356
90.510604858 3.465795 2.843371 0.000000 0.000000 0.000000 0.707963 0.706249
90.568803549 3.466910 2.855772 0.000000 0.000000 0.000000 0.707891 0.706322
90.669097900 3.466978 2.876342 0.000000 0.000000 0.000000 0.707684 0.706529
90.734403133 3.466645 2.888993 0.000000 0.000000 0.000000 0.707658 0.706555
90.817264557 3.465475 2.905346 0.000000 0.000000 0.000000 0.707562 0.706651
90.874949217 3.464932 2.915707 0.000000 0.000000 0.000000 0.707674 0.706539
90.977848291 3.465105 2.936642 0.000000 0.000000 0.000000 0.707654 0.706559
91.038990498 3.465718 2.949507 0.000000 0.000000 0.000000 0.707297 0.706917
91.132968187 3.465856 2.968782 0.000000 0.000000 0.000000 0.707124 0.707089
91.184181929 3.465816 2.978429 0.000000 0.000000 0.000000 0.707330 0.706884
91.277483940 3.465738 2.997957 0.000000 0.000000 0.000000 0.707103 0.707110
91.333750963 3.466496 3.009197 0.000000 0.000000 0.000000 0.707016 0.707198
91.435931683 3.466776 3.029419 0.000000 0.000000 0.000000 0.707081 0.707132
91.490885019 3.468708 3.038248 0.000000 0.000000 0.000000 0.706712 0.707501
91.596405983 3.470398 3.060079 0.000000 0.000000 0.000000 0.706737 0.707476
91.657889366 3.470449 3.072555 0.000000 0.000000 0.000000 0.706811 0.707402
91.744920015 3.470881 3.090997 0.000000 0.000000 0.000000 0.706799 0.707415
91.803375244 3.471513 3.103538 0.000000 0.000000 0.000000 0.706792 0.707422
91.889576912 3.470797 3.120419 0.000000 0.000000 0.000000 0.706639 0.707574
91.950321198 3.471400 3.133520 0.000000 0.000000 0.000000 0.706579 0.707634
92.040585995 3.471591 3.149963 0.000000 0.000000 0.000000 0.706427 0.707786
92.095539570 3.470310 3.159422 0.000000 0.000000 0.000000 0.706302 0.707911
92.180634975 3.470990 3.176140 0.000000 0.000000 0.000000 0.706391 0.707822
92.233907700 3.471735 3.186612 0.000000 0.000000 0.000000 0.706305 0.707907
92.324627161 3.471739 3.204046 0.000000 0.000000 0.000000 0.706498 0.707715
92.377721786 3.471778 3.214536 0.000000 0.000000 0.000000 0.706459 0.707754
92.477380037 3.472409 3.234611 0.000000 0.000000 0.000000 0.706404 0.707809
92.527386665 3.473111 3.245196 0.000000 0.000000 0.000000 0.706245 0.707967
92.615924358 3.473583 3.263676 0.000000 0.000000 0.000000 0.706163 0.708049
92.672314167 3.473486 3.275320 0.000000 0.000000 0.000000 0.705982 0.708230
92.773890257 3.473794 3.296070 0.000000 0.000000 0.000000 0.705729 0.708482
92.833395958 3.473359 3.308349 0.000000 0.000000 0.000000 0.705833 0.708378
92.924817085 3.473204 3.326159 0.000000 0.000000 0.000000 0.705822 0.708390
92.988978386 3.473350 3.338581 0.000000 0.000000 0.000000 0.705837 0.708374
93.100240469 3.472972 3.360699 0.000000 0.000000 0.000000 0.705815 0.708396
93.152472734 3.473819 3.370668 0.000000 0.000000 0.000000 0.705885 0.708327
93.248969555 3.474254 3.389765 0.000000 0.000000 0.000000 0.705869 0.708342
93.302347898 3.475461 3.401066 0.000000 0.000000 0.000000 0.705824 0.708387
93.402684212 3.475829 3.422264 0.000000 0.000000 0.000000 0.705776 0.708435
93.454676867 3.476767 3.432265 0.000000 0.000000 0.000000 0.705727 0.708484
93.552758694 3.476170 3.450807 0.000000 0.000000 0.000000 0.705918 0.708294
93.613630056 3.477580 3.461883 0.000000 0.000000 0.000000 0.705781 0.708431
93.707502604 3.477952 3.483058 0.000000 0.000000 0.000000 0.705824 0.708388
93.764230251 3.477949 3.494677 0.000000 0.000000 0.000000 0.706047 0.708165
93.873910427 3.478524 3.515251 0.000000 0.000000 0.000000 0.706268 0.707944
93.914932251 3.481507 3.524744 0.000000 0.000000 0.000000 0.706849 0.707364
94.005584240 3.482255 3.542296 0.000000 0.000000 0.000000 0.706817 0.707397
94.060539484 3.481492 3.552985 0.000000 0.000000 0.000000 0.707107 0.707107
94.156020403 3.481381 3.572073 0.000000 0.000000 0.000000 0.707134 0.707080
94.210253716 3.481418 3.583744 0.000000 0.000000 0.000000 0.707198 0.707015
94.306135893 3.480271 3.602752 0.000000 0.000000 0.000000 0.707094 0.707119
94.372974396 3.481026 3.616724 0.000000 0.000000 0.000000 0.707136 0.707078
94.471097946 3.480234 3.635898 0.000000 0.000000 0.000000 0.707208 0.707005
94.529613972 3.479513 3.647534 0.000000 0.000000 0.000000 0.707438 0.706776
94.627149820 3.480843 3.666380 0.000000 0.000000 0.000000 0.707492 0.706721
94.671769142 3.479409 3.676002 0.000000 0.000000 0.000000 0.707365 0.706848
94.763330460 3.479773 3.693764 0.000000 0.000000 0.000000 0.707259 0.706954
94.822440624 3.479874 3.704800 0.000000 0.000000 0.000000 0.707146 0.707067
94.912670851 3.480723 3.722838 0.000000 0.000000 0.000000 0.707207 0.707007
94.978972197 3.481210 3.737763 0.000000 0.000000 0.000000 0.707377 0.706837
95.068254471 3.481330 3.756917 0.000000 0.000000 0.000000 0.706976 0.707237
95.123470068 3.481936 3.767830 0.000000 0.000000 0.000000 0.706580 0.707633
95.210581541 3.481963 3.786119 0.000000 0.000000 0.000000 0.706479 0.707734
95.261231899 3.482787 3.796301 0.000000 0.000000 0.000000 0.706363 0.707850
95.358219862 3.482906 3.813651 0.000000 0.000000 0.000000 0.706264 0.707949
95.405269146 3.482585 3.823217 0.000000 0.000000 0.000000 0.706123 0.708089
95.495450497 3.483165 3.825451 0.000000 0.000000 0.000000 0.706372 0.707841
95.556711435 3.483557 3.824117 0.000000 0.000000 0.000000 0.706283 0.707930
95.654532194 3.483078 3.824312 0.000000 0.000000 0.000000 0.706520 0.707693
95.718507051 3.481766 3.824785 0.000000 0.000000 0.000000 0.706545 0.707669
95.809733868 3.481243 3.825018 0.000000 0.000000 0.000000 0.706630 0.707583
95.869915009 3.481379 3.823672 0.000000 0.000000 0.000000 0.706828 0.707386
95.968504429 3.479276 3.822987 0.000000 0.000000 0.000000 0.706908 0.707306
96.013655424 3.479654 3.823521 0.000000 0.000000 0.000000 0.706714 0.707500
96.105460644 3.480016 3.822933 0.000000 0.000000 0.000000 0.706829 0.707385
96.151817083 3.479989 3.823754 0.000000 0.000000 0.000000 0.706738 0.707476
96.249305487 3.480155 3.823545 0.000000 0.000000 0.000000 0.706771 0.707442
96.313171148 3.480322 3.824524 0.000000 0.000000 0.000000 0.706826 0.707388
96.411842108 3.480203 3.824461 0.000000 0.000000 0.000000 0.706789 0.707425
96.483254194 3.480809 3.824449 0.000000 0.000000 0.000000 0.706788 0.707425
96.576039553 3.481022 3.823991 0.000000 0.000000 0.000000 0.706702 0.707512
96.634468794 3.481282 3.822946 0.000000 0.000000 0.000000 0.706712 0.707502
96.723625898 3.480234 3.822875 0.000000 0.000000 0.000000 0.706725 0.707488
96.781600475 3.480944 3.823224 0.000000 0.000000 0.000000 0.706814 0.707400
96.866395235 3.482097 3.822274 0.000000 0.000000 0.000000 0.706860 0.707353
96.921135187 3.482733 3.822456 0.000000 0.000000 0.000000 0.706755 0.707458
97.019036293 3.482484 3.822030 0.000000 0.000000 0.000000 0.706608 0.707605
97.060910940 3.483247 3.821610 0.000000 0.000000 0.000000 0.706650 0.707563
97.153807163 3.483844 3.819948 0.000000 0.000000 0.000000 0.706668 0.707545
97.211027622 3.483345 3.818679 0.000000 0.000000 0.000000 0.706788 0.707425
97.305245876 3.483870 3.817691 0.000000 0.000000 0.000000 0.706909 0.707304
97.364989996 3.484183 3.817050 0.000000 0.000000 0.000000 0.707024 0.707189
97.465471268 3.483367 3.817925 0.000000 0.000000 0.000000 0.707080 0.707133
97.531141281 3.483540 3.817844 0.000000 0.000000 0.000000 0.707156 0.707058
97.607466698 3.483905 3.817477 0.000000 0.000000 0.000000 0.707059 0.707155
97.670571327 3.482857 3.817843 0.000000 0.000000 0.000000 0.706986 0.707228
97.761371374 3.482184 3.817123 0.000000 0.000000 0.000000 0.707032 0.707181
97.826786518 3.482445 3.816576 0.000000 0.000000 0.000000 0.706977 0.707236
97.904732704 3.482709 3.817030 0.000000 0.000000 0.000000 0.706851 0.707363
97.972033739 3.481529 3.816826 0.000000 0.000000 0.000000 0.706852 0.707361
98.065672398 3.483171 3.816679 0.000000 0.000000 0.000000 0.706855 0.707359
98.120881319 3.483736 3.816875 0.000000 0.000000 0.000000 0.706771 0.707442
98.209275961 3.482932 3.816575 0.000000 0.000000 0.000000 0.706838 0.707375
98.266049623 3.483211 3.815402 0.000000 0.000000 0.000000 0.706668 0.707545
98.353181839 3.483352 3.815041 0.000000 0.000000 0.000000 0.706719 0.707494
98.403073549 3.484290 3.816394 0.000000 0.000000 0.000000 0.706690 0.707524
98.490382910 3.483833 3.817710 0.000000 0.000000 0.000000 0.706629 0.707584
98.542252064 3.484109 3.817457 0.000000 0.000000 0.000000 0.706881 0.707333
98.624454260 3.483230 3.817620 0.000000 0.000000 0.000000 0.706720 0.707494
98.685510397 3.483016 3.817580 0.000000 0.000000 0.000000 0.706603 0.707611
98.779605627 3.482536 3.818140 0.000000 0.000000 0.000000 0.706696 0.707517
98.838194609 3.483669 3.819184 0.000000 0.000000 0.000000 0.706611 0.707602
98.929908276 3.483212 3.818186 0.000000 0.000000 0.000000 0.706543 0.707670
98.986426353 3.484190 3.817895 0.000000 0.000000 0.000000 0.706637 0.707576
99.090990067 3.485025 3.817096 0.000000 0.000000 0.000000 0.706495 0.707718
99.137984037 3.485122 3.818178 0.000000 0.000000 0.000000 0.706406 0.707807
99.222180128 3.484996 3.817850 0.000000 0.000000 0.000000 0.706501 0.707712
99.274515629 3.482992 3.818087 0.000000 0.000000 0.000000 0.706491 0.707722
99.372492313 3.483532 3.818478 0.000000 0.000000 0.000000 0.706693 0.707520
99.430688858 3.482931 3.818030 0.000000 0.000000 0.000000 0.706699 0.707514
99.544572830 3.482461 3.818804 0.000000 0.000000 0.000000 0.706663 0.707550
99.586899042 3.482174 3.819455 0.000000 0.000000 0.000000 0.706593 0.707620
99.684531927 3.481902 3.819399 0.000000 0.000000 0.000000 0.706807 0.707406
99.732462883 3.481974 3.819986 0.000000 0.000000 0.000000 0.706878 0.707335
99.817482233 3.481834 3.819416 0.000000 0.000000 0.000000 0.707000 0.707213
99.865893364 3.482473 3.819827 0.000000 0.000000 0.000000 0.706946 0.707267
99.974117994 3.482859 3.823239 0.000000 0.000000 0.000000 0.707249 0.706965
100.008396149 3.483135 3.823819 0.000000 0.000000 0.000000 0.707220 0.706994
100.099959850 3.482974 3.824683 0.000000 0.000000 0.000000 0.707297 0.706916
100.157341719 3.484571 3.825037 0.000000 0.000000 0.000000 0.707227 0.706987
100.251402378 3.485124 3.825893 0.000000 0.000000 0.000000 0.707519 0.706694
100.296842813 3.485857 3.825699 0.000000 0.000000 0.000000 0.707716 0.706497
100.386153460 3.485979 3.825788 0.000000 0.000000 0.000000 0.707815 0.706397
100.438560963 3.485698 3.826410 0.000000 0.000000 0.000000 0.707835 0.706377
100.523025513 3.486167 3.828076 0.000000 0.000000 0.000000 0.708053 0.706159
100.578892708 3.486182 3.827778 0.000000 0.000000 0.000000 0.707625 0.706588
100.666844606 3.485564 3.828662 0.000000 0.000000 0.000000 0.707916 0.706296
100.717916250 3.485594 3.828178 0.000000 0.000000 0.000000 0.707788 0.706425
100.814438343 3.485577 3.828763 0.000000 0.000000 0.000000 0.707886 0.706327
100.859156370 3.486141 3.829559 0.000000 0.000000 0.000000 0.707858 0.706355
100.952885628 3.485631 3.829791 0.000000 0.000000 0.000000 0.707855 0.706358
101.000487804 3.484811 3.828603 0.000000 0.000000 0.000000 0.708029 0.706183
101.085479736 3.484920 3.828886 0.000000 0.000000 0.000000 0.707973 0.706239
101.136031866 3.484651 3.829021 0.000000 0.000000 0.000000 0.707924 0.706289
101.229514122 3.485597 3.828002 0.000000 0.000000 0.000000 0.707905 0.706308
101.274351120 3.486854 3.828516 0.000000 0.000000 0.000000 0.707937 0.706275
101.373620749 3.486607 3.828783 0.000000 0.000000 0.000000 0.707966 0.706247
101.426921129 3.486771 3.830196 0.000000 0.000000 0.000000 0.707951 0.706262
101.521782160 3.486061 3.830100 0.000000 0.000000 0.000000 0.708084 0.706128
101.570658922 3.486609 3.829529 0.000000 0.000000 0.000000 0.708164 0.706048
101.657437325 3.486917 3.830283 0.000000 0.000000 0.000000 0.708126 0.706086
101.713495970 3.487303 3.829784 0.000000 0.000000 0.000000 0.708123 0.706089
101.799236774 3.486683 3.829421 0.000000 0.000000 0.000000 0.707992 0.706220
101.849389791 3.487004 3.829281 0.000000 0.000000 0.000000 0.708100 0.706112
101.945839167 3.485987 3.828872 0.000000 0.000000 0.000000 0.708274 0.705937
101.999189854 3.485553 3.829516 0.000000 0.000000 0.000000 0.708344 0.705867
102.086042404 3.486315 3.829420 0.000000 0.000000 0.000000 0.708458 0.705753
102.136522293 3.485662 3.830659 0.000000 0.000000 0.000000 0.708395 0.705817
102.221495152 3.486201 3.831189 0.000000 0.000000 0.000000 0.708257 0.705955
102.276251078 3.487947 3.830797 0.000000 0.000000 0.000000 0.708163 0.706049
102.367645025 3.486577 3.829644 0.000000 0.000000 0.000000 0.708176 0.706036
102.423708200 3.485503 3.830503 0.000000 0.000000 0.000000 0.708328 0.705883
102.525077105 3.486206 3.829467 0.000000 0.000000 0.000000 0.708522 0.705689
102.574762106 3.485677 3.829916 0.000000 0.000000 0.000000 0.708510 0.705701
102.674291134 3.485591 3.830472 0.000000 0.000000 0.000000 0.708387 0.705824
