56.000000000 0.001697 0.999250 0.000000 0.000000 0.000000 -0.004872 0.999988
56.092626333 0.002047 1.000431 0.000000 0.000000 0.000000 -0.005124 0.999987
56.136488199 0.002896 1.001238 0.000000 0.000000 0.000000 -0.005546 0.999985
56.234569073 0.003671 1.002141 0.000000 0.000000 0.000000 -0.006185 0.999981
56.291095257 0.004006 1.003217 0.000000 0.000000 0.000000 -0.006680 0.999978
56.384810448 0.003914 1.003876 0.000000 0.000000 0.000000 -0.007041 0.999975
56.432573795 0.004624 1.003980 0.000000 0.000000 0.000000 -0.007152 0.999974
56.517774343 0.004756 1.005100 0.000000 0.000000 0.000000 -0.007482 0.999972
56.566277504 0.004611 1.005478 0.000000 0.000000 0.000000 -0.007658 0.999971
56.658776283 0.004071 1.005976 0.000000 0.000000 0.000000 -0.007533 0.999972
56.719421625 0.003503 1.005657 0.000000 0.000000 0.000000 -0.007662 0.999971
56.806190968 0.003842 1.007179 0.000000 0.000000 0.000000 -0.006844 0.999977
56.859033823 0.003690 1.007812 0.000000 0.000000 0.000000 -0.006917 0.999976
56.956225157 0.003707 1.007721 0.000000 0.000000 0.000000 -0.007062 0.999975
56.992516994 0.003659 1.008225 0.000000 0.000000 0.000000 -0.007305 0.999973
57.085117579 0.003307 1.008404 0.000000 0.000000 0.000000 -0.007420 0.999972
57.135342836 0.002752 1.008924 0.000000 0.000000 0.000000 -0.007554 0.999971
57.226917267 0.002672 1.009083 0.000000 0.000000 0.000000 -0.007813 0.999969
57.280653477 0.002831 1.009754 0.000000 0.000000 0.000000 -0.007731 0.999970
57.376023293 0.002877 1.009157 0.000000 0.000000 0.000000 -0.007789 0.999970
57.421943903 0.002495 1.009292 0.000000 0.000000 0.000000 -0.008122 0.999967
57.506844759 0.002122 1.009554 0.000000 0.000000 0.000000 -0.008232 0.999966
57.561612844 0.001802 1.009635 0.000000 0.000000 0.000000 -0.008296 0.999966
57.661116600 0.002244 1.009623 0.000000 0.000000 0.000000 -0.008414 0.999965
57.713097334 0.002332 1.009120 0.000000 0.000000 0.000000 -0.008360 0.999965
57.818692207 0.002194 1.008577 0.000000 0.000000 0.000000 -0.008444 0.999964
57.857132435 0.001249 1.008869 0.000000 0.000000 0.000000 -0.008621 0.999963
57.942367077 0.001630 1.009809 0.000000 0.000000 0.000000 -0.008598 0.999963
57.993121147 0.001597 1.010515 0.000000 0.000000 0.000000 -0.008642 0.999963
58.084053516 0.001825 1.011126 0.000000 0.000000 0.000000 -0.008654 0.999963
58.134043932 0.000492 1.010988 0.000000 0.000000 0.000000 -0.008547 0.999963
58.226578236 0.000552 1.010890 0.000000 0.000000 0.000000 -0.008750 0.999962
58.278188705 0.000236 1.011096 0.000000 0.000000 0.000000 -0.008683 0.999962
58.375108480 0.001062 1.011154 0.000000 0.000000 0.000000 -0.008541 0.999964
58.432198524 0.001015 1.010981 0.000000 0.000000 0.000000 -0.008717 0.999962
58.513686180 0.001509 1.012149 0.000000 0.000000 0.000000 -0.008950 0.999960
58.577755451 0.002211 1.011258 0.000000 0.000000 0.000000 -0.009109 0.999959
58.663658381 0.002529 1.011024 0.000000 0.000000 0.000000 -0.009068 0.999959
58.721382856 0.002231 1.011077 0.000000 0.000000 0.000000 -0.009081 0.999959
58.811643362 0.003031 1.010933 0.000000 0.000000 0.000000 -0.009440 0.999955
58.859117508 0.002848 1.010280 0.000000 0.000000 0.000000 -0.009714 0.999953
58.954252720 0.001891 1.010777 0.000000 0.000000 0.000000 -0.009668 0.999953
59.016629219 0.001729 1.010425 0.000000 0.000000 0.000000 -0.009504 0.999955
59.106379747 0.002094 1.009655 0.000000 0.000000 0.000000 -0.009496 0.999955
59.158839226 0.002738 1.009787 0.000000 0.000000 0.000000 -0.009515 0.999955
59.239713192 0.003089 1.009519 0.000000 0.000000 0.000000 -0.009373 0.999956
59.295119047 0.003465 1.009187 0.000000 0.000000 0.000000 -0.009597 0.999954
59.400145054 0.004236 1.008646 0.000000 0.000000 0.000000 -0.009962 0.999950
59.447155952 0.003291 1.009098 0.000000 0.000000 0.000000 -0.010048 0.999950
59.543852329 0.002845 1.009258 0.000000 0.000000 0.000000 -0.010220 0.999948
59.590034962 0.002895 1.009576 0.000000 0.000000 0.000000 -0.010067 0.999949
59.665421247 0.002926 1.009889 0.000000 0.000000 0.000000 -0.009993 0.999950
59.720851421 0.003528 1.010269 0.000000 0.000000 0.000000 -0.010104 0.999949
59.805132151 0.002613 1.008490 0.000000 0.000000 0.000000 -0.010081 0.999949
59.860359430 0.002301 1.007564 0.000000 0.000000 0.000000 -0.010117 0.999949
59.957119226 0.002527 1.008589 0.000000 0.000000 0.000000 -0.010160 0.999948
60.005816936 0.002934 1.008889 0.000000 0.000000 0.000000 -0.010307 0.999947
60.089397669 0.002822 1.008785 0.000000 0.000000 0.000000 -0.010368 0.999946
60.138172865 0.002519 1.010532 0.000000 0.000000 0.000000 -0.010024 0.999950
60.220950127 0.002643 1.010750 0.000000 0.000000 0.000000 -0.009830 0.999952
60.272440672 0.003038 1.010895 0.000000 0.000000 0.000000 -0.009621 0.999954
60.365985632 0.002385 1.010790 0.000000 0.000000 0.000000 -0.009405 0.999956
60.419920921 0.001939 1.010591 0.000000 0.000000 0.000000 -0.009298 0.999957
60.517887354 0.002531 1.010694 0.000000 0.000000 0.000000 -0.009381 0.999956
60.576246977 0.002798 1.010115 0.000000 0.000000 0.000000 -0.009565 0.999954
60.661265135 0.003955 1.009521 0.000000 0.000000 0.000000 -0.009559 0.999954
60.720116138 0.003460 1.008933 0.000000 0.000000 0.000000 -0.009658 0.999953
60.806773424 0.003179 1.008834 0.000000 0.000000 0.000000 -0.009713 0.999953
60.856551170 0.002843 1.011333 0.000000 0.000000 0.000000 -0.009876 0.999951
60.954911470 0.002603 1.011274 0.000000 0.000000 0.000000 -0.009932 0.999951
61.012297630 0.002536 1.010940 0.000000 0.000000 0.000000 -0.009919 0.999951
61.109639168 0.002334 1.010681 0.000000 0.000000 0.000000 -0.010006 0.999950
61.157109976 0.001734 1.009971 0.000000 0.000000 0.000000 -0.010031 0.999950
61.239634752 0.001968 1.010334 0.000000 0.000000 0.000000 -0.009924 0.999951
61.291578770 0.001537 1.011393 0.000000 0.000000 0.000000 -0.009593 0.999954
61.377224922 0.000941 1.011047 0.000000 0.000000 0.000000 -0.009603 0.999954
61.424571276 0.000868 1.011104 0.000000 0.000000 0.000000 -0.009594 0.999954
61.517945051 0.000736 1.010341 0.000000 0.000000 0.000000 -0.009587 0.999954
61.571182013 0.001221 1.010500 0.000000 0.000000 0.000000 -0.009433 0.999956
61.674693108 0.000573 1.011454 0.000000 0.000000 0.000000 -0.009211 0.999958
61.731230259 0.000399 1.011198 0.000000 0.000000 0.000000 -0.009081 0.999959
61.823836803 0.000583 1.010507 0.000000 0.000000 0.000000 -0.008873 0.999961
61.867137194 0.000263 1.010462 0.000000 0.000000 0.000000 -0.008902 0.999960
61.957184315 0.000233 1.010153 0.000000 0.000000 0.000000 -0.008974 0.999960
62.007257462 0.000187 1.010154 0.000000 0.000000 0.000000 -0.008790 0.999961
62.096065044 0.000309 1.010774 0.000000 0.000000 0.000000 -0.008920 0.999960
62.149833441 -0.000835 1.010433 0.000000 0.000000 0.000000 -0.008818 0.999961
62.231528997 0.014832 1.009800 0.000000 0.000000 0.000000 -0.008810 0.999961
62.288254261 0.025696 1.008058 0.000000 0.000000 0.000000 -0.008723 0.999962
62.372793436 0.042300 1.007695 0.000000 0.000000 0.000000 -0.008805 0.999961
62.437046528 0.054787 1.007031 0.000000 0.000000 0.000000 -0.008805 0.999961
62.518205643 0.070075 1.006509 0.000000 0.000000 0.000000 -0.008660 0.999962
62.573649645 0.081848 1.006609 0.000000 0.000000 0.000000 -0.008831 0.999961
62.658019066 0.098444 1.006169 0.000000 0.000000 0.000000 -0.008974 0.999960
62.708748341 0.108352 1.005009 0.000000 0.000000 0.000000 -0.008793 0.999961
62.802901506 0.126824 1.004680 0.000000 0.000000 0.000000 -0.009012 0.999959
62.862125397 0.137926 1.004881 0.000000 0.000000 0.000000 -0.008931 0.999960
62.944721937 0.153580 1.004623 0.000000 0.000000 0.000000 -0.008909 0.999960
63.001682520 0.165032 1.004377 0.000000 0.000000 0.000000 -0.008857 0.999961
63.096352816 0.183598 1.004911 0.000000 0.000000 0.000000 -0.008971 0.999960
63.140980959 0.192165 1.004629 0.000000 0.000000 0.000000 -0.008875 0.999961
63.224403381 0.208265 1.003021 0.000000 0.000000 0.000000 -0.008833 0.999961
63.278097630 0.218560 1.002024 0.000000 0.000000 0.000000 -0.008679 0.999962
63.378735542 0.238446 1.002029 0.000000 0.000000 0.000000 -0.008676 0.999962
63.429337263 0.248275 1.001552 0.000000 0.000000 0.000000 -0.008640 0.999963
63.507558107 0.263135 1.002056 0.000000 0.000000 0.000000 -0.008479 0.999964
63.561244726 0.273440 1.002019 0.000000 0.000000 0.000000 -0.008374 0.999965
63.651183605 0.290736 1.001644 0.000000 0.000000 0.000000 -0.008199 0.999966
63.722069025 0.304901 1.000406 0.000000 0.000000 0.000000 -0.008267 0.999966
63.818211794 0.323812 0.999785 0.000000 0.000000 0.000000 -0.008373 0.999965
63.867984533 0.332991 0.999760 0.000000 0.000000 0.000000 -0.008335 0.999965
63.954170942 0.350347 0.999500 0.000000 0.000000 0.000000 -0.008201 0.999966
64.007827759 0.360894 0.999271 0.000000 0.000000 0.000000 -0.008121 0.999967
64.098969221 0.378956 0.999287 0.000000 0.000000 0.000000 -0.008297 0.999966
64.150251389 0.388279 0.998685 0.000000 0.000000 0.000000 -0.008297 0.999966
64.240028858 0.406930 0.999028 0.000000 0.000000 0.000000 -0.008217 0.999966
64.291742325 0.417033 0.999511 0.000000 0.000000 0.000000 -0.008223 0.999966
64.384911537 0.435633 0.999057 0.000000 0.000000 0.000000 -0.008358 0.999965
64.438662767 0.446214 0.997956 0.000000 0.000000 0.000000 -0.008444 0.999964
64.529100657 0.464106 0.997605 0.000000 0.000000 0.000000 -0.008527 0.999964
64.581606388 0.473610 0.997391 0.000000 0.000000 0.000000 -0.008800 0.999961
64.666499376 0.489621 0.997186 0.000000 0.000000 0.000000 -0.008625 0.999963
64.719514608 0.499245 0.996964 0.000000 0.000000 0.000000 -0.008840 0.999961
64.801486015 0.515258 0.997291 0.000000 0.000000 0.000000 -0.008770 0.999962
64.853920698 0.525671 0.996632 0.000000 0.000000 0.000000 -0.008972 0.999960
64.943417788 0.543534 0.997381 0.000000 0.000000 0.000000 -0.009015 0.999959
64.995023489 0.554087 0.997272 0.000000 0.000000 0.000000 -0.008771 0.999962
65.076430798 0.569933 0.997079 0.000000 0.000000 0.000000 -0.008728 0.999962
65.137303352 0.582340 0.997496 0.000000 0.000000 0.000000 -0.008461 0.999964
65.235720634 0.601070 0.996836 0.000000 0.000000 0.000000 -0.008421 0.999965
65.286878586 0.610550 0.996771 0.000000 0.000000 0.000000 -0.008477 0.999964
65.388996363 0.630262 0.995594 0.000000 0.000000 0.000000 -0.008448 0.999964
65.443364143 0.640339 0.994735 0.000000 0.000000 0.000000 -0.008479 0.999964
65.533442974 0.657451 0.995088 0.000000 0.000000 0.000000 -0.008436 0.999964
65.583643198 0.667750 0.994275 0.000000 0.000000 0.000000 -0.008265 0.999966
65.666572094 0.683756 0.994562 0.000000 0.000000 0.000000 -0.008317 0.999965
65.718314648 0.693873 0.994305 0.000000 0.000000 0.000000 -0.008482 0.999964
65.813969851 0.712252 0.993076 0.000000 0.000000 0.000000 -0.008588 0.999963
65.860479355 0.721919 0.993231 0.000000 0.000000 0.000000 -0.008658 0.999963
65.949100494 0.739995 0.993409 0.000000 0.000000 0.000000 -0.008471 0.999964
66.006313324 0.751896 0.994019 0.000000 0.000000 0.000000 -0.008306 0.999966
66.091695070 0.769076 0.993872 0.000000 0.000000 0.000000 -0.008476 0.999964
66.150105000 0.781108 0.993341 0.000000 0.000000 0.000000 -0.008523 0.999964
66.245607138 0.799635 0.993236 0.000000 0.000000 0.000000 -0.008352 0.999965
66.289936066 0.808486 0.992439 0.000000 0.000000 0.000000 -0.008477 0.999964
66.374847174 0.825783 0.990782 0.000000 0.000000 0.000000 -0.008592 0.999963
66.427448988 0.836092 0.990600 0.000000 0.000000 0.000000 -0.008733 0.999962
66.515174389 0.853697 0.990660 0.000000 0.000000 0.000000 -0.008461 0.999964
66.565155268 0.863650 0.990613 0.000000 0.000000 0.000000 -0.008317 0.999965
66.668905973 0.883649 0.991189 0.000000 0.000000 0.000000 -0.008121 0.999967
66.720251560 0.892964 0.988092 0.000000 0.000000 0.000000 -0.008027 0.999968
66.818524122 0.912419 0.987529 0.000000 0.000000 0.000000 -0.008145 0.999967
66.862034321 0.920871 0.987742 0.000000 0.000000 0.000000 -0.008199 0.999966
66.948162079 0.937994 0.987894 0.000000 0.000000 0.000000 -0.008255 0.999966
66.998103142 0.948423 0.987503 0.000000 0.000000 0.000000 -0.008217 0.999966
67.100195885 0.968260 0.987361 0.000000 0.000000 0.000000 -0.008079 0.999967
67.157076359 0.980244 0.987619 0.000000 0.000000 0.000000 -0.008139 0.999967
67.269846916 1.001686 0.987613 0.000000 0.000000 0.000000 -0.008212 0.999966
67.325706720 1.012370 0.987344 0.000000 0.000000 0.000000 -0.008292 0.999966
67.417520761 1.031073 0.987779 0.000000 0.000000 0.000000 -0.008203 0.999966
67.475314379 1.042133 0.987592 0.000000 0.000000 0.000000 -0.008139 0.999967
67.587245464 1.064443 0.987515 0.000000 0.000000 0.000000 -0.007988 0.999968
67.657504320 1.077868 0.988082 0.000000 0.000000 0.000000 -0.007969 0.999968
67.744100571 1.095854 0.988116 0.000000 0.000000 0.000000 -0.007980 0.999968
67.809964418 1.109481 0.987149 0.000000 0.000000 0.000000 -0.008017 0.999968
67.907867193 1.129116 0.986154 0.000000 0.000000 0.000000 -0.008152 0.999967
67.955658197 1.138699 0.985768 0.000000 0.000000 0.000000 -0.008101 0.999967
68.043772697 1.156436 0.986081 0.000000 0.000000 0.000000 -0.008135 0.999967
68.092056751 1.166519 0.985716 0.000000 0.000000 0.000000 -0.008056 0.999968
68.198954105 1.187856 0.985700 0.000000 0.000000 0.000000 -0.008230 0.999966
68.239401817 1.195872 0.985870 0.000000 0.000000 0.000000 -0.008206 0.999966
68.334116697 1.215156 0.985853 0.000000 0.000000 0.000000 -0.008283 0.999966
68.393169165 1.227159 0.985351 0.000000 0.000000 0.000000 -0.008349 0.999965
68.488315105 1.246391 0.984590 0.000000 0.000000 0.000000 -0.008293 0.999966
68.548655272 1.258139 0.984603 0.000000 0.000000 0.000000 -0.008338 0.999965
68.628951550 1.273785 0.983885 0.000000 0.000000 0.000000 -0.008422 0.999965
68.688163757 1.286517 0.984158 0.000000 0.000000 0.000000 -0.008356 0.999965
68.771270037 1.303231 0.983748 0.000000 0.000000 0.000000 -0.008524 0.999964
68.824939728 1.314016 0.983822 0.000000 0.000000 0.000000 -0.008517 0.999964
68.927378178 1.334700 0.983008 0.000000 0.000000 0.000000 -0.008378 0.999965
68.988554239 1.347901 0.982283 0.000000 0.000000 0.000000 -0.008393 0.999965
69.091393948 1.368538 0.982891 0.000000 0.000000 0.000000 -0.008490 0.999964
69.142657280 1.378373 0.982792 0.000000 0.000000 0.000000 -0.008460 0.999964
69.226943970 1.395059 0.982137 0.000000 0.000000 0.000000 -0.008224 0.999966
69.291504383 1.408478 0.981100 0.000000 0.000000 0.000000 -0.008229 0.999966
69.395749092 1.428665 0.981323 0.000000 0.000000 0.000000 -0.008212 0.999966
69.444655418 1.437241 0.981145 0.000000 0.000000 0.000000 -0.008118 0.999967
69.543005466 1.456727 0.981393 0.000000 0.000000 0.000000 -0.008324 0.999965
69.595045090 1.466361 0.981338 0.000000 0.000000 0.000000 -0.008509 0.999964
69.695927858 1.485770 0.980875 0.000000 0.000000 0.000000 -0.008456 0.999964
69.753221989 1.496555 0.979970 0.000000 0.000000 0.000000 -0.008366 0.999965
69.852281094 1.515621 0.980125 0.000000 0.000000 0.000000 -0.008364 0.999965
69.909631014 1.526411 0.980696 0.000000 0.000000 0.000000 -0.008389 0.999965
70.003495455 1.545003 0.979752 0.000000 0.000000 0.000000 -0.008510 0.999964
70.055417776 1.555339 0.980109 0.000000 0.000000 0.000000 -0.008612 0.999963
70.137858391 1.571048 0.979460 0.000000 0.000000 0.000000 -0.008745 0.999962
70.199167728 1.583323 0.978838 0.000000 0.000000 0.000000 -0.008739 0.999962
70.302878618 1.603827 0.979054 0.000000 0.000000 0.000000 -0.008625 0.999963
70.369396687 1.616261 0.979573 0.000000 0.000000 0.000000 -0.008606 0.999963
70.461210728 1.634980 0.979760 0.000000 0.000000 0.000000 -0.008621 0.999963
70.509778738 1.644377 0.980528 0.000000 0.000000 0.000000 -0.008626 0.999963
70.599387646 1.662084 0.979927 0.000000 0.000000 0.000000 -0.008627 0.999963
70.656033039 1.672566 0.978689 0.000000 0.000000 0.000000 -0.008556 0.999963
70.768153429 1.694609 0.978497 0.000000 0.000000 0.000000 -0.008659 0.999963
70.815999985 1.703017 0.978130 0.000000 0.000000 0.000000 -0.008626 0.999963
70.900581121 1.719541 0.977074 0.000000 0.000000 0.000000 -0.008479 0.999964
70.955633402 1.730229 0.976066 0.000000 0.000000 0.000000 -0.008514 0.999964
71.042252779 1.748177 0.975584 0.000000 0.000000 0.000000 -0.008511 0.999964
71.103641987 1.760966 0.975826 0.000000 0.000000 0.000000 -0.008648 0.999963
71.186776161 1.777874 0.974496 0.000000 0.000000 0.000000 -0.008582 0.999963
71.250498533 1.790635 0.973864 0.000000 0.000000 0.000000 -0.008420 0.999965
71.341936827 1.796269 0.973773 0.000000 0.000000 0.000000 0.000401 1.000000
71.393325806 1.799330 0.973250 0.000000 0.000000 0.000000 0.005894 0.999983
71.487019539 1.804051 0.973648 0.000000 0.000000 0.000000 0.014963 0.999888
71.537977695 1.807085 0.973779 0.000000 0.000000 0.000000 0.020124 0.999797
71.626116753 1.811356 0.974096 0.000000 0.000000 0.000000 0.029039 0.999578
71.682151079 1.813777 0.974012 0.000000 0.000000 0.000000 0.034465 0.999406
71.763496399 1.817711 0.973723 0.000000 0.000000 0.000000 0.042732 0.999087
71.820455313 1.820573 0.974560 0.000000 0.000000 0.000000 0.048690 0.998814
71.918866396 1.824769 0.974679 0.000000 0.000000 0.000000 0.058527 0.998286
71.975845575 1.827047 0.975428 0.000000 0.000000 0.000000 0.063984 0.997951
72.068582535 1.832097 0.975731 0.000000 0.000000 0.000000 0.073041 0.997329
72.122643709 1.834426 0.975801 0.000000 0.000000 0.000000 0.078327 0.996928
72.217851877 1.852652 0.978684 0.000000 0.000000 0.000000 0.078637 0.996903
72.265589714 1.861715 0.980150 0.000000 0.000000 0.000000 0.078833 0.996888
72.354194641 1.879401 0.982270 0.000000 0.000000 0.000000 0.078863 0.996885
72.403216600 1.889306 0.984258 0.000000 0.000000 0.000000 0.078930 0.996880
72.504085302 1.908905 0.986729 0.000000 0.000000 0.000000 0.079175 0.996861
72.559812546 1.919067 0.988781 0.000000 0.000000 0.000000 0.079063 0.996870
72.641114473 1.934947 0.991211 0.000000 0.000000 0.000000 0.079515 0.996834
72.695553064 1.946692 0.994607 0.000000 0.000000 0.000000 0.079142 0.996863
72.784453154 1.964216 0.997572 0.000000 0.000000 0.000000 0.079113 0.996866
72.839464188 1.967179 0.999275 0.000000 0.000000 0.000000 0.084578 0.996417
72.931765556 1.971108 0.999755 0.000000 0.000000 0.000000 0.093837 0.995588
72.986810684 1.973458 1.000314 0.000000 0.000000 0.000000 0.099367 0.995051
73.071648121 1.977625 1.001112 0.000000 0.000000 0.000000 0.107748 0.994178
73.129702330 1.980673 1.001134 0.000000 0.000000 0.000000 0.113604 0.993526
73.227200508 1.984909 1.002859 0.000000 0.000000 0.000000 0.123209 0.992381
73.271549940 1.986284 1.002895 0.000000 0.000000 0.000000 0.127737 0.991808
73.365193605 2.004217 1.007725 0.000000 0.000000 0.000000 0.127969 0.991778
73.410813332 2.013259 1.010967 0.000000 0.000000 0.000000 0.128222 0.991746
73.495560646 2.029523 1.015464 0.000000 0.000000 0.000000 0.128093 0.991762
73.549853325 2.040406 1.018254 0.000000 0.000000 0.000000 0.128146 0.991755
73.635336399 2.057175 1.022355 0.000000 0.000000 0.000000 0.127917 0.991785
73.700213671 2.069807 1.025806 0.000000 0.000000 0.000000 0.127783 0.991802
73.794411182 2.087841 1.031072 0.000000 0.000000 0.000000 0.127501 0.991838
73.851395130 2.099591 1.035133 0.000000 0.000000 0.000000 0.127411 0.991850
73.934927464 2.116367 1.040533 0.000000 0.000000 0.000000 0.127303 0.991864
73.994324923 2.119699 1.040708 0.000000 0.000000 0.000000 0.133059 0.991108
74.076428652 2.122911 1.041499 0.000000 0.000000 0.000000 0.141093 0.989996
74.138641834 2.126487 1.042484 0.000000 0.000000 0.000000 0.147149 0.989114
74.232690811 2.130755 1.044252 0.000000 0.000000 0.000000 0.156235 0.987720
74.284757137 2.133458 1.045557 0.000000 0.000000 0.000000 0.161527 0.986868
74.368963718 2.136890 1.046667 0.000000 0.000000 0.000000 0.169981 0.985447
74.424954653 2.140015 1.046839 0.000000 0.000000 0.000000 0.175331 0.984510
74.512892008 2.144660 1.048218 0.000000 0.000000 0.000000 0.183753 0.982972
74.568120718 2.155379 1.051656 0.000000 0.000000 0.000000 0.183686 0.982985
74.659038782 2.171429 1.058242 0.000000 0.000000 0.000000 0.184004 0.982925
74.720528126 2.182975 1.062058 0.000000 0.000000 0.000000 0.184150 0.982898
74.807915449 2.199390 1.068754 0.000000 0.000000 0.000000 0.184088 0.982910
74.867791891 2.210204 1.074302 0.000000 0.000000 0.000000 0.184147 0.982899
74.956265450 2.226384 1.080965 0.000000 0.000000 0.000000 0.183919 0.982941
75.006022692 2.235711 1.084831 0.000000 0.000000 0.000000 0.183881 0.982949
75.093890429 2.251963 1.090888 0.000000 0.000000 0.000000 0.183916 0.982942
75.151803017 2.263416 1.095265 0.000000 0.000000 0.000000 0.183689 0.982984
75.237923384 2.279586 1.101855 0.000000 0.000000 0.000000 0.183877 0.982949
75.289012432 2.288641 1.105446 0.000000 0.000000 0.000000 0.184028 0.982921
75.377345324 2.305309 1.111882 0.000000 0.000000 0.000000 0.183980 0.982930
75.433693886 2.315590 1.117549 0.000000 0.000000 0.000000 0.183985 0.982929
75.537194490 2.334326 1.125355 0.000000 0.000000 0.000000 0.184174 0.982894
75.586070776 2.343510 1.129020 0.000000 0.000000 0.000000 0.184076 0.982912
75.689361572 2.363270 1.135888 0.000000 0.000000 0.000000 0.184231 0.982883
75.744805098 2.373764 1.139838 0.000000 0.000000 0.000000 0.184306 0.982869
75.826009274 2.388877 1.145167 0.000000 0.000000 0.000000 0.184231 0.982883
75.899021864 2.392705 1.146206 0.000000 0.000000 0.000000 0.191389 0.981514
75.992537260 2.396176 1.148185 0.000000 0.000000 0.000000 0.200495 0.979695
76.056124210 2.399539 1.150092 0.000000 0.000000 0.000000 0.206826 0.978378
76.141805172 2.403130 1.152103 0.000000 0.000000 0.000000 0.215308 0.976546
76.196712971 2.405497 1.152918 0.000000 0.000000 0.000000 0.220579 0.975369
76.279946327 2.409102 1.155358 0.000000 0.000000 0.000000 0.228579 0.973525
76.336917877 2.411077 1.156825 0.000000 0.000000 0.000000 0.234156 0.972199
76.431858301 2.415214 1.158818 0.000000 0.000000 0.000000 0.243251 0.969963
76.487337351 2.424239 1.163787 0.000000 0.000000 0.000000 0.243161 0.969986
76.576975346 2.439589 1.171771 0.000000 0.000000 0.000000 0.243153 0.969988
76.635664701 2.449822 1.177709 0.000000 0.000000 0.000000 0.243080 0.970006
76.736702204 2.466552 1.187153 0.000000 0.000000 0.000000 0.243106 0.970000
76.784813404 2.475161 1.190949 0.000000 0.000000 0.000000 0.243146 0.969990
76.872728825 2.490385 1.199946 0.000000 0.000000 0.000000 0.243102 0.970001
76.940669060 2.502230 1.206498 0.000000 0.000000 0.000000 0.243031 0.970018
77.039191484 2.519211 1.215554 0.000000 0.000000 0.000000 0.242846 0.970065
77.091496944 2.528801 1.220025 0.000000 0.000000 0.000000 0.242823 0.970071
77.178045034 2.533053 1.223260 0.000000 0.000000 0.000000 0.251325 0.967903
77.233334064 2.536142 1.224908 0.000000 0.000000 0.000000 0.256447 0.966558
77.321522951 2.540479 1.227875 0.000000 0.000000 0.000000 0.264904 0.964275
77.385615587 2.543435 1.228518 0.000000 0.000000 0.000000 0.270936 0.962597
77.482558012 2.559027 1.238976 0.000000 0.000000 0.000000 0.271216 0.962518
77.535058022 2.569009 1.244385 0.000000 0.000000 0.000000 0.271141 0.962540
77.635596514 2.586543 1.254345 0.000000 0.000000 0.000000 0.271083 0.962556
77.687636852 2.596260 1.259870 0.000000 0.000000 0.000000 0.271164 0.962533
77.783472538 2.612382 1.269952 0.000000 0.000000 0.000000 0.271185 0.962527
77.833787918 2.621019 1.275488 0.000000 0.000000 0.000000 0.271114 0.962547
77.940711260 2.639214 1.287471 0.000000 0.000000 0.000000 0.270962 0.962590
77.985099792 2.646952 1.291058 0.000000 0.000000 0.000000 0.270776 0.962642
78.074628830 2.663326 1.301195 0.000000 0.000000 0.000000 0.270860 0.962619
78.126539230 2.671481 1.306846 0.000000 0.000000 0.000000 0.270852 0.962621
78.225707769 2.675413 1.309649 0.000000 0.000000 0.000000 0.280581 0.959830
78.287621975 2.677892 1.312490 0.000000 0.000000 0.000000 0.286587 0.958054
78.371752024 2.690941 1.321946 0.000000 0.000000 0.000000 0.286731 0.958011
78.425225496 2.699794 1.328700 0.000000 0.000000 0.000000 0.287100 0.957901
78.525620699 2.716619 1.339610 0.000000 0.000000 0.000000 0.287059 0.957913
78.588539600 2.726929 1.345769 0.000000 0.000000 0.000000 0.286939 0.957949
78.670593977 2.740118 1.354539 0.000000 0.000000 0.000000 0.286903 0.957960
78.735427380 2.750787 1.361395 0.000000 0.000000 0.000000 0.286803 0.957990
78.827690363 2.766534 1.371351 0.000000 0.000000 0.000000 0.286684 0.958025
78.889282465 2.776570 1.377995 0.000000 0.000000 0.000000 0.286560 0.958062
78.986895561 2.792824 1.388984 0.000000 0.000000 0.000000 0.286482 0.958086
79.038242817 2.801609 1.394913 0.000000 0.000000 0.000000 0.286599 0.958051
79.133278370 2.806041 1.397802 0.000000 0.000000 0.000000 0.295642 0.955299
79.188038111 2.809365 1.399693 0.000000 0.000000 0.000000 0.300934 0.953645
79.274859905 2.813521 1.402416 0.000000 0.000000 0.000000 0.309178 0.951004
79.325020790 2.821597 1.408717 0.000000 0.000000 0.000000 0.309351 0.950948
79.419587612 2.837119 1.419558 0.000000 0.000000 0.000000 0.309452 0.950915
79.476016521 2.846174 1.426377 0.000000 0.000000 0.000000 0.309718 0.950828
79.572896481 2.861266 1.438323 0.000000 0.000000 0.000000 0.309708 0.950832
79.625355482 2.868485 1.445197 0.000000 0.000000 0.000000 0.309532 0.950889
79.715934038 2.884533 1.455084 0.000000 0.000000 0.000000 0.309419 0.950926
79.766192913 2.892608 1.460537 0.000000 0.000000 0.000000 0.309355 0.950947
79.851100206 2.906382 1.470479 0.000000 0.000000 0.000000 0.309205 0.950995
79.911969662 2.916209 1.477801 0.000000 0.000000 0.000000 0.309361 0.950945
80.005322218 2.930969 1.489457 0.000000 0.000000 0.000000 0.309398 0.950933
80.049822092 2.938423 1.494777 0.000000 0.000000 0.000000 0.309518 0.950894
80.144307137 2.953733 1.506319 0.000000 0.000000 0.000000 0.309527 0.950891
80.194717646 2.962045 1.513088 0.000000 0.000000 0.000000 0.309389 0.950935
80.283586025 2.965439 1.515987 0.000000 0.000000 0.000000 0.317645 0.948210
80.339012861 2.967726 1.517245 0.000000 0.000000 0.000000 0.322684 0.946507
80.432806969 2.970681 1.520000 0.000000 0.000000 0.000000 0.331555 0.943436
80.481657505 2.971851 1.522176 0.000000 0.000000 0.000000 0.336241 0.941776
80.570667744 2.974651 1.524899 0.000000 0.000000 0.000000 0.344747 0.938695
80.629180193 2.977371 1.527794 0.000000 0.000000 0.000000 0.350263 0.936651
80.725515127 2.981564 1.530345 0.000000 0.000000 0.000000 0.359339 0.933207
80.785824299 2.983987 1.532349 0.000000 0.000000 0.000000 0.365046 0.930990
80.885531425 2.988441 1.536535 0.000000 0.000000 0.000000 0.374086 0.927394
80.931448936 2.989844 1.538547 0.000000 0.000000 0.000000 0.378394 0.925645
81.023196459 3.002069 1.550793 0.000000 0.000000 0.000000 0.378439 0.925626
81.074112654 3.009418 1.557516 0.000000 0.000000 0.000000 0.378617 0.925553
81.169610262 3.022121 1.571751 0.000000 0.000000 0.000000 0.378609 0.925557
81.221564293 3.029977 1.579478 0.000000 0.000000 0.000000 0.378517 0.925595
81.317089081 3.043448 1.592830 0.000000 0.000000 0.000000 0.378447 0.925623
81.373459816 3.051801 1.600927 0.000000 0.000000 0.000000 0.378448 0.925622
81.468533754 3.065185 1.614026 0.000000 0.000000 0.000000 0.378389 0.925647
81.523016691 3.072922 1.621335 0.000000 0.000000 0.000000 0.378402 0.925641
81.598726511 3.083179 1.631827 0.000000 0.000000 0.000000 0.378310 0.925679
81.657386780 3.086381 1.634297 0.000000 0.000000 0.000000 0.383630 0.923487
81.743980408 3.089619 1.636780 0.000000 0.000000 0.000000 0.391487 0.920184
81.802433014 3.091068 1.639255 0.000000 0.000000 0.000000 0.396693 0.917951
81.892469883 3.094434 1.642632 0.000000 0.000000 0.000000 0.405083 0.914280
81.951400280 3.096040 1.644255 0.000000 0.000000 0.000000 0.410371 0.911919
82.051398516 3.099646 1.648774 0.000000 0.000000 0.000000 0.419214 0.907888
82.098116398 3.101384 1.651089 0.000000 0.000000 0.000000 0.423553 0.905871
82.188131332 3.112868 1.665257 0.000000 0.000000 0.000000 0.423599 0.905850
82.248149872 3.120530 1.673898 0.000000 0.000000 0.000000 0.423743 0.905782
82.336132288 3.132117 1.687186 0.000000 0.000000 0.000000 0.423791 0.905760
82.396090031 3.141319 1.696595 0.000000 0.000000 0.000000 0.423757 0.905776
82.493404388 3.154177 1.710818 0.000000 0.000000 0.000000 0.423773 0.905768
82.545469284 3.161859 1.719587 0.000000 0.000000 0.000000 0.423662 0.905820
82.645762682 3.174426 1.735028 0.000000 0.000000 0.000000 0.423608 0.905846
82.703368902 3.181977 1.744260 0.000000 0.000000 0.000000 0.423716 0.905795
82.786747932 3.191347 1.756078 0.000000 0.000000 0.000000 0.423657 0.905823
82.854153395 3.200067 1.766301 0.000000 0.000000 0.000000 0.423477 0.905907
82.943068027 3.212505 1.779576 0.000000 0.000000 0.000000 0.423169 0.906051
83.009804964 3.222165 1.790635 0.000000 0.000000 0.000000 0.423091 0.906087
83.085191727 3.232543 1.802789 0.000000 0.000000 0.000000 0.423072 0.906096
83.153803349 3.241533 1.814463 0.000000 0.000000 0.000000 0.423163 0.906054
83.241653681 3.252624 1.827895 0.000000 0.000000 0.000000 0.423405 0.905941
83.297069788 3.254640 1.830477 0.000000 0.000000 0.000000 0.428025 0.903767
83.389735460 3.258360 1.833583 0.000000 0.000000 0.000000 0.436406 0.899750
83.453119040 3.260898 1.835530 0.000000 0.000000 0.000000 0.441999 0.897015
83.537900448 3.264149 1.838452 0.000000 0.000000 0.000000 0.449578 0.893241
83.597048283 3.264780 1.840546 0.000000 0.000000 0.000000 0.454893 0.890546
83.717325926 3.269025 1.845562 0.000000 0.000000 0.000000 0.465687 0.884950
83.749479055 3.269558 1.846330 0.000000 0.000000 0.000000 0.468629 0.883395
83.838826418 3.271597 1.850648 0.000000 0.000000 0.000000 0.476526 0.879160
83.901724577 3.271119 1.852926 0.000000 0.000000 0.000000 0.482078 0.876128
83.992516994 3.273291 1.856895 0.000000 0.000000 0.000000 0.489967 0.871741
84.051721573 3.275088 1.859031 0.000000 0.000000 0.000000 0.495161 0.868801
84.156426907 3.277711 1.862654 0.000000 0.000000 0.000000 0.504238 0.863565
84.200500965 3.278449 1.865051 0.000000 0.000000 0.000000 0.508216 0.861230
84.283172131 3.286927 1.879997 0.000000 0.000000 0.000000 0.508435 0.861100
84.341853619 3.292482 1.890240 0.000000 0.000000 0.000000 0.508449 0.861092
84.440338135 3.302088 1.907042 0.000000 0.000000 0.000000 0.508516 0.861052
84.490278244 3.307098 1.916332 0.000000 0.000000 0.000000 0.508613 0.860995
84.590413809 3.316242 1.933469 0.000000 0.000000 0.000000 0.508771 0.860902
84.637861252 3.317713 1.935636 0.000000 0.000000 0.000000 0.512828 0.858491
84.731191397 3.319814 1.939897 0.000000 0.000000 0.000000 0.520667 0.853760
84.795961142 3.320821 1.943073 0.000000 0.000000 0.000000 0.526232 0.850341
84.885035038 3.322261 1.947215 0.000000 0.000000 0.000000 0.533992 0.845489
84.942189693 3.327351 1.957797 0.000000 0.000000 0.000000 0.534055 0.845450
85.035698891 3.333965 1.973842 0.000000 0.000000 0.000000 0.534196 0.845361
85.087255955 3.338472 1.982635 0.000000 0.000000 0.000000 0.534069 0.845441
85.177431345 3.345909 1.998455 0.000000 0.000000 0.000000 0.534009 0.845479
85.234461546 3.351074 2.008934 0.000000 0.000000 0.000000 0.533998 0.845486
85.317269802 3.358046 2.024407 0.000000 0.000000 0.000000 0.534015 0.845475
85.371974707 3.363148 2.034169 0.000000 0.000000 0.000000 0.534033 0.845464
85.478625298 3.364952 2.038024 0.000000 0.000000 0.000000 0.543189 0.839611
85.528799295 3.365791 2.040538 0.000000 0.000000 0.000000 0.547463 0.836830
85.623463392 3.367974 2.044686 0.000000 0.000000 0.000000 0.555269 0.831671
85.673765659 3.368200 2.047393 0.000000 0.000000 0.000000 0.559503 0.828828
85.763669968 3.374737 2.063330 0.000000 0.000000 0.000000 0.559500 0.828830
85.820935726 3.377816 2.073555 0.000000 0.000000 0.000000 0.559612 0.828755
85.910727024 3.384207 2.090380 0.000000 0.000000 0.000000 0.559549 0.828797
85.964876890 3.388562 2.099362 0.000000 0.000000 0.000000 0.559394 0.828902
86.051109076 3.394947 2.116336 0.000000 0.000000 0.000000 0.559392 0.828903
86.103527308 3.398503 2.126135 0.000000 0.000000 0.000000 0.559237 0.829008
86.201452255 3.405441 2.144163 0.000000 0.000000 0.000000 0.559128 0.829081
86.242657185 3.407563 2.151682 0.000000 0.000000 0.000000 0.559002 0.829166
86.334985495 3.414906 2.167830 0.000000 0.000000 0.000000 0.558835 0.829279
86.382092714 3.415057 2.170189 0.000000 0.000000 0.000000 0.562849 0.826559
86.472083092 3.416569 2.175199 0.000000 0.000000 0.000000 0.570279 0.821451
86.523828268 3.417593 2.178804 0.000000 0.000000 0.000000 0.574378 0.818590
86.615870237 3.418408 2.183482 0.000000 0.000000 0.000000 0.581736 0.813378
86.670076370 3.419500 2.185906 0.000000 0.000000 0.000000 0.586139 0.810210
86.774803400 3.425547 2.205492 0.000000 0.000000 0.000000 0.586278 0.810110
86.820199966 3.428500 2.214631 0.000000 0.000000 0.000000 0.586540 0.809920
86.919469357 3.434120 2.232454 0.000000 0.000000 0.000000 0.586683 0.809817
86.967871189 3.437434 2.242414 0.000000 0.000000 0.000000 0.586627 0.809857
87.056761026 3.442831 2.259727 0.000000 0.000000 0.000000 0.586623 0.809860
87.109259605 3.445604 2.269370 0.000000 0.000000 0.000000 0.586470 0.809971
87.192007065 3.451525 2.285051 0.000000 0.000000 0.000000 0.586356 0.810054
87.253980637 3.455277 2.296565 0.000000 0.000000 0.000000 0.586383 0.810034
87.349741697 3.456123 2.301005 0.000000 0.000000 0.000000 0.593918 0.804526
87.405018091 3.457177 2.304552 0.000000 0.000000 0.000000 0.598194 0.801351
87.485984564 3.458061 2.307952 0.000000 0.000000 0.000000 0.604723 0.796436
87.543567896 3.458326 2.309482 0.000000 0.000000 0.000000 0.609501 0.792785
87.634330273 3.458769 2.313270 0.000000 0.000000 0.000000 0.616652 0.787236
87.686902761 3.459111 2.316829 0.000000 0.000000 0.000000 0.620906 0.783885
87.787247896 3.459491 2.321784 0.000000 0.000000 0.000000 0.628631 0.777704
87.837472916 3.460872 2.331791 0.000000 0.000000 0.000000 0.628697 0.777650
87.916748285 3.463903 2.347890 0.000000 0.000000 0.000000 0.628651 0.777688
87.986268759 3.466002 2.361714 0.000000 0.000000 0.000000 0.628679 0.777665
88.086726427 3.470110 2.381700 0.000000 0.000000 0.000000 0.628553 0.777767
88.150101423 3.472161 2.395056 0.000000 0.000000 0.000000 0.628644 0.777693
88.240933418 3.472926 2.398823 0.000000 0.000000 0.000000 0.635604 0.772015
88.297403812 3.472726 2.400894 0.000000 0.000000 0.000000 0.639748 0.768585
88.386169910 3.473825 2.405196 0.000000 0.000000 0.000000 0.646266 0.763113
88.450335503 3.473895 2.408543 0.000000 0.000000 0.000000 0.651049 0.759035
88.535275698 3.475137 2.413014 0.000000 0.000000 0.000000 0.657261 0.753663
88.605426788 3.476076 2.416721 0.000000 0.000000 0.000000 0.662562 0.749007
88.683759212 3.476484 2.420056 0.000000 0.000000 0.000000 0.668357 0.743841
88.750116110 3.478194 2.433238 0.000000 0.000000 0.000000 0.668471 0.743738
88.851769447 3.479820 2.453866 0.000000 0.000000 0.000000 0.668405 0.743797
88.916266441 3.480922 2.466431 0.000000 0.000000 0.000000 0.668337 0.743859
89.002526760 3.483413 2.483721 0.000000 0.000000 0.000000 0.668372 0.743827
89.057895184 3.483732 2.495046 0.000000 0.000000 0.000000 0.668460 0.743748
89.140100241 3.485151 2.511700 0.000000 0.000000 0.000000 0.668339 0.743856
89.195465088 3.485269 2.515498 0.000000 0.000000 0.000000 0.672226 0.740346
89.289087772 3.483040 2.520661 0.000000 0.000000 0.000000 0.678857 0.734271
89.344048738 3.483621 2.524058 0.000000 0.000000 0.000000 0.682784 0.730620
89.440391302 3.483367 2.528734 0.000000 0.000000 0.000000 0.689816 0.723985
89.492968559 3.483661 2.530993 0.000000 0.000000 0.000000 0.693560 0.720398
89.607647657 3.483950 2.553447 0.000000 0.000000 0.000000 0.693827 0.720142
89.672281504 3.484875 2.567146 0.000000 0.000000 0.000000 0.693754 0.720212
89.768073082 3.485981 2.586114 0.000000 0.000000 0.000000 0.693741 0.720224
89.829360723 3.486272 2.598270 0.000000 0.000000 0.000000 0.693805 0.720163
89.918611765 3.486441 2.615907 0.000000 0.000000 0.000000 0.693838 0.720131
89.983339548 3.486912 2.628968 0.000000 0.000000 0.000000 0.693750 0.720216
90.075467348 3.487162 2.646809 0.000000 0.000000 0.000000 0.693846 0.720123
90.136802912 3.488100 2.660278 0.000000 0.000000 0.000000 0.693709 0.720255
90.217718840 3.489598 2.675461 0.000000 0.000000 0.000000 0.693683 0.720280
90.282570362 3.490171 2.687951 0.000000 0.000000 0.000000 0.693582 0.720378
90.377734184 3.490308 2.706981 0.000000 0.000000 0.000000 0.693670 0.720293
90.428593874 3.491254 2.716901 0.000000 0.000000 0.000000 0.693691 0.720273
90.510604858 3.492077 2.733421 0.000000 0.000000 0.000000 0.693626 0.720335
90.568803549 3.493230 2.745570 0.000000 0.000000 0.000000 0.693652 0.720310
90.669097900 3.494051 2.764815 0.000000 0.000000 0.000000 0.693636 0.720325
90.734403133 3.495055 2.777611 0.000000 0.000000 0.000000 0.693669 0.720294
90.817264557 3.495873 2.793970 0.000000 0.000000 0.000000 0.693543 0.720416
90.874949217 3.496391 2.805323 0.000000 0.000000 0.000000 0.693416 0.720538
90.977848291 3.497082 2.825831 0.000000 0.000000 0.000000 0.693522 0.720436
91.038990498 3.497297 2.837707 0.000000 0.000000 0.000000 0.693485 0.720471
91.132968187 3.498337 2.856776 0.000000 0.000000 0.000000 0.693542 0.720416
91.184181929 3.498696 2.866952 0.000000 0.000000 0.000000 0.693458 0.720497
91.277483940 3.499236 2.886239 0.000000 0.000000 0.000000 0.693572 0.720387
91.333750963 3.498620 2.897937 0.000000 0.000000 0.000000 0.693601 0.720359
91.435931683 3.499287 2.917309 0.000000 0.000000 0.000000 0.693607 0.720354
91.490885019 3.499993 2.928307 0.000000 0.000000 0.000000 0.693526 0.720432
91.596405983 3.501313 2.949541 0.000000 0.000000 0.000000 0.693444 0.720511
91.657889366 3.501618 2.961220 0.000000 0.000000 0.000000 0.693456 0.720499
91.744920015 3.502359 2.978032 0.000000 0.000000 0.000000 0.693634 0.720328
91.803375244 3.502799 2.989707 0.000000 0.000000 0.000000 0.693668 0.720295
91.889576912 3.503312 3.007002 0.000000 0.000000 0.000000 0.693801 0.720167
91.950321198 3.504730 3.019092 0.000000 0.000000 0.000000 0.693626 0.720335
92.040585995 3.505183 3.036743 0.000000 0.000000 0.000000 0.693685 0.720279
92.095539570 3.506054 3.046832 0.000000 0.000000 0.000000 0.693693 0.720271
92.180634975 3.506913 3.064528 0.000000 0.000000 0.000000 0.693768 0.720198
92.233907700 3.507800 3.074651 0.000000 0.000000 0.000000 0.694020 0.719956
92.324627161 3.508476 3.090906 0.000000 0.000000 0.000000 0.694070 0.719908
92.377721786 3.509661 3.101022 0.000000 0.000000 0.000000 0.694120 0.719859
92.477380037 3.510017 3.120748 0.000000 0.000000 0.000000 0.693971 0.720003
92.527386665 3.509883 3.130708 0.000000 0.000000 0.000000 0.693996 0.719979
92.615924358 3.510153 3.148263 0.000000 0.000000 0.000000 0.694123 0.719857
92.672314167 3.511010 3.160386 0.000000 0.000000 0.000000 0.694176 0.719806
92.773890257 3.511739 3.181112 0.000000 0.000000 0.000000 0.694153 0.719828
92.833395958 3.512250 3.192659 0.000000 0.000000 0.000000 0.694088 0.719890
92.924817085 3.512744 3.210987 0.000000 0.000000 0.000000 0.694185 0.719796
92.988978386 3.513979 3.222380 0.000000 0.000000 0.000000 0.694095 0.719884
93.100240469 3.514915 3.244362 0.000000 0.000000 0.000000 0.694086 0.719892
93.152472734 3.515111 3.254046 0.000000 0.000000 0.000000 0.694039 0.719937
93.248969555 3.517250 3.272103 0.000000 0.000000 0.000000 0.693957 0.720016
93.302347898 3.516027 3.282489 0.000000 0.000000 0.000000 0.693895 0.720076
93.402684212 3.516367 3.302040 0.000000 0.000000 0.000000 0.693978 0.719996
93.454676867 3.517049 3.311386 0.000000 0.000000 0.000000 0.694037 0.719939
93.552758694 3.517952 3.329462 0.000000 0.000000 0.000000 0.694100 0.719878
93.613630056 3.518039 3.341870 0.000000 0.000000 0.000000 0.694151 0.719829
93.707502604 3.519171 3.359866 0.000000 0.000000 0.000000 0.693983 0.719991
93.764230251 3.520287 3.371627 0.000000 0.000000 0.000000 0.693912 0.720060
93.873910427 3.520451 3.392934 0.000000 0.000000 0.000000 0.693947 0.720026
93.914932251 3.521397 3.401800 0.000000 0.000000 0.000000 0.693824 0.720145
94.005584240 3.522818 3.419678 0.000000 0.000000 0.000000 0.693709 0.720256
94.060539484 3.522371 3.428992 0.000000 0.000000 0.000000 0.693747 0.720218
94.156020403 3.523012 3.448535 0.000000 0.000000 0.000000 0.693631 0.720330
94.210253716 3.523359 3.460119 0.000000 0.000000 0.000000 0.693729 0.720236
94.306135893 3.524845 3.478933 0.000000 0.000000 0.000000 0.693866 0.720104
94.372974396 3.525909 3.492167 0.000000 0.000000 0.000000 0.693890 0.720081
94.471097946 3.526873 3.512039 0.000000 0.000000 0.000000 0.693932 0.720040
94.529613972 3.527667 3.523921 0.000000 0.000000 0.000000 0.694054 0.719923
94.627149820 3.528134 3.542875 0.000000 0.000000 0.000000 0.693959 0.720015
94.671769142 3.529041 3.551919 0.000000 0.000000 0.000000 0.693887 0.720084
94.763330460 3.529912 3.570039 0.000000 0.000000 0.000000 0.694063 0.719915
94.822440624 3.530543 3.581157 0.000000 0.000000 0.000000 0.694016 0.719960
94.912670851 3.532287 3.598088 0.000000 0.000000 0.000000 0.694127 0.719852
94.978972197 3.533809 3.611186 0.000000 0.000000 0.000000 0.694570 0.719425
95.068254471 3.534387 3.629036 0.000000 0.000000 0.000000 0.694475 0.719517
95.123470068 3.534930 3.639734 0.000000 0.000000 0.000000 0.694353 0.719634
95.210581541 3.535924 3.657194 0.000000 0.000000 0.000000 0.694294 0.719691
95.261231899 3.536448 3.667409 0.000000 0.000000 0.000000 0.694181 0.719801
95.358219862 3.537701 3.686163 0.000000 0.000000 0.000000 0.694147 0.719834
95.405269146 3.538465 3.695556 0.000000 0.000000 0.000000 0.694236 0.719747
95.495450497 3.537124 3.695471 0.000000 0.000000 0.000000 0.694197 0.719785
95.556711435 3.537404 3.695349 0.000000 0.000000 0.000000 0.694145 0.719835
95.654532194 3.536679 3.695819 0.000000 0.000000 0.000000 0.694130 0.719850
95.718507051 3.536751 3.696797 0.000000 0.000000 0.000000 0.694127 0.719852
95.809733868 3.536803 3.696465 0.000000 0.000000 0.000000 0.694277 0.719708
95.869915009 3.536995 3.695665 0.000000 0.000000 0.000000 0.694393 0.719596
95.968504429 3.537296 3.695623 0.000000 0.000000 0.000000 0.694520 0.719474
96.013655424 3.537672 3.695616 0.000000 0.000000 0.000000 0.694455 0.719536
96.105460644 3.537967 3.696530 0.000000 0.000000 0.000000 0.694463 0.719529
96.151817083 3.538041 3.696320 0.000000 0.000000 0.000000 0.694592 0.719404
96.249305487 3.538044 3.696179 0.000000 0.000000 0.000000 0.694546 0.719448
96.313171148 3.537760 3.696383 0.000000 0.000000 0.000000 0.694549 0.719445
96.411842108 3.537969 3.696149 0.000000 0.000000 0.000000 0.694442 0.719548
96.483254194 3.538524 3.696404 0.000000 0.000000 0.000000 0.694468 0.719524
96.576039553 3.537485 3.696576 0.000000 0.000000 0.000000 0.694573 0.719422
96.634468794 3.537665 3.695997 0.000000 0.000000 0.000000 0.694625 0.719372
96.723625898 3.537165 3.696049 0.000000 0.000000 0.000000 0.694654 0.719344
96.781600475 3.537279 3.696412 0.000000 0.000000 0.000000 0.694665 0.719333
96.866395235 3.536817 3.696707 0.000000 0.000000 0.000000 0.694739 0.719262
96.921135187 3.536659 3.695999 0.000000 0.000000 0.000000 0.694914 0.719092
97.019036293 3.536321 3.696221 0.000000 0.000000 0.000000 0.694912 0.719095
97.060910940 3.536023 3.696591 0.000000 0.000000 0.000000 0.694942 0.719066
97.153807163 3.535987 3.696447 0.000000 0.000000 0.000000 0.695010 0.719000
97.211027622 3.535365 3.696313 0.000000 0.000000 0.000000 0.695010 0.719000
97.305245876 3.535154 3.695506 0.000000 0.000000 0.000000 0.695053 0.718958
97.364989996 3.535278 3.694564 0.000000 0.000000 0.000000 0.695066 0.718946
97.465471268 3.535285 3.695324 0.000000 0.000000 0.000000 0.695113 0.718900
97.531141281 3.536107 3.694094 0.000000 0.000000 0.000000 0.695098 0.718915
97.607466698 3.535906 3.693641 0.000000 0.000000 0.000000 0.695035 0.718976
97.670571327 3.535492 3.693217 0.000000 0.000000 0.000000 0.695119 0.718895
97.761371374 3.535188 3.694069 0.000000 0.000000 0.000000 0.695024 0.718986
97.826786518 3.535828 3.694034 0.000000 0.000000 0.000000 0.695065 0.718947
97.904732704 3.536381 3.693452 0.000000 0.000000 0.000000 0.695036 0.718975
97.972033739 3.538121 3.694159 0.000000 0.000000 0.000000 0.695090 0.718923
98.065672398 3.537966 3.693909 0.000000 0.000000 0.000000 0.695054 0.718958
98.120881319 3.538460 3.693822 0.000000 0.000000 0.000000 0.694986 0.719023
98.209275961 3.538129 3.693555 0.000000 0.000000 0.000000 0.695122 0.718892
98.266049623 3.538630 3.693638 0.000000 0.000000 0.000000 0.695265 0.718754
98.353181839 3.539139 3.693869 0.000000 0.000000 0.000000 0.695427 0.718597
98.403073549 3.539609 3.693739 0.000000 0.000000 0.000000 0.695364 0.718658
98.490382910 3.539412 3.695196 0.000000 0.000000 0.000000 0.695422 0.718601
98.542252064 3.540337 3.694662 0.000000 0.000000 0.000000 0.695367 0.718655
98.624454260 3.540775 3.694475 0.000000 0.000000 0.000000 0.695214 0.718803
98.685510397 3.540891 3.693968 0.000000 0.000000 0.000000 0.695218 0.718799
98.779605627 3.540815 3.693410 0.000000 0.000000 0.000000 0.695237 0.718781
98.838194609 3.540718 3.693331 0.000000 0.000000 0.000000 0.695212 0.718804
98.929908276 3.540367 3.693608 0.000000 0.000000 0.000000 0.695187 0.718829
98.986426353 3.540350 3.694428 0.000000 0.000000 0.000000 0.695196 0.718820
99.090990067 3.540968 3.694533 0.000000 0.000000 0.000000 0.695076 0.718936
99.137984037 3.540473 3.694426 0.000000 0.000000 0.000000 0.695167 0.718848
99.222180128 3.539698 3.694849 0.000000 0.000000 0.000000 0.695130 0.718884
99.274515629 3.539549 3.695895 0.000000 0.000000 0.000000 0.695197 0.718819
99.372492313 3.540113 3.696123 0.000000 0.000000 0.000000 0.695183 0.718833
99.430688858 3.540257 3.697459 0.000000 0.000000 0.000000 0.695084 0.718928
99.544572830 3.540080 3.697511 0.000000 0.000000 0.000000 0.695067 0.718945
99.586899042 3.540470 3.697650 0.000000 0.000000 0.000000 0.695154 0.718861
99.684531927 3.540821 3.697683 0.000000 0.000000 0.000000 0.695117 0.718897
99.732462883 3.540797 3.697258 0.000000 0.000000 0.000000 0.694867 0.719138
99.817482233 3.540619 3.696720 0.000000 0.000000 0.000000 0.694808 0.719195
99.865893364 3.541287 3.696732 0.000000 0.000000 0.000000 0.694834 0.719170
99.974117994 3.540821 3.697249 0.000000 0.000000 0.000000 0.695021 0.718990
100.008396149 3.541106 3.697671 0.000000 0.000000 0.000000 0.694913 0.719094
100.099959850 3.541181 3.697779 0.000000 0.000000 0.000000 0.694996 0.719014
100.157341719 3.540225 3.699044 0.000000 0.000000 0.000000 0.694994 0.719015
100.251402378 3.539893 3.699257 0.000000 0.000000 0.000000 0.694864 0.719142
100.296842813 3.540356 3.699409 0.000000 0.000000 0.000000 0.694725 0.719276
100.386153460 3.539514 3.699358 0.000000 0.000000 0.000000 0.694782 0.719221
100.438560963 3.540793 3.698185 0.000000 0.000000 0.000000 0.694880 0.719125
100.523025513 3.542298 3.698272 0.000000 0.000000 0.000000 0.694763 0.719239
100.578892708 3.543047 3.699532 0.000000 0.000000 0.000000 0.694861 0.719144
100.666844606 3.542659 3.698359 0.000000 0.000000 0.000000 0.694871 0.719135
100.717916250 3.542036 3.698626 0.000000 0.000000 0.000000 0.694719 0.719282
100.814438343 3.542180 3.698362 0.000000 0.000000 0.000000 0.694475 0.719517
100.859156370 3.542207 3.697992 0.000000 0.000000 0.000000 0.694418 0.719572
100.952885628 3.542199 3.697935 0.000000 0.000000 0.000000 0.694429 0.719561
101.000487804 3.542637 3.698551 0.000000 0.000000 0.000000 0.694424 0.719566
101.085479736 3.542554 3.698516 0.000000 0.000000 0.000000 0.694302 0.719684
101.136031866 3.542503 3.698658 0.000000 0.000000 0.000000 0.694279 0.719706
101.229514122 3.542520 3.698942 0.000000 0.000000 0.000000 0.694327 0.719660
101.274351120 3.542581 3.699187 0.000000 0.000000 0.000000 0.694187 0.719795
101.373620749 3.542620 3.698939 0.000000 0.000000 0.000000 0.694181 0.719801
101.426921129 3.543393 3.699048 0.000000 0.000000 0.000000 0.694285 0.719700
101.521782160 3.543878 3.699345 0.000000 0.000000 0.000000 0.694226 0.719757
101.570658922 3.544405 3.699927 0.000000 0.000000 0.000000 0.694096 0.719882
101.657437325 3.544626 3.699135 0.000000 0.000000 0.000000 0.694097 0.719882
101.713495970 3.544362 3.699103 0.000000 0.000000 0.000000 0.694039 0.719937
101.799236774 3.544879 3.699999 0.000000 0.000000 0.000000 0.693957 0.720017
101.849389791 3.544931 3.699952 0.000000 0.000000 0.000000 0.694002 0.719973
101.945839167 3.545442 3.699364 0.000000 0.000000 0.000000 0.693989 0.719985
101.999189854 3.545025 3.699079 0.000000 0.000000 0.000000 0.694024 0.719952
102.086042404 3.544475 3.699281 0.000000 0.000000 0.000000 0.694039 0.719937
102.136522293 3.544870 3.699704 0.000000 0.000000 0.000000 0.694059 0.719918
102.221495152 3.544626 3.699483 0.000000 0.000000 0.000000 0.694025 0.719951
102.276251078 3.544306 3.699195 0.000000 0.000000 0.000000 0.694070 0.719908
102.367645025 3.545448 3.700375 0.000000 0.000000 0.000000 0.694119 0.719861
102.423708200 3.545341 3.700124 0.000000 0.000000 0.000000 0.694028 0.719948
102.525077105 3.545585 3.699772 0.000000 0.000000 0.000000 0.694041 0.719936
102.574762106 3.545429 3.700807 0.000000 0.000000 0.000000 0.694152 0.719829
102.674291134 3.545953 3.700313 0.000000 0.000000 0.000000 0.694279 0.719706
