56.000000000 0.000982 0.999277 0.000000 0.000000 0.000000 -0.003195 0.999995
56.092626333 0.002642 1.001855 0.000000 0.000000 0.000000 -0.006729 0.999977
56.136488199 0.006534 1.003460 0.000000 0.000000 0.000000 -0.006805 0.999977
56.234569073 0.007046 1.003800 0.000000 0.000000 0.000000 -0.006385 0.999980
56.291095257 0.008510 1.003242 0.000000 0.000000 0.000000 -0.006306 0.999980
56.384810448 0.009092 1.002713 0.000000 0.000000 0.000000 -0.006497 0.999979
56.432573795 0.009913 1.002232 0.000000 0.000000 0.000000 -0.006523 0.999979
56.517774343 0.010550 1.003064 0.000000 0.000000 0.000000 -0.006583 0.999978
56.566277504 0.011974 1.003730 0.000000 0.000000 0.000000 -0.006627 0.999978
56.658776283 0.011236 1.002951 0.000000 0.000000 0.000000 -0.006576 0.999978
56.719421625 0.010816 1.002177 0.000000 0.000000 0.000000 -0.006892 0.999976
56.806190968 0.010412 1.001380 0.000000 0.000000 0.000000 -0.006916 0.999976
56.859033823 0.009964 1.001218 0.000000 0.000000 0.000000 -0.007016 0.999975
56.956225157 0.009519 1.000393 0.000000 0.000000 0.000000 -0.007077 0.999975
56.992516994 0.009133 1.000359 0.000000 0.000000 0.000000 -0.006972 0.999976
57.085117579 0.008600 1.000229 0.000000 0.000000 0.000000 -0.006740 0.999977
57.135342836 0.007743 1.000012 0.000000 0.000000 0.000000 -0.006633 0.999978
57.226917267 0.007426 0.999809 0.000000 0.000000 0.000000 -0.006497 0.999979
57.280653477 0.007149 0.999429 0.000000 0.000000 0.000000 -0.006249 0.999980
57.376023293 0.006974 0.999260 0.000000 0.000000 0.000000 -0.006350 0.999980
57.421943903 0.006320 0.999148 0.000000 0.000000 0.000000 -0.006320 0.999980
57.506844759 0.006135 0.999419 0.000000 0.000000 0.000000 -0.006335 0.999980
57.561612844 0.006536 0.999337 0.000000 0.000000 0.000000 -0.006328 0.999980
57.661116600 0.007529 1.000113 0.000000 0.000000 0.000000 -0.006354 0.999980
57.713097334 0.007378 0.999485 0.000000 0.000000 0.000000 -0.006295 0.999980
57.818692207 0.006416 0.999670 0.000000 0.000000 0.000000 -0.006181 0.999981
57.857132435 0.007030 1.000033 0.000000 0.000000 0.000000 -0.006255 0.999980
57.942367077 0.006849 0.999202 0.000000 0.000000 0.000000 -0.006425 0.999979
57.993121147 0.006562 1.000330 0.000000 0.000000 0.000000 -0.006654 0.999978
58.084053516 0.006696 1.000178 0.000000 0.000000 0.000000 -0.006527 0.999979
58.134043932 0.006570 1.000867 0.000000 0.000000 0.000000 -0.006454 0.999979
58.226578236 0.007329 1.000530 0.000000 0.000000 0.000000 -0.006459 0.999979
58.278188705 0.006970 1.000924 0.000000 0.000000 0.000000 -0.006419 0.999979
58.375108480 0.006633 1.001072 0.000000 0.000000 0.000000 -0.006443 0.999979
58.432198524 0.007421 1.001419 0.000000 0.000000 0.000000 -0.006514 0.999979
58.513686180 0.007688 1.001990 0.000000 0.000000 0.000000 -0.006520 0.999979
58.577755451 0.007699 1.001157 0.000000 0.000000 0.000000 -0.006289 0.999980
58.663658381 0.007520 1.001661 0.000000 0.000000 0.000000 -0.006293 0.999980
58.721382856 0.007705 1.001757 0.000000 0.000000 0.000000 -0.006077 0.999982
58.811643362 0.007849 1.001240 0.000000 0.000000 0.000000 -0.006064 0.999982
58.859117508 0.007479 1.001729 0.000000 0.000000 0.000000 -0.006258 0.999980
58.954252720 0.007319 1.001836 0.000000 0.000000 0.000000 -0.006286 0.999980
59.016629219 0.006841 1.001431 0.000000 0.000000 0.000000 -0.006345 0.999980
59.106379747 0.006454 1.001905 0.000000 0.000000 0.000000 -0.006360 0.999980
59.158839226 0.006591 1.001695 0.000000 0.000000 0.000000 -0.006101 0.999981
59.239713192 0.006683 1.002036 0.000000 0.000000 0.000000 -0.005915 0.999983
59.295119047 0.006506 1.002483 0.000000 0.000000 0.000000 -0.005690 0.999984
59.400145054 0.006089 1.002261 0.000000 0.000000 0.000000 -0.005695 0.999984
59.447155952 0.005939 1.001689 0.000000 0.000000 0.000000 -0.005639 0.999984
59.543852329 0.006791 1.000802 0.000000 0.000000 0.000000 -0.005586 0.999984
59.590034962 0.006342 1.000916 0.000000 0.000000 0.000000 -0.005461 0.999985
59.665421247 0.006768 1.001297 0.000000 0.000000 0.000000 -0.005375 0.999986
59.720851421 0.006725 1.001135 0.000000 0.000000 0.000000 -0.005453 0.999985
59.805132151 0.006169 1.000587 0.000000 0.000000 0.000000 -0.005423 0.999985
59.860359430 0.006154 0.999940 0.000000 0.000000 0.000000 -0.005378 0.999986
59.957119226 0.005233 0.999458 0.000000 0.000000 0.000000 -0.005277 0.999986
60.005816936 0.005429 1.000739 0.000000 0.000000 0.000000 -0.005321 0.999986
60.089397669 0.004992 1.000890 0.000000 0.000000 0.000000 -0.005161 0.999987
60.138172865 0.004440 1.000784 0.000000 0.000000 0.000000 -0.005360 0.999986
60.220950127 0.003724 1.001024 0.000000 0.000000 0.000000 -0.005318 0.999986
60.272440672 0.003280 1.001716 0.000000 0.000000 0.000000 -0.005539 0.999985
60.365985632 0.002985 1.002326 0.000000 0.000000 0.000000 -0.005622 0.999984
60.419920921 0.002548 1.002857 0.000000 0.000000 0.000000 -0.005495 0.999985
60.517887354 0.002790 1.003013 0.000000 0.000000 0.000000 -0.005533 0.999985
60.576246977 0.002490 1.003728 0.000000 0.000000 0.000000 -0.005461 0.999985
60.661265135 0.001905 1.003563 0.000000 0.000000 0.000000 -0.005433 0.999985
60.720116138 0.002237 1.003746 0.000000 0.000000 0.000000 -0.005684 0.999984
60.806773424 0.002218 1.004553 0.000000 0.000000 0.000000 -0.005748 0.999983
60.856551170 0.002189 1.003994 0.000000 0.000000 0.000000 -0.005717 0.999984
60.954911470 0.002504 1.004006 0.000000 0.000000 0.000000 -0.005734 0.999984
61.012297630 0.001508 1.004607 0.000000 0.000000 0.000000 -0.005760 0.999983
61.109639168 0.001354 1.005633 0.000000 0.000000 0.000000 -0.005893 0.999983
61.157109976 0.000736 1.006001 0.000000 0.000000 0.000000 -0.005822 0.999983
61.239634752 0.000741 1.005439 0.000000 0.000000 0.000000 -0.005791 0.999983
61.291578770 -0.000068 1.006445 0.000000 0.000000 0.000000 -0.005677 0.999984
61.377224922 -0.000471 1.006566 0.000000 0.000000 0.000000 -0.005606 0.999984
61.424571276 -0.000717 1.006475 0.000000 0.000000 0.000000 -0.005746 0.999983
61.517945051 -0.000178 1.006696 0.000000 0.000000 0.000000 -0.005959 0.999982
61.571182013 0.000565 1.006358 0.000000 0.000000 0.000000 -0.006156 0.999981
61.674693108 0.001034 1.006700 0.000000 0.000000 0.000000 -0.006195 0.999981
61.731230259 -0.000096 1.007421 0.000000 0.000000 0.000000 -0.006169 0.999981
61.823836803 -0.000604 1.007782 0.000000 0.000000 0.000000 -0.006047 0.999982
61.867137194 -0.000739 1.008510 0.000000 0.000000 0.000000 -0.006172 0.999981
61.957184315 -0.001002 1.009149 0.000000 0.000000 0.000000 -0.006268 0.999980
62.007257462 -0.000829 1.009075 0.000000 0.000000 0.000000 -0.006359 0.999980
62.096065044 -0.000498 1.008753 0.000000 0.000000 0.000000 -0.006364 0.999980
62.149833441 -0.000483 1.008500 0.000000 0.000000 0.000000 -0.006064 0.999982
62.231528997 0.014978 1.008141 0.000000 0.000000 0.000000 -0.006233 0.999981
62.288254261 0.024794 1.008190 0.000000 0.000000 0.000000 -0.006186 0.999981
62.372793436 0.041138 1.008298 0.000000 0.000000 0.000000 -0.006128 0.999981
62.437046528 0.053669 1.008271 0.000000 0.000000 0.000000 -0.006203 0.999981
62.518205643 0.070037 1.007813 0.000000 0.000000 0.000000 -0.006256 0.999980
62.573649645 0.080976 1.006268 0.000000 0.000000 0.000000 -0.006187 0.999981
62.658019066 0.098121 1.005282 0.000000 0.000000 0.000000 -0.006220 0.999981
62.708748341 0.107667 1.006215 0.000000 0.000000 0.000000 -0.006325 0.999980
62.802901506 0.125670 1.005938 0.000000 0.000000 0.000000 -0.006416 0.999979
62.862125397 0.136859 1.004330 0.000000 0.000000 0.000000 -0.006584 0.999978
62.944721937 0.152707 1.003493 0.000000 0.000000 0.000000 -0.006325 0.999980
63.001682520 0.163068 1.003155 0.000000 0.000000 0.000000 -0.006135 0.999981
63.096352816 0.182050 1.002604 0.000000 0.000000 0.000000 -0.006195 0.999981
63.140980959 0.190236 1.002590 0.000000 0.000000 0.000000 -0.006015 0.999982
63.224403381 0.206847 1.002131 0.000000 0.000000 0.000000 -0.006135 0.999981
63.278097630 0.217448 1.001275 0.000000 0.000000 0.000000 -0.006210 0.999981
63.378735542 0.235869 1.000723 0.000000 0.000000 0.000000 -0.006168 0.999981
63.429337263 0.244954 1.000742 0.000000 0.000000 0.000000 -0.006083 0.999981
63.507558107 0.260705 1.000883 0.000000 0.000000 0.000000 -0.006160 0.999981
63.561244726 0.270577 1.001184 0.000000 0.000000 0.000000 -0.006088 0.999981
63.651183605 0.287633 1.001203 0.000000 0.000000 0.000000 -0.006145 0.999981
63.722069025 0.300111 1.001099 0.000000 0.000000 0.000000 -0.006157 0.999981
63.818211794 0.318835 1.001364 0.000000 0.000000 0.000000 -0.006228 0.999981
63.867984533 0.328418 0.999551 0.000000 0.000000 0.000000 -0.006238 0.999981
63.954170942 0.344901 0.999068 0.000000 0.000000 0.000000 -0.006323 0.999980
64.007827759 0.355288 0.998680 0.000000 0.000000 0.000000 -0.006334 0.999980
64.098969221 0.373903 0.997671 0.000000 0.000000 0.000000 -0.006325 0.999980
64.150251389 0.382603 0.996424 0.000000 0.000000 0.000000 -0.006280 0.999980
64.240028858 0.399246 0.996194 0.000000 0.000000 0.000000 -0.006201 0.999981
64.291742325 0.409129 0.995657 0.000000 0.000000 0.000000 -0.005908 0.999983
64.384911537 0.427491 0.994780 0.000000 0.000000 0.000000 -0.005901 0.999983
64.438662767 0.437548 0.994073 0.000000 0.000000 0.000000 -0.005765 0.999983
64.529100657 0.455093 0.993693 0.000000 0.000000 0.000000 -0.005713 0.999984
64.581606388 0.465941 0.994205 0.000000 0.000000 0.000000 -0.005654 0.999984
64.666499376 0.481438 0.993890 0.000000 0.000000 0.000000 -0.005582 0.999984
64.719514608 0.491341 0.993902 0.000000 0.000000 0.000000 -0.005353 0.999986
64.801486015 0.505545 0.993141 0.000000 0.000000 0.000000 -0.005581 0.999984
64.853920698 0.515870 0.993119 0.000000 0.000000 0.000000 -0.005708 0.999984
64.943417788 0.532875 0.993041 0.000000 0.000000 0.000000 -0.005608 0.999984
64.995023489 0.542226 0.992802 0.000000 0.000000 0.000000 -0.005495 0.999985
65.076430798 0.558899 0.993335 0.000000 0.000000 0.000000 -0.005448 0.999985
65.137303352 0.570895 0.993890 0.000000 0.000000 0.000000 -0.005587 0.999984
65.235720634 0.589916 0.994007 0.000000 0.000000 0.000000 -0.005634 0.999984
65.286878586 0.600726 0.993641 0.000000 0.000000 0.000000 -0.005528 0.999985
65.388996363 0.620281 0.993849 0.000000 0.000000 0.000000 -0.005459 0.999985
65.443364143 0.631355 0.993472 0.000000 0.000000 0.000000 -0.005334 0.999986
65.533442974 0.649490 0.993743 0.000000 0.000000 0.000000 -0.005319 0.999986
65.583643198 0.658852 0.994474 0.000000 0.000000 0.000000 -0.005305 0.999986
65.666572094 0.674557 0.994131 0.000000 0.000000 0.000000 -0.005250 0.999986
65.718314648 0.684250 0.994760 0.000000 0.000000 0.000000 -0.005246 0.999986
65.813969851 0.702294 0.993902 0.000000 0.000000 0.000000 -0.005342 0.999986
65.860479355 0.711756 0.993970 0.000000 0.000000 0.000000 -0.005413 0.999985
65.949100494 0.727950 0.994215 0.000000 0.000000 0.000000 -0.005463 0.999985
66.006313324 0.739134 0.994396 0.000000 0.000000 0.000000 -0.005198 0.999986
66.091695070 0.755446 0.994496 0.000000 0.000000 0.000000 -0.004970 0.999988
66.150105000 0.766381 0.992407 0.000000 0.000000 0.000000 -0.004680 0.999989
66.245607138 0.784229 0.991962 0.000000 0.000000 0.000000 -0.004633 0.999989
66.289936066 0.792625 0.990636 0.000000 0.000000 0.000000 -0.004563 0.999990
66.374847174 0.807632 0.990952 0.000000 0.000000 0.000000 -0.004502 0.999990
66.427448988 0.817496 0.991874 0.000000 0.000000 0.000000 -0.004483 0.999990
66.515174389 0.835251 0.991250 0.000000 0.000000 0.000000 -0.004582 0.999990
66.565155268 0.844386 0.991684 0.000000 0.000000 0.000000 -0.004553 0.999990
66.668905973 0.864384 0.991584 0.000000 0.000000 0.000000 -0.004384 0.999990
66.720251560 0.874447 0.991428 0.000000 0.000000 0.000000 -0.004441 0.999990
66.818524122 0.893468 0.991534 0.000000 0.000000 0.000000 -0.004565 0.999990
66.862034321 0.901640 0.991982 0.000000 0.000000 0.000000 -0.004502 0.999990
66.948162079 0.918376 0.992114 0.000000 0.000000 0.000000 -0.004608 0.999989
66.998103142 0.927140 0.992153 0.000000 0.000000 0.000000 -0.004612 0.999989
67.100195885 0.946615 0.991101 0.000000 0.000000 0.000000 -0.004749 0.999989
67.157076359 0.958114 0.990684 0.000000 0.000000 0.000000 -0.004743 0.999989
67.269846916 0.979419 0.989403 0.000000 0.000000 0.000000 -0.004517 0.999990
67.325706720 0.990172 0.989308 0.000000 0.000000 0.000000 -0.004521 0.999990
67.417520761 1.008510 0.989039 0.000000 0.000000 0.000000 -0.004413 0.999990
67.475314379 1.019395 0.988555 0.000000 0.000000 0.000000 -0.004391 0.999990
67.587245464 1.041300 0.988826 0.000000 0.000000 0.000000 -0.004421 0.999990
67.657504320 1.055336 0.988010 0.000000 0.000000 0.000000 -0.004561 0.999990
67.744100571 1.071761 0.988311 0.000000 0.000000 0.000000 -0.004627 0.999989
67.809964418 1.083744 0.989257 0.000000 0.000000 0.000000 -0.004630 0.999989
67.907867193 1.102964 0.989956 0.000000 0.000000 0.000000 -0.004708 0.999989
67.955658197 1.112360 0.989784 0.000000 0.000000 0.000000 -0.004352 0.999991
68.043772697 1.129479 0.988519 0.000000 0.000000 0.000000 -0.004495 0.999990
68.092056751 1.139188 0.988025 0.000000 0.000000 0.000000 -0.004693 0.999989
68.198954105 1.159785 0.986864 0.000000 0.000000 0.000000 -0.004562 0.999990
68.239401817 1.168463 0.987140 0.000000 0.000000 0.000000 -0.004633 0.999989
68.334116697 1.186395 0.987244 0.000000 0.000000 0.000000 -0.004628 0.999989
68.393169165 1.197269 0.987712 0.000000 0.000000 0.000000 -0.004648 0.999989
68.488315105 1.216273 0.987228 0.000000 0.000000 0.000000 -0.004533 0.999990
68.548655272 1.228104 0.987400 0.000000 0.000000 0.000000 -0.004516 0.999990
68.628951550 1.244123 0.987068 0.000000 0.000000 0.000000 -0.004330 0.999991
68.688163757 1.254583 0.985889 0.000000 0.000000 0.000000 -0.004156 0.999991
68.771270037 1.270973 0.986173 0.000000 0.000000 0.000000 -0.004140 0.999991
68.824939728 1.281368 0.986047 0.000000 0.000000 0.000000 -0.004081 0.999992
68.927378178 1.300882 0.985449 0.000000 0.000000 0.000000 -0.003928 0.999992
68.988554239 1.312933 0.984696 0.000000 0.000000 0.000000 -0.004019 0.999992
69.091393948 1.333713 0.984319 0.000000 0.000000 0.000000 -0.004049 0.999992
69.142657280 1.343525 0.984075 0.000000 0.000000 0.000000 -0.003994 0.999992
69.226943970 1.360234 0.983978 0.000000 0.000000 0.000000 -0.003996 0.999992
69.291504383 1.373621 0.983939 0.000000 0.000000 0.000000 -0.004223 0.999991
69.395749092 1.394461 0.983539 0.000000 0.000000 0.000000 -0.004055 0.999992
69.444655418 1.405443 0.983860 0.000000 0.000000 0.000000 -0.004079 0.999992
69.543005466 1.425304 0.983738 0.000000 0.000000 0.000000 -0.003911 0.999992
69.595045090 1.434889 0.982642 0.000000 0.000000 0.000000 -0.003806 0.999993
69.695927858 1.454961 0.983164 0.000000 0.000000 0.000000 -0.003813 0.999993
69.753221989 1.465518 0.982351 0.000000 0.000000 0.000000 -0.004170 0.999991
69.852281094 1.485128 0.982198 0.000000 0.000000 0.000000 -0.004022 0.999992
69.909631014 1.496940 0.981126 0.000000 0.000000 0.000000 -0.003985 0.999992
70.003495455 1.514883 0.982088 0.000000 0.000000 0.000000 -0.003822 0.999993
70.055417776 1.525197 0.982902 0.000000 0.000000 0.000000 -0.003895 0.999992
70.137858391 1.542003 0.983503 0.000000 0.000000 0.000000 -0.003786 0.999993
70.199167728 1.554855 0.982500 0.000000 0.000000 0.000000 -0.003979 0.999992
70.302878618 1.575266 0.981830 0.000000 0.000000 0.000000 -0.003984 0.999992
70.369396687 1.589353 0.980927 0.000000 0.000000 0.000000 -0.003922 0.999992
70.461210728 1.607845 0.980236 0.000000 0.000000 0.000000 -0.003928 0.999992
70.509778738 1.617709 0.979961 0.000000 0.000000 0.000000 -0.003950 0.999992
70.599387646 1.635157 0.980005 0.000000 0.000000 0.000000 -0.003861 0.999993
70.656033039 1.645688 0.980112 0.000000 0.000000 0.000000 -0.003815 0.999993
70.768153429 1.667596 0.980172 0.000000 0.000000 0.000000 -0.003901 0.999992
70.815999985 1.677577 0.979975 0.000000 0.000000 0.000000 -0.003730 0.999993
70.900581121 1.694572 0.979325 0.000000 0.000000 0.000000 -0.003598 0.999994
70.955633402 1.705460 0.979418 0.000000 0.000000 0.000000 -0.003658 0.999993
71.042252779 1.722281 0.979704 0.000000 0.000000 0.000000 -0.003383 0.999994
71.103641987 1.734558 0.979096 0.000000 0.000000 0.000000 -0.003288 0.999995
71.186776161 1.751270 0.979046 0.000000 0.000000 0.000000 -0.003436 0.999994
71.250498533 1.763471 0.977734 0.000000 0.000000 0.000000 -0.003378 0.999994
71.341936827 1.768558 0.977203 0.000000 0.000000 0.000000 0.005202 0.999986
71.393325806 1.769869 0.978330 0.000000 0.000000 0.000000 0.010349 0.999946
71.487019539 1.774728 0.978201 0.000000 0.000000 0.000000 0.019104 0.999818
71.537977695 1.777111 0.979568 0.000000 0.000000 0.000000 0.023939 0.999713
71.626116753 1.781697 0.979965 0.000000 0.000000 0.000000 0.032376 0.999476
71.682151079 1.783980 0.978484 0.000000 0.000000 0.000000 0.037493 0.999297
71.763496399 1.787477 0.978981 0.000000 0.000000 0.000000 0.045137 0.998981
71.820455313 1.789898 0.979145 0.000000 0.000000 0.000000 0.050356 0.998731
71.918866396 1.793802 0.979436 0.000000 0.000000 0.000000 0.059621 0.998221
71.975845575 1.796384 0.979726 0.000000 0.000000 0.000000 0.064716 0.997904
72.068582535 1.800349 0.981238 0.000000 0.000000 0.000000 0.073431 0.997300
72.122643709 1.802553 0.981205 0.000000 0.000000 0.000000 0.078694 0.996899
72.217851877 1.820760 0.984947 0.000000 0.000000 0.000000 0.078705 0.996898
72.265589714 1.829525 0.986614 0.000000 0.000000 0.000000 0.078719 0.996897
72.354194641 1.846626 0.988677 0.000000 0.000000 0.000000 0.078833 0.996888
72.403216600 1.855713 0.990646 0.000000 0.000000 0.000000 0.078697 0.996899
72.504085302 1.875405 0.993273 0.000000 0.000000 0.000000 0.078818 0.996889
72.559812546 1.887363 0.996644 0.000000 0.000000 0.000000 0.078656 0.996902
72.641114473 1.902929 0.998952 0.000000 0.000000 0.000000 0.078618 0.996905
72.695553064 1.913700 1.000882 0.000000 0.000000 0.000000 0.078638 0.996903
72.784453154 1.931237 1.003224 0.000000 0.000000 0.000000 0.078890 0.996883
72.839464188 1.933889 1.004033 0.000000 0.000000 0.000000 0.083965 0.996469
72.931765556 1.938796 1.004099 0.000000 0.000000 0.000000 0.092488 0.995714
72.986810684 1.940707 1.004189 0.000000 0.000000 0.000000 0.097472 0.995238
73.071648121 1.946233 1.002724 0.000000 0.000000 0.000000 0.105351 0.994435
73.129702330 1.948904 1.003032 0.000000 0.000000 0.000000 0.110681 0.993856
73.227200508 1.952359 1.002725 0.000000 0.000000 0.000000 0.120108 0.992761
73.271549940 1.953448 1.003442 0.000000 0.000000 0.000000 0.124238 0.992252
73.365193605 1.970553 1.008083 0.000000 0.000000 0.000000 0.124255 0.992250
73.410813332 1.978559 1.010043 0.000000 0.000000 0.000000 0.124414 0.992230
73.495560646 1.994243 1.013667 0.000000 0.000000 0.000000 0.124379 0.992235
73.549853325 2.005318 1.016668 0.000000 0.000000 0.000000 0.124333 0.992241
73.635336399 2.022304 1.020841 0.000000 0.000000 0.000000 0.124155 0.992263
73.700213671 2.034735 1.025080 0.000000 0.000000 0.000000 0.124219 0.992255
73.794411182 2.052590 1.029103 0.000000 0.000000 0.000000 0.124295 0.992245
73.851395130 2.064154 1.032022 0.000000 0.000000 0.000000 0.124160 0.992262
73.934927464 2.080264 1.035440 0.000000 0.000000 0.000000 0.124073 0.992273
73.994324923 2.083277 1.036782 0.000000 0.000000 0.000000 0.129661 0.991558
74.076428652 2.087186 1.037832 0.000000 0.000000 0.000000 0.137428 0.990512
74.138641834 2.091742 1.038468 0.000000 0.000000 0.000000 0.143369 0.989669
74.232690811 2.095509 1.039586 0.000000 0.000000 0.000000 0.152131 0.988360
74.284757137 2.097472 1.039785 0.000000 0.000000 0.000000 0.156815 0.987628
74.368963718 2.101998 1.040962 0.000000 0.000000 0.000000 0.164396 0.986394
74.424954653 2.104780 1.041586 0.000000 0.000000 0.000000 0.169509 0.985529
74.512892008 2.107893 1.041614 0.000000 0.000000 0.000000 0.177770 0.984072
74.568120718 2.118197 1.045926 0.000000 0.000000 0.000000 0.177723 0.984081
74.659038782 2.134822 1.052160 0.000000 0.000000 0.000000 0.177740 0.984077
74.720528126 2.146635 1.057451 0.000000 0.000000 0.000000 0.177899 0.984049
74.807915449 2.162679 1.063754 0.000000 0.000000 0.000000 0.178135 0.984006
74.867791891 2.174848 1.067823 0.000000 0.000000 0.000000 0.178002 0.984030
74.956265450 2.191451 1.074282 0.000000 0.000000 0.000000 0.178050 0.984021
75.006022692 2.200896 1.078102 0.000000 0.000000 0.000000 0.178306 0.983975
75.093890429 2.216560 1.084452 0.000000 0.000000 0.000000 0.178306 0.983975
75.151803017 2.227896 1.088349 0.000000 0.000000 0.000000 0.178360 0.983965
75.237923384 2.244591 1.094104 0.000000 0.000000 0.000000 0.178296 0.983977
75.289012432 2.254402 1.097755 0.000000 0.000000 0.000000 0.178399 0.983958
75.377345324 2.270442 1.103919 0.000000 0.000000 0.000000 0.178514 0.983937
75.433693886 2.280306 1.107050 0.000000 0.000000 0.000000 0.178411 0.983956
75.537194490 2.299273 1.113599 0.000000 0.000000 0.000000 0.178459 0.983947
75.586070776 2.308086 1.116589 0.000000 0.000000 0.000000 0.178484 0.983943
75.689361572 2.326746 1.123903 0.000000 0.000000 0.000000 0.178401 0.983958
75.744805098 2.336781 1.128595 0.000000 0.000000 0.000000 0.178649 0.983913
75.826009274 2.351125 1.134611 0.000000 0.000000 0.000000 0.178527 0.983935
75.899021864 2.354649 1.135865 0.000000 0.000000 0.000000 0.185112 0.982717
75.992537260 2.360269 1.137353 0.000000 0.000000 0.000000 0.193855 0.981030
76.056124210 2.363194 1.139099 0.000000 0.000000 0.000000 0.199967 0.979803
76.141805172 2.367195 1.141082 0.000000 0.000000 0.000000 0.207498 0.978236
76.196712971 2.370334 1.142076 0.000000 0.000000 0.000000 0.212763 0.977104
76.279946327 2.374376 1.144611 0.000000 0.000000 0.000000 0.220427 0.975403
76.336917877 2.377268 1.145823 0.000000 0.000000 0.000000 0.225867 0.974158
76.431858301 2.382344 1.147656 0.000000 0.000000 0.000000 0.234466 0.972124
76.487337351 2.392118 1.155304 0.000000 0.000000 0.000000 0.234446 0.972129
76.576975346 2.407024 1.162303 0.000000 0.000000 0.000000 0.234403 0.972139
76.635664701 2.416991 1.167855 0.000000 0.000000 0.000000 0.234147 0.972201
76.736702204 2.435596 1.176623 0.000000 0.000000 0.000000 0.234205 0.972187
76.784813404 2.444092 1.180277 0.000000 0.000000 0.000000 0.234207 0.972187
76.872728825 2.458638 1.187828 0.000000 0.000000 0.000000 0.234227 0.972182
76.940669060 2.470434 1.193621 0.000000 0.000000 0.000000 0.234048 0.972225
77.039191484 2.487318 1.202393 0.000000 0.000000 0.000000 0.233924 0.972255
77.091496944 2.496392 1.207611 0.000000 0.000000 0.000000 0.233963 0.972246
77.178045034 2.500682 1.209049 0.000000 0.000000 0.000000 0.241876 0.970307
77.233334064 2.503402 1.210991 0.000000 0.000000 0.000000 0.246984 0.969020
77.321522951 2.507197 1.212041 0.000000 0.000000 0.000000 0.254849 0.966981
77.385615587 2.510222 1.212735 0.000000 0.000000 0.000000 0.260496 0.965475
77.482558012 2.525330 1.221426 0.000000 0.000000 0.000000 0.260603 0.965446
77.535058022 2.533883 1.226422 0.000000 0.000000 0.000000 0.260546 0.965462
77.635596514 2.550575 1.236904 0.000000 0.000000 0.000000 0.260232 0.965546
77.687636852 2.559022 1.242253 0.000000 0.000000 0.000000 0.260158 0.965566
77.783472538 2.575100 1.251087 0.000000 0.000000 0.000000 0.260268 0.965536
77.833787918 2.583156 1.256264 0.000000 0.000000 0.000000 0.260315 0.965524
77.940711260 2.601366 1.266971 0.000000 0.000000 0.000000 0.260283 0.965532
77.985099792 2.607598 1.271652 0.000000 0.000000 0.000000 0.260092 0.965584
78.074628830 2.622542 1.280450 0.000000 0.000000 0.000000 0.260226 0.965548
78.126539230 2.630770 1.285613 0.000000 0.000000 0.000000 0.260434 0.965492
78.225707769 2.634573 1.287729 0.000000 0.000000 0.000000 0.269506 0.962999
78.287621975 2.637045 1.288319 0.000000 0.000000 0.000000 0.274964 0.961455
78.371752024 2.650445 1.296126 0.000000 0.000000 0.000000 0.275016 0.961440
78.425225496 2.659340 1.301163 0.000000 0.000000 0.000000 0.274993 0.961446
78.525620699 2.675631 1.311819 0.000000 0.000000 0.000000 0.275178 0.961393
78.588539600 2.685708 1.317708 0.000000 0.000000 0.000000 0.274996 0.961445
78.670593977 2.699391 1.326158 0.000000 0.000000 0.000000 0.275157 0.961399
78.735427380 2.710398 1.331980 0.000000 0.000000 0.000000 0.274922 0.961467
78.827690363 2.724598 1.341486 0.000000 0.000000 0.000000 0.274980 0.961450
78.889282465 2.734888 1.348300 0.000000 0.000000 0.000000 0.274833 0.961492
78.986895561 2.751847 1.358019 0.000000 0.000000 0.000000 0.274865 0.961483
79.038242817 2.761088 1.364882 0.000000 0.000000 0.000000 0.275062 0.961427
79.133278370 2.765727 1.367633 0.000000 0.000000 0.000000 0.283725 0.958906
79.188038111 2.767064 1.369882 0.000000 0.000000 0.000000 0.288674 0.957428
79.274859905 2.771045 1.371970 0.000000 0.000000 0.000000 0.296339 0.955083
79.325020790 2.779489 1.376050 0.000000 0.000000 0.000000 0.296598 0.955002
79.419587612 2.794739 1.386047 0.000000 0.000000 0.000000 0.296523 0.955026
79.476016521 2.803994 1.393485 0.000000 0.000000 0.000000 0.296463 0.955044
79.572896481 2.819703 1.403146 0.000000 0.000000 0.000000 0.296638 0.954990
79.625355482 2.828787 1.408633 0.000000 0.000000 0.000000 0.296618 0.954996
79.715934038 2.843654 1.420193 0.000000 0.000000 0.000000 0.296580 0.955008
79.766192913 2.851805 1.426470 0.000000 0.000000 0.000000 0.296482 0.955039
79.851100206 2.865734 1.436312 0.000000 0.000000 0.000000 0.296350 0.955079
79.911969662 2.875528 1.443624 0.000000 0.000000 0.000000 0.296100 0.955157
80.005322218 2.890325 1.454157 0.000000 0.000000 0.000000 0.296171 0.955135
80.049822092 2.897496 1.458361 0.000000 0.000000 0.000000 0.296289 0.955098
80.144307137 2.913176 1.468236 0.000000 0.000000 0.000000 0.296463 0.955044
80.194717646 2.921401 1.474217 0.000000 0.000000 0.000000 0.296397 0.955065
80.283586025 2.926114 1.476744 0.000000 0.000000 0.000000 0.304460 0.952525
80.339012861 2.928664 1.477960 0.000000 0.000000 0.000000 0.309388 0.950936
80.432806969 2.932327 1.479354 0.000000 0.000000 0.000000 0.317833 0.948147
80.481657505 2.934117 1.479380 0.000000 0.000000 0.000000 0.322383 0.946609
80.570667744 2.937389 1.480661 0.000000 0.000000 0.000000 0.330435 0.943829
80.629180193 2.939201 1.481840 0.000000 0.000000 0.000000 0.335750 0.941951
80.725515127 2.942299 1.484200 0.000000 0.000000 0.000000 0.344087 0.938938
80.785824299 2.944520 1.486042 0.000000 0.000000 0.000000 0.349109 0.937082
80.885531425 2.947028 1.488213 0.000000 0.000000 0.000000 0.358014 0.933716
80.931448936 2.948822 1.490321 0.000000 0.000000 0.000000 0.362165 0.932114
81.023196459 2.960113 1.501442 0.000000 0.000000 0.000000 0.362442 0.932006
81.074112654 2.967390 1.507438 0.000000 0.000000 0.000000 0.362414 0.932017
81.169610262 2.980521 1.522673 0.000000 0.000000 0.000000 0.362544 0.931967
81.221564293 2.988864 1.529932 0.000000 0.000000 0.000000 0.362613 0.931940
81.317089081 3.002294 1.543347 0.000000 0.000000 0.000000 0.362724 0.931897
81.373459816 3.010385 1.550974 0.000000 0.000000 0.000000 0.362722 0.931897
81.468533754 3.023508 1.563748 0.000000 0.000000 0.000000 0.362748 0.931887
81.523016691 3.031945 1.570906 0.000000 0.000000 0.000000 0.362791 0.931871
81.598726511 3.042244 1.581615 0.000000 0.000000 0.000000 0.362703 0.931905
81.657386780 3.044954 1.584076 0.000000 0.000000 0.000000 0.367779 0.929913
81.743980408 3.047527 1.586626 0.000000 0.000000 0.000000 0.375359 0.926880
81.802433014 3.048860 1.588403 0.000000 0.000000 0.000000 0.380289 0.924868
81.892469883 3.051478 1.590902 0.000000 0.000000 0.000000 0.388091 0.921621
81.951400280 3.054587 1.592026 0.000000 0.000000 0.000000 0.392921 0.919572
82.051398516 3.057945 1.594565 0.000000 0.000000 0.000000 0.401494 0.915862
82.098116398 3.059214 1.595785 0.000000 0.000000 0.000000 0.405610 0.914046
82.188131332 3.070559 1.608310 0.000000 0.000000 0.000000 0.405442 0.914121
82.248149872 3.078244 1.617511 0.000000 0.000000 0.000000 0.405558 0.914069
82.336132288 3.089459 1.629149 0.000000 0.000000 0.000000 0.405395 0.914141
82.396090031 3.097480 1.638044 0.000000 0.000000 0.000000 0.405313 0.914178
82.493404388 3.109956 1.653283 0.000000 0.000000 0.000000 0.405265 0.914199
82.545469284 3.118179 1.660416 0.000000 0.000000 0.000000 0.405363 0.914156
82.645762682 3.131180 1.673684 0.000000 0.000000 0.000000 0.405269 0.914197
82.703368902 3.139010 1.681561 0.000000 0.000000 0.000000 0.405078 0.914282
82.786747932 3.150438 1.693511 0.000000 0.000000 0.000000 0.404960 0.914335
82.854153395 3.159324 1.702926 0.000000 0.000000 0.000000 0.404898 0.914362
82.943068027 3.171513 1.715085 0.000000 0.000000 0.000000 0.404812 0.914400
83.009804964 3.180335 1.724452 0.000000 0.000000 0.000000 0.404786 0.914411
83.085191727 3.190407 1.736241 0.000000 0.000000 0.000000 0.404886 0.914367
83.153803349 3.199758 1.745937 0.000000 0.000000 0.000000 0.404946 0.914341
83.241653681 3.211725 1.758442 0.000000 0.000000 0.000000 0.405200 0.914228
83.297069788 3.214712 1.761722 0.000000 0.000000 0.000000 0.409759 0.912194
83.389735460 3.217593 1.764770 0.000000 0.000000 0.000000 0.417808 0.908535
83.453119040 3.220597 1.766866 0.000000 0.000000 0.000000 0.423278 0.906000
83.537900448 3.222688 1.769454 0.000000 0.000000 0.000000 0.430474 0.902603
83.597048283 3.224790 1.771143 0.000000 0.000000 0.000000 0.435472 0.900202
83.717325926 3.228222 1.775321 0.000000 0.000000 0.000000 0.445649 0.895208
83.749479055 3.228904 1.776399 0.000000 0.000000 0.000000 0.448559 0.893753
83.838826418 3.230715 1.779626 0.000000 0.000000 0.000000 0.456016 0.889971
83.901724577 3.232606 1.781641 0.000000 0.000000 0.000000 0.461200 0.887296
83.992516994 3.235393 1.783482 0.000000 0.000000 0.000000 0.468801 0.883304
84.051721573 3.237455 1.785883 0.000000 0.000000 0.000000 0.473647 0.880715
84.156426907 3.240436 1.789209 0.000000 0.000000 0.000000 0.482308 0.876002
84.200500965 3.241456 1.790535 0.000000 0.000000 0.000000 0.486225 0.873834
84.283172131 3.250406 1.803582 0.000000 0.000000 0.000000 0.486175 0.873862
84.341853619 3.256708 1.814006 0.000000 0.000000 0.000000 0.486073 0.873918
84.440338135 3.266883 1.829840 0.000000 0.000000 0.000000 0.486199 0.873848
84.490278244 3.271946 1.837803 0.000000 0.000000 0.000000 0.486155 0.873873
84.590413809 3.281889 1.853816 0.000000 0.000000 0.000000 0.486281 0.873802
84.637861252 3.283260 1.855509 0.000000 0.000000 0.000000 0.490274 0.871568
84.731191397 3.285487 1.859523 0.000000 0.000000 0.000000 0.497812 0.867285
84.795961142 3.286876 1.861345 0.000000 0.000000 0.000000 0.503103 0.864227
84.885035038 3.288852 1.863892 0.000000 0.000000 0.000000 0.510530 0.859860
84.942189693 3.293937 1.872040 0.000000 0.000000 0.000000 0.510713 0.859751
85.035698891 3.302217 1.886691 0.000000 0.000000 0.000000 0.510743 0.859733
85.087255955 3.306748 1.894757 0.000000 0.000000 0.000000 0.510575 0.859833
85.177431345 3.314552 1.910695 0.000000 0.000000 0.000000 0.510556 0.859844
85.234461546 3.320734 1.919519 0.000000 0.000000 0.000000 0.510590 0.859825
85.317269802 3.328418 1.934652 0.000000 0.000000 0.000000 0.510640 0.859795
85.371974707 3.334143 1.943508 0.000000 0.000000 0.000000 0.510591 0.859824
85.478625298 3.337617 1.947453 0.000000 0.000000 0.000000 0.519422 0.854518
85.528799295 3.338409 1.948108 0.000000 0.000000 0.000000 0.523200 0.852210
85.623463392 3.340383 1.950845 0.000000 0.000000 0.000000 0.530473 0.847702
85.673765659 3.341720 1.952658 0.000000 0.000000 0.000000 0.534523 0.845154
85.763669968 3.348897 1.967391 0.000000 0.000000 0.000000 0.534610 0.845099
85.820935726 3.353439 1.977833 0.000000 0.000000 0.000000 0.534530 0.845149
85.910727024 3.361472 1.992689 0.000000 0.000000 0.000000 0.534297 0.845297
85.964876890 3.365083 2.002475 0.000000 0.000000 0.000000 0.534266 0.845317
86.051109076 3.372734 2.017673 0.000000 0.000000 0.000000 0.534289 0.845302
86.103527308 3.377300 2.027375 0.000000 0.000000 0.000000 0.534396 0.845234
86.201452255 3.385609 2.044733 0.000000 0.000000 0.000000 0.534472 0.845186
86.242657185 3.388030 2.052531 0.000000 0.000000 0.000000 0.534466 0.845190
86.334985495 3.395641 2.068756 0.000000 0.000000 0.000000 0.534483 0.845179
86.382092714 3.396783 2.069852 0.000000 0.000000 0.000000 0.538114 0.842872
86.472083092 3.397958 2.073109 0.000000 0.000000 0.000000 0.545028 0.838418
86.523828268 3.399804 2.075074 0.000000 0.000000 0.000000 0.548918 0.835876
86.615870237 3.401514 2.077089 0.000000 0.000000 0.000000 0.556167 0.831070
86.670076370 3.402104 2.078704 0.000000 0.000000 0.000000 0.560268 0.828311
86.774803400 3.409722 2.096037 0.000000 0.000000 0.000000 0.560029 0.828473
86.820199966 3.412332 2.103894 0.000000 0.000000 0.000000 0.560020 0.828479
86.919469357 3.419310 2.120680 0.000000 0.000000 0.000000 0.559889 0.828568
86.967871189 3.423558 2.130370 0.000000 0.000000 0.000000 0.559855 0.828591
87.056761026 3.429330 2.145964 0.000000 0.000000 0.000000 0.559797 0.828630
87.109259605 3.433146 2.155262 0.000000 0.000000 0.000000 0.559750 0.828661
87.192007065 3.439475 2.170713 0.000000 0.000000 0.000000 0.559605 0.828760
87.253980637 3.443328 2.181825 0.000000 0.000000 0.000000 0.559702 0.828694
87.349741697 3.444536 2.187712 0.000000 0.000000 0.000000 0.567030 0.823697
87.405018091 3.445860 2.190071 0.000000 0.000000 0.000000 0.571299 0.820742
87.485984564 3.447956 2.193235 0.000000 0.000000 0.000000 0.577566 0.816344
87.543567896 3.448638 2.194757 0.000000 0.000000 0.000000 0.582168 0.813068
87.634330273 3.449906 2.197823 0.000000 0.000000 0.000000 0.589040 0.808104
87.686902761 3.451452 2.199553 0.000000 0.000000 0.000000 0.593108 0.805123
87.787247896 3.452659 2.203831 0.000000 0.000000 0.000000 0.600802 0.799398
87.837472916 3.455373 2.211470 0.000000 0.000000 0.000000 0.600825 0.799381
87.916748285 3.458494 2.225165 0.000000 0.000000 0.000000 0.600708 0.799469
87.986268759 3.461873 2.238176 0.000000 0.000000 0.000000 0.600810 0.799392
88.086726427 3.466879 2.255749 0.000000 0.000000 0.000000 0.600725 0.799456
88.150101423 3.470144 2.267875 0.000000 0.000000 0.000000 0.600930 0.799302
88.240933418 3.471542 2.271820 0.000000 0.000000 0.000000 0.607641 0.794212
88.297403812 3.472359 2.273513 0.000000 0.000000 0.000000 0.611910 0.790927
88.386169910 3.473587 2.276389 0.000000 0.000000 0.000000 0.618764 0.785577
88.450335503 3.474457 2.278086 0.000000 0.000000 0.000000 0.623748 0.781625
88.535275698 3.476229 2.280780 0.000000 0.000000 0.000000 0.629944 0.776641
88.605426788 3.476204 2.282591 0.000000 0.000000 0.000000 0.634992 0.772519
88.683759212 3.477345 2.284661 0.000000 0.000000 0.000000 0.640621 0.767857
88.750116110 3.479863 2.295874 0.000000 0.000000 0.000000 0.640498 0.767960
88.851769447 3.480828 2.315669 0.000000 0.000000 0.000000 0.640355 0.768079
88.916266441 3.483445 2.327879 0.000000 0.000000 0.000000 0.640384 0.768055
89.002526760 3.485981 2.344288 0.000000 0.000000 0.000000 0.640348 0.768085
89.057895184 3.488496 2.354878 0.000000 0.000000 0.000000 0.640481 0.767974
89.140100241 3.491460 2.370615 0.000000 0.000000 0.000000 0.640578 0.767893
89.195465088 3.492319 2.373737 0.000000 0.000000 0.000000 0.644617 0.764506
89.289087772 3.493700 2.379170 0.000000 0.000000 0.000000 0.651314 0.758808
89.344048738 3.494399 2.381835 0.000000 0.000000 0.000000 0.655260 0.755404
89.440391302 3.494350 2.385314 0.000000 0.000000 0.000000 0.662123 0.749395
89.492968559 3.495242 2.387442 0.000000 0.000000 0.000000 0.665581 0.746325
89.607647657 3.498092 2.407627 0.000000 0.000000 0.000000 0.665758 0.746168
89.672281504 3.499637 2.420219 0.000000 0.000000 0.000000 0.665511 0.746388
89.768073082 3.501818 2.438727 0.000000 0.000000 0.000000 0.665400 0.746487
89.829360723 3.503476 2.450074 0.000000 0.000000 0.000000 0.665312 0.746565
89.918611765 3.507562 2.467013 0.000000 0.000000 0.000000 0.665076 0.746776
89.983339548 3.508772 2.479681 0.000000 0.000000 0.000000 0.665067 0.746784
90.075467348 3.510807 2.497505 0.000000 0.000000 0.000000 0.664992 0.746851
90.136802912 3.512148 2.510203 0.000000 0.000000 0.000000 0.664881 0.746949
90.217718840 3.515000 2.526890 0.000000 0.000000 0.000000 0.664857 0.746971
90.282570362 3.516839 2.539385 0.000000 0.000000 0.000000 0.664666 0.747141
90.377734184 3.519230 2.557091 0.000000 0.000000 0.000000 0.664523 0.747268
90.428593874 3.521460 2.566844 0.000000 0.000000 0.000000 0.664471 0.747314
90.510604858 3.523211 2.583282 0.000000 0.000000 0.000000 0.664423 0.747357
90.568803549 3.524843 2.595020 0.000000 0.000000 0.000000 0.664199 0.747556
90.669097900 3.527875 2.614326 0.000000 0.000000 0.000000 0.664110 0.747635
90.734403133 3.529575 2.626285 0.000000 0.000000 0.000000 0.663951 0.747776
90.817264557 3.531946 2.642504 0.000000 0.000000 0.000000 0.664013 0.747721
90.874949217 3.533982 2.653566 0.000000 0.000000 0.000000 0.663857 0.747860
90.977848291 3.537154 2.673028 0.000000 0.000000 0.000000 0.663595 0.748092
91.038990498 3.538679 2.685364 0.000000 0.000000 0.000000 0.663342 0.748317
91.132968187 3.541294 2.703195 0.000000 0.000000 0.000000 0.663337 0.748321
91.184181929 3.543014 2.713688 0.000000 0.000000 0.000000 0.663164 0.748474
91.277483940 3.546140 2.731157 0.000000 0.000000 0.000000 0.663243 0.748405
91.333750963 3.548126 2.742139 0.000000 0.000000 0.000000 0.663226 0.748419
91.435931683 3.550691 2.762178 0.000000 0.000000 0.000000 0.663048 0.748577
91.490885019 3.552061 2.774215 0.000000 0.000000 0.000000 0.662991 0.748627
91.596405983 3.555060 2.794262 0.000000 0.000000 0.000000 0.662975 0.748642
91.657889366 3.556877 2.806356 0.000000 0.000000 0.000000 0.662848 0.748754
91.744920015 3.558217 2.823946 0.000000 0.000000 0.000000 0.662914 0.748695
91.803375244 3.561267 2.835777 0.000000 0.000000 0.000000 0.663048 0.748577
91.889576912 3.563064 2.852703 0.000000 0.000000 0.000000 0.663039 0.748585
91.950321198 3.563577 2.864594 0.000000 0.000000 0.000000 0.662918 0.748692
92.040585995 3.565636 2.882133 0.000000 0.000000 0.000000 0.662960 0.748655
92.095539570 3.566627 2.893546 0.000000 0.000000 0.000000 0.663170 0.748469
92.180634975 3.569392 2.908540 0.000000 0.000000 0.000000 0.663240 0.748407
92.233907700 3.570213 2.919049 0.000000 0.000000 0.000000 0.663350 0.748309
92.324627161 3.571851 2.937093 0.000000 0.000000 0.000000 0.663355 0.748305
92.377721786 3.572467 2.948574 0.000000 0.000000 0.000000 0.663192 0.748449
92.477380037 3.574903 2.967127 0.000000 0.000000 0.000000 0.663204 0.748439
92.527386665 3.575532 2.977344 0.000000 0.000000 0.000000 0.663391 0.748273
92.615924358 3.577174 2.994042 0.000000 0.000000 0.000000 0.663462 0.748210
92.672314167 3.578159 3.004684 0.000000 0.000000 0.000000 0.663506 0.748171
92.773890257 3.580276 3.023697 0.000000 0.000000 0.000000 0.663441 0.748229
92.833395958 3.582262 3.035902 0.000000 0.000000 0.000000 0.663460 0.748212
92.924817085 3.583882 3.053611 0.000000 0.000000 0.000000 0.663658 0.748036
92.988978386 3.584578 3.066665 0.000000 0.000000 0.000000 0.663711 0.747989
93.100240469 3.587424 3.087802 0.000000 0.000000 0.000000 0.663633 0.748058
93.152472734 3.587256 3.097763 0.000000 0.000000 0.000000 0.663757 0.747948
93.248969555 3.589852 3.117255 0.000000 0.000000 0.000000 0.663657 0.748037
93.302347898 3.590354 3.128987 0.000000 0.000000 0.000000 0.663600 0.748088
93.402684212 3.592786 3.148886 0.000000 0.000000 0.000000 0.663814 0.747898
93.454676867 3.594252 3.158690 0.000000 0.000000 0.000000 0.663743 0.747961
93.552758694 3.596083 3.177897 0.000000 0.000000 0.000000 0.663792 0.747917
93.613630056 3.596733 3.189588 0.000000 0.000000 0.000000 0.663868 0.747849
93.707502604 3.597936 3.208418 0.000000 0.000000 0.000000 0.663992 0.747739
93.764230251 3.599260 3.220477 0.000000 0.000000 0.000000 0.664029 0.747707
93.873910427 3.602115 3.240656 0.000000 0.000000 0.000000 0.663710 0.747990
93.914932251 3.603052 3.248349 0.000000 0.000000 0.000000 0.663709 0.747991
94.005584240 3.605439 3.264661 0.000000 0.000000 0.000000 0.663734 0.747968
94.060539484 3.606196 3.275779 0.000000 0.000000 0.000000 0.663676 0.748020
94.156020403 3.608563 3.294836 0.000000 0.000000 0.000000 0.663535 0.748145
94.210253716 3.610296 3.305962 0.000000 0.000000 0.000000 0.663503 0.748174
94.306135893 3.611616 3.324653 0.000000 0.000000 0.000000 0.663397 0.748268
94.372974396 3.613216 3.338680 0.000000 0.000000 0.000000 0.663471 0.748202
94.471097946 3.615649 3.358322 0.000000 0.000000 0.000000 0.663409 0.748257
94.529613972 3.616373 3.370094 0.000000 0.000000 0.000000 0.663377 0.748285
94.627149820 3.618829 3.389218 0.000000 0.000000 0.000000 0.663209 0.748434
94.671769142 3.619142 3.398063 0.000000 0.000000 0.000000 0.663039 0.748585
94.763330460 3.621367 3.414802 0.000000 0.000000 0.000000 0.663026 0.748597
94.822440624 3.622957 3.426866 0.000000 0.000000 0.000000 0.663164 0.748475
94.912670851 3.624836 3.445582 0.000000 0.000000 0.000000 0.663181 0.748459
94.978972197 3.626382 3.457224 0.000000 0.000000 0.000000 0.663249 0.748399
95.068254471 3.628461 3.474280 0.000000 0.000000 0.000000 0.663379 0.748284
95.123470068 3.628964 3.485753 0.000000 0.000000 0.000000 0.663239 0.748408
95.210581541 3.631003 3.502775 0.000000 0.000000 0.000000 0.663293 0.748360
95.261231899 3.632278 3.512285 0.000000 0.000000 0.000000 0.663156 0.748481
95.358219862 3.635026 3.531908 0.000000 0.000000 0.000000 0.663287 0.748366
95.405269146 3.635642 3.540138 0.000000 0.000000 0.000000 0.663116 0.748517
95.495450497 3.635754 3.541730 0.000000 0.000000 0.000000 0.663235 0.748411
95.556711435 3.635626 3.542731 0.000000 0.000000 0.000000 0.663299 0.748355
95.654532194 3.635337 3.542622 0.000000 0.000000 0.000000 0.663331 0.748326
95.718507051 3.635245 3.543075 0.000000 0.000000 0.000000 0.663460 0.748212
95.809733868 3.635834 3.543065 0.000000 0.000000 0.000000 0.663383 0.748280
95.869915009 3.636418 3.542819 0.000000 0.000000 0.000000 0.663240 0.748407
95.968504429 3.636594 3.542697 0.000000 0.000000 0.000000 0.663366 0.748295
96.013655424 3.636196 3.542740 0.000000 0.000000 0.000000 0.663405 0.748260
96.105460644 3.636129 3.542804 0.000000 0.000000 0.000000 0.663422 0.748245
96.151817083 3.636171 3.542633 0.000000 0.000000 0.000000 0.663515 0.748163
96.249305487 3.635820 3.543588 0.000000 0.000000 0.000000 0.663352 0.748307
96.313171148 3.636228 3.543126 0.000000 0.000000 0.000000 0.663336 0.748322
96.411842108 3.636493 3.543538 0.000000 0.000000 0.000000 0.663303 0.748351
96.483254194 3.636454 3.544784 0.000000 0.000000 0.000000 0.663385 0.748278
96.576039553 3.636547 3.544879 0.000000 0.000000 0.000000 0.663265 0.748384
96.634468794 3.637209 3.545012 0.000000 0.000000 0.000000 0.663282 0.748369
96.723625898 3.636961 3.544556 0.000000 0.000000 0.000000 0.663252 0.748396
96.781600475 3.635469 3.544191 0.000000 0.000000 0.000000 0.663352 0.748307
96.866395235 3.635073 3.543475 0.000000 0.000000 0.000000 0.663337 0.748321
96.921135187 3.635896 3.543195 0.000000 0.000000 0.000000 0.663519 0.748160
97.019036293 3.635330 3.543183 0.000000 0.000000 0.000000 0.663494 0.748182
97.060910940 3.634908 3.542495 0.000000 0.000000 0.000000 0.663468 0.748205
97.153807163 3.634756 3.541766 0.000000 0.000000 0.000000 0.663520 0.748159
97.211027622 3.634882 3.541737 0.000000 0.000000 0.000000 0.663591 0.748095
97.305245876 3.635169 3.541965 0.000000 0.000000 0.000000 0.663554 0.748128
97.364989996 3.635232 3.541638 0.000000 0.000000 0.000000 0.663428 0.748240
97.465471268 3.634438 3.541851 0.000000 0.000000 0.000000 0.663456 0.748216
97.531141281 3.634044 3.541364 0.000000 0.000000 0.000000 0.663485 0.748190
97.607466698 3.633546 3.541429 0.000000 0.000000 0.000000 0.663410 0.748256
97.670571327 3.633185 3.541853 0.000000 0.000000 0.000000 0.663471 0.748202
97.761371374 3.633223 3.541760 0.000000 0.000000 0.000000 0.663424 0.748243
97.826786518 3.633773 3.541420 0.000000 0.000000 0.000000 0.663672 0.748023
97.904732704 3.633293 3.540951 0.000000 0.000000 0.000000 0.663729 0.747973
97.972033739 3.632930 3.540460 0.000000 0.000000 0.000000 0.663591 0.748095
98.065672398 3.632808 3.539776 0.000000 0.000000 0.000000 0.663547 0.748134
98.120881319 3.632844 3.539030 0.000000 0.000000 0.000000 0.663596 0.748091
98.209275961 3.632007 3.539106 0.000000 0.000000 0.000000 0.663638 0.748054
98.266049623 3.632326 3.538667 0.000000 0.000000 0.000000 0.663624 0.748067
98.353181839 3.631739 3.539143 0.000000 0.000000 0.000000 0.663494 0.748182
98.403073549 3.631348 3.539016 0.000000 0.000000 0.000000 0.663655 0.748039
98.490382910 3.631624 3.538987 0.000000 0.000000 0.000000 0.663616 0.748073
98.542252064 3.631774 3.539312 0.000000 0.000000 0.000000 0.663584 0.748102
98.624454260 3.631354 3.539156 0.000000 0.000000 0.000000 0.663537 0.748144
98.685510397 3.630485 3.540711 0.000000 0.000000 0.000000 0.663528 0.748151
98.779605627 3.629551 3.541444 0.000000 0.000000 0.000000 0.663754 0.747951
98.838194609 3.629375 3.542472 0.000000 0.000000 0.000000 0.663665 0.748030
98.929908276 3.628591 3.542916 0.000000 0.000000 0.000000 0.663655 0.748039
98.986426353 3.627798 3.542684 0.000000 0.000000 0.000000 0.663791 0.747918
99.090990067 3.627116 3.543885 0.000000 0.000000 0.000000 0.663853 0.747863
99.137984037 3.626838 3.545251 0.000000 0.000000 0.000000 0.663870 0.747848
99.222180128 3.626947 3.546075 0.000000 0.000000 0.000000 0.663767 0.747939
99.274515629 3.626611 3.546776 0.000000 0.000000 0.000000 0.663709 0.747991
99.372492313 3.626069 3.546224 0.000000 0.000000 0.000000 0.663809 0.747902
99.430688858 3.626189 3.545916 0.000000 0.000000 0.000000 0.663726 0.747976
99.544572830 3.625920 3.546006 0.000000 0.000000 0.000000 0.663645 0.748048
99.586899042 3.626014 3.546224 0.000000 0.000000 0.000000 0.663632 0.748059
99.684531927 3.626357 3.546245 0.000000 0.000000 0.000000 0.663571 0.748113
99.732462883 3.625382 3.546173 0.000000 0.000000 0.000000 0.663424 0.748243
99.817482233 3.625383 3.546496 0.000000 0.000000 0.000000 0.663321 0.748335
99.865893364 3.625148 3.547567 0.000000 0.000000 0.000000 0.663345 0.748314
99.974117994 3.623913 3.547886 0.000000 0.000000 0.000000 0.663444 0.748226
100.008396149 3.623277 3.548822 0.000000 0.000000 0.000000 0.663614 0.748075
100.099959850 3.622802 3.549365 0.000000 0.000000 0.000000 0.663692 0.748006
100.157341719 3.622906 3.550167 0.000000 0.000000 0.000000 0.663881 0.747838
100.251402378 3.622262 3.549787 0.000000 0.000000 0.000000 0.663863 0.747854
100.296842813 3.622970 3.549791 0.000000 0.000000 0.000000 0.664000 0.747733
100.386153460 3.623161 3.549840 0.000000 0.000000 0.000000 0.663738 0.747965
100.438560963 3.622554 3.550509 0.000000 0.000000 0.000000 0.663775 0.747932
100.523025513 3.622783 3.550694 0.000000 0.000000 0.000000 0.663758 0.747947
100.578892708 3.622111 3.551613 0.000000 0.000000 0.000000 0.663795 0.747915
100.666844606 3.621714 3.552223 0.000000 0.000000 0.000000 0.663741 0.747962
100.717916250 3.621387 3.553076 0.000000 0.000000 0.000000 0.663847 0.747868
100.814438343 3.621626 3.554027 0.000000 0.000000 0.000000 0.663893 0.747828
100.859156370 3.621083 3.554742 0.000000 0.000000 0.000000 0.664023 0.747712
100.952885628 3.622042 3.555263 0.000000 0.000000 0.000000 0.664047 0.747691
101.000487804 3.621857 3.555684 0.000000 0.000000 0.000000 0.663976 0.747754
101.085479736 3.621491 3.556988 0.000000 0.000000 0.000000 0.664062 0.747677
101.136031866 3.621998 3.557491 0.000000 0.000000 0.000000 0.664103 0.747641
101.229514122 3.620882 3.557899 0.000000 0.000000 0.000000 0.663967 0.747761
101.274351120 3.620431 3.558270 0.000000 0.000000 0.000000 0.664124 0.747623
101.373620749 3.620182 3.559102 0.000000 0.000000 0.000000 0.664277 0.747486
101.426921129 3.620541 3.558935 0.000000 0.000000 0.000000 0.664361 0.747411
101.521782160 3.620188 3.558550 0.000000 0.000000 0.000000 0.664451 0.747332
101.570658922 3.621345 3.558902 0.000000 0.000000 0.000000 0.664514 0.747276
101.657437325 3.622027 3.557875 0.000000 0.000000 0.000000 0.664458 0.747325
101.713495970 3.622268 3.557597 0.000000 0.000000 0.000000 0.664422 0.747357
101.799236774 3.622168 3.558339 0.000000 0.000000 0.000000 0.664310 0.747457
101.849389791 3.622140 3.558369 0.000000 0.000000 0.000000 0.664375 0.747399
101.945839167 3.621734 3.558074 0.000000 0.000000 0.000000 0.664486 0.747301
101.999189854 3.623547 3.556751 0.000000 0.000000 0.000000 0.664675 0.747133
102.086042404 3.623637 3.556260 0.000000 0.000000 0.000000 0.664716 0.747096
102.136522293 3.623854 3.555323 0.000000 0.000000 0.000000 0.664635 0.747168
102.221495152 3.624058 3.555423 0.000000 0.000000 0.000000 0.664652 0.747153
102.276251078 3.624625 3.555084 0.000000 0.000000 0.000000 0.664656 0.747150
102.367645025 3.625091 3.554950 0.000000 0.000000 0.000000 0.664648 0.747156
102.423708200 3.624866 3.554599 0.000000 0.000000 0.000000 0.664603 0.747197
102.525077105 3.625300 3.555029 0.000000 0.000000 0.000000 0.664584 0.747213
102.574762106 3.627005 3.554936 0.000000 0.000000 0.000000 0.664541 0.747252
102.674291134 3.626952 3.554767 0.000000 0.000000 0.000000 0.664394 0.747382
