56.000000000 -0.006012 1.005756 0.000000 0.000000 0.000000 0.004783 0.999989
56.092626333 -0.006989 1.007010 0.000000 0.000000 0.000000 0.002170 0.999998
56.136488199 -0.007067 1.009551 0.000000 0.000000 0.000000 0.003069 0.999995
56.234569073 -0.007068 1.012783 0.000000 0.000000 0.000000 0.002971 0.999996
56.291095257 -0.010050 1.014203 0.000000 0.000000 0.000000 0.003493 0.999994
56.384810448 -0.011582 1.015060 0.000000 0.000000 0.000000 0.003924 0.999992
56.432573795 -0.013425 1.015376 0.000000 0.000000 0.000000 0.004253 0.999991
56.517774343 -0.013815 1.015834 0.000000 0.000000 0.000000 0.004452 0.999990
56.566277504 -0.014770 1.017730 0.000000 0.000000 0.000000 0.004535 0.999990
56.658776283 -0.016563 1.018027 0.000000 0.000000 0.000000 0.004560 0.999990
56.719421625 -0.017884 1.020529 0.000000 0.000000 0.000000 0.004717 0.999989
56.806190968 -0.017273 1.021647 0.000000 0.000000 0.000000 0.004852 0.999988
56.859033823 -0.018923 1.023642 0.000000 0.000000 0.000000 0.004670 0.999989
56.956225157 -0.020166 1.024752 0.000000 0.000000 0.000000 0.004635 0.999989
56.992516994 -0.020904 1.026223 0.000000 0.000000 0.000000 0.004691 0.999989
57.085117579 -0.021210 1.027738 0.000000 0.000000 0.000000 0.004471 0.999990
57.135342836 -0.021934 1.029261 0.000000 0.000000 0.000000 0.004365 0.999990
57.226917267 -0.022270 1.030014 0.000000 0.000000 0.000000 0.004282 0.999991
57.280653477 -0.021825 1.030950 0.000000 0.000000 0.000000 0.004279 0.999991
57.376023293 -0.023111 1.032276 0.000000 0.000000 0.000000 0.004096 0.999992
57.421943903 -0.022125 1.033427 0.000000 0.000000 0.000000 0.004239 0.999991
57.506844759 -0.022175 1.034357 0.000000 0.000000 0.000000 0.003612 0.999993
57.561612844 -0.022215 1.034686 0.000000 0.000000 0.000000 0.003481 0.999994
57.661116600 -0.022629 1.035114 0.000000 0.000000 0.000000 0.003400 0.999994
57.713097334 -0.021673 1.034602 0.000000 0.000000 0.000000 0.003235 0.999995
57.818692207 -0.021161 1.034294 0.000000 0.000000 0.000000 0.003424 0.999994
57.857132435 -0.020186 1.035629 0.000000 0.000000 0.000000 0.003427 0.999994
57.942367077 -0.021161 1.037406 0.000000 0.000000 0.000000 0.003106 0.999995
57.993121147 -0.021153 1.039077 0.000000 0.000000 0.000000 0.002674 0.999996
58.084053516 -0.020361 1.038353 0.000000 0.000000 0.000000 0.002775 0.999996
58.134043932 -0.020420 1.036996 0.000000 0.000000 0.000000 0.002503 0.999997
58.226578236 -0.021205 1.035757 0.000000 0.000000 0.000000 0.002878 0.999996
58.278188705 -0.021881 1.034200 0.000000 0.000000 0.000000 0.003243 0.999995
58.375108480 -0.021756 1.034100 0.000000 0.000000 0.000000 0.003034 0.999995
58.432198524 -0.021192 1.033418 0.000000 0.000000 0.000000 0.002825 0.999996
58.513686180 -0.021459 1.034485 0.000000 0.000000 0.000000 0.002675 0.999996
58.577755451 -0.021982 1.034829 0.000000 0.000000 0.000000 0.002823 0.999996
58.663658381 -0.021838 1.034275 0.000000 0.000000 0.000000 0.002666 0.999996
58.721382856 -0.021053 1.034152 0.000000 0.000000 0.000000 0.002618 0.999997
58.811643362 -0.021531 1.034615 0.000000 0.000000 0.000000 0.002833 0.999996
58.859117508 -0.021326 1.035488 0.000000 0.000000 0.000000 0.002852 0.999996
58.954252720 -0.022074 1.034867 0.000000 0.000000 0.000000 0.003014 0.999995
59.016629219 -0.023010 1.035202 0.000000 0.000000 0.000000 0.003216 0.999995
59.106379747 -0.024178 1.035144 0.000000 0.000000 0.000000 0.003257 0.999995
59.158839226 -0.024820 1.034925 0.000000 0.000000 0.000000 0.003164 0.999995
59.239713192 -0.025491 1.036463 0.000000 0.000000 0.000000 0.003268 0.999995
59.295119047 -0.025265 1.035382 0.000000 0.000000 0.000000 0.003358 0.999994
59.400145054 -0.026335 1.034036 0.000000 0.000000 0.000000 0.003561 0.999994
59.447155952 -0.025501 1.034954 0.000000 0.000000 0.000000 0.003798 0.999993
59.543852329 -0.025914 1.035112 0.000000 0.000000 0.000000 0.003590 0.999994
59.590034962 -0.026474 1.034752 0.000000 0.000000 0.000000 0.003369 0.999994
59.665421247 -0.027384 1.034540 0.000000 0.000000 0.000000 0.003455 0.999994
59.720851421 -0.027622 1.035514 0.000000 0.000000 0.000000 0.003040 0.999995
59.805132151 -0.028726 1.034860 0.000000 0.000000 0.000000 0.002914 0.999996
59.860359430 -0.028954 1.034225 0.000000 0.000000 0.000000 0.002752 0.999996
59.957119226 -0.028679 1.033831 0.000000 0.000000 0.000000 0.002814 0.999996
60.005816936 -0.028111 1.034100 0.000000 0.000000 0.000000 0.002878 0.999996
60.089397669 -0.028591 1.036460 0.000000 0.000000 0.000000 0.002812 0.999996
60.138172865 -0.028608 1.035544 0.000000 0.000000 0.000000 0.003059 0.999995
60.220950127 -0.029544 1.036775 0.000000 0.000000 0.000000 0.003124 0.999995
60.272440672 -0.029720 1.036351 0.000000 0.000000 0.000000 0.003278 0.999995
60.365985632 -0.030825 1.037374 0.000000 0.000000 0.000000 0.003211 0.999995
60.419920921 -0.029795 1.038512 0.000000 0.000000 0.000000 0.003156 0.999995
60.517887354 -0.030572 1.039476 0.000000 0.000000 0.000000 0.003217 0.999995
60.576246977 -0.032090 1.040076 0.000000 0.000000 0.000000 0.003191 0.999995
60.661265135 -0.031788 1.039765 0.000000 0.000000 0.000000 0.003050 0.999995
60.720116138 -0.031447 1.039708 0.000000 0.000000 0.000000 0.003060 0.999995
60.806773424 -0.032567 1.038402 0.000000 0.000000 0.000000 0.003266 0.999995
60.856551170 -0.033902 1.037965 0.000000 0.000000 0.000000 0.003264 0.999995
60.954911470 -0.034836 1.039393 0.000000 0.000000 0.000000 0.003402 0.999994
61.012297630 -0.034448 1.039312 0.000000 0.000000 0.000000 0.003430 0.999994
61.109639168 -0.034096 1.040278 0.000000 0.000000 0.000000 0.003239 0.999995
61.157109976 -0.034354 1.040384 0.000000 0.000000 0.000000 0.002889 0.999996
61.239634752 -0.033970 1.041602 0.000000 0.000000 0.000000 0.002765 0.999996
61.291578770 -0.034765 1.041972 0.000000 0.000000 0.000000 0.002859 0.999996
61.377224922 -0.036591 1.042328 0.000000 0.000000 0.000000 0.002282 0.999997
61.424571276 -0.037096 1.043326 0.000000 0.000000 0.000000 0.002388 0.999997
61.517945051 -0.036867 1.044339 0.000000 0.000000 0.000000 0.002534 0.999997
61.571182013 -0.038022 1.044239 0.000000 0.000000 0.000000 0.002776 0.999996
61.674693108 -0.037791 1.045744 0.000000 0.000000 0.000000 0.003033 0.999995
61.731230259 -0.034476 1.043080 0.000000 0.000000 0.000000 0.003175 0.999995
61.823836803 -0.035298 1.043852 0.000000 0.000000 0.000000 0.002957 0.999996
61.867137194 -0.035070 1.045006 0.000000 0.000000 0.000000 0.003162 0.999995
61.957184315 -0.035259 1.044564 0.000000 0.000000 0.000000 0.002750 0.999996
62.007257462 -0.035733 1.046058 0.000000 0.000000 0.000000 0.002641 0.999997
62.096065044 -0.036087 1.047311 0.000000 0.000000 0.000000 0.002173 0.999998
62.149833441 -0.035886 1.046823 0.000000 0.000000 0.000000 0.001973 0.999998
62.231528997 -0.020206 1.046124 0.000000 0.000000 0.000000 0.001931 0.999998
62.288254261 -0.008557 1.045641 0.000000 0.000000 0.000000 0.001827 0.999998
62.372793436 0.008367 1.046112 0.000000 0.000000 0.000000 0.001847 0.999998
62.437046528 0.021842 1.046704 0.000000 0.000000 0.000000 0.001688 0.999999
62.518205643 0.038473 1.046292 0.000000 0.000000 0.000000 0.001735 0.999998
62.573649645 0.049568 1.047424 0.000000 0.000000 0.000000 0.001838 0.999998
62.658019066 0.065654 1.048203 0.000000 0.000000 0.000000 0.002219 0.999998
62.708748341 0.075816 1.048085 0.000000 0.000000 0.000000 0.002218 0.999998
62.802901506 0.094724 1.047650 0.000000 0.000000 0.000000 0.002205 0.999998
62.862125397 0.105927 1.048431 0.000000 0.000000 0.000000 0.002013 0.999998
62.944721937 0.120946 1.049031 0.000000 0.000000 0.000000 0.002043 0.999998
63.001682520 0.131397 1.049075 0.000000 0.000000 0.000000 0.002033 0.999998
63.096352816 0.149259 1.048055 0.000000 0.000000 0.000000 0.001891 0.999998
63.140980959 0.157427 1.048253 0.000000 0.000000 0.000000 0.001801 0.999998
63.224403381 0.173882 1.047227 0.000000 0.000000 0.000000 0.001915 0.999998
63.278097630 0.184068 1.047631 0.000000 0.000000 0.000000 0.001953 0.999998
63.378735542 0.202823 1.044206 0.000000 0.000000 0.000000 0.002007 0.999998
63.429337263 0.212748 1.043709 0.000000 0.000000 0.000000 0.001937 0.999998
63.507558107 0.228373 1.043261 0.000000 0.000000 0.000000 0.001854 0.999998
63.561244726 0.238224 1.042528 0.000000 0.000000 0.000000 0.001868 0.999998
63.651183605 0.255350 1.041752 0.000000 0.000000 0.000000 0.001882 0.999998
63.722069025 0.268798 1.039306 0.000000 0.000000 0.000000 0.001871 0.999998
63.818211794 0.287700 1.039337 0.000000 0.000000 0.000000 0.001905 0.999998
63.867984533 0.297049 1.038376 0.000000 0.000000 0.000000 0.001831 0.999998
63.954170942 0.314469 1.037191 0.000000 0.000000 0.000000 0.001928 0.999998
64.007827759 0.325315 1.036197 0.000000 0.000000 0.000000 0.001922 0.999998
64.098969221 0.342623 1.035871 0.000000 0.000000 0.000000 0.001965 0.999998
64.150251389 0.353396 1.035251 0.000000 0.000000 0.000000 0.002075 0.999998
64.240028858 0.369673 1.035939 0.000000 0.000000 0.000000 0.002125 0.999998
64.291742325 0.378924 1.035409 0.000000 0.000000 0.000000 0.001872 0.999998
64.384911537 0.397381 1.035569 0.000000 0.000000 0.000000 0.002089 0.999998
64.438662767 0.408457 1.034463 0.000000 0.000000 0.000000 0.002269 0.999997
64.529100657 0.425216 1.033875 0.000000 0.000000 0.000000 0.002551 0.999997
64.581606388 0.436003 1.033862 0.000000 0.000000 0.000000 0.002485 0.999997
64.666499376 0.453269 1.034702 0.000000 0.000000 0.000000 0.002641 0.999997
64.719514608 0.463554 1.033949 0.000000 0.000000 0.000000 0.002478 0.999997
64.801486015 0.479645 1.035278 0.000000 0.000000 0.000000 0.002645 0.999997
64.853920698 0.489010 1.035543 0.000000 0.000000 0.000000 0.002651 0.999996
64.943417788 0.506631 1.033898 0.000000 0.000000 0.000000 0.002654 0.999996
64.995023489 0.517067 1.033285 0.000000 0.000000 0.000000 0.002615 0.999997
65.076430798 0.533264 1.027752 0.000000 0.000000 0.000000 0.003220 0.999995
65.137303352 0.544303 1.027326 0.000000 0.000000 0.000000 0.003452 0.999994
65.235720634 0.563131 1.028139 0.000000 0.000000 0.000000 0.003679 0.999993
65.286878586 0.574061 1.028510 0.000000 0.000000 0.000000 0.003705 0.999993
65.388996363 0.594260 1.029211 0.000000 0.000000 0.000000 0.003863 0.999993
65.443364143 0.604905 1.028671 0.000000 0.000000 0.000000 0.003639 0.999993
65.533442974 0.622165 1.029692 0.000000 0.000000 0.000000 0.004019 0.999992
65.583643198 0.632826 1.029427 0.000000 0.000000 0.000000 0.003816 0.999993
65.666572094 0.647962 1.030728 0.000000 0.000000 0.000000 0.003876 0.999992
65.718314648 0.658600 1.030971 0.000000 0.000000 0.000000 0.004227 0.999991
65.813969851 0.676417 1.032010 0.000000 0.000000 0.000000 0.004325 0.999991
65.860479355 0.686422 1.031830 0.000000 0.000000 0.000000 0.004587 0.999989
65.949100494 0.704838 1.030744 0.000000 0.000000 0.000000 0.004325 0.999991
66.006313324 0.715832 1.028697 0.000000 0.000000 0.000000 0.004356 0.999991
66.091695070 0.731517 1.028949 0.000000 0.000000 0.000000 0.004461 0.999990
66.150105000 0.742453 1.028479 0.000000 0.000000 0.000000 0.004634 0.999989
66.245607138 0.761156 1.026959 0.000000 0.000000 0.000000 0.004987 0.999988
66.289936066 0.769527 1.026770 0.000000 0.000000 0.000000 0.005191 0.999987
66.374847174 0.787041 1.027000 0.000000 0.000000 0.000000 0.005163 0.999987
66.427448988 0.797925 1.026018 0.000000 0.000000 0.000000 0.005241 0.999986
66.515174389 0.814433 1.025269 0.000000 0.000000 0.000000 0.005291 0.999986
66.565155268 0.825196 1.025301 0.000000 0.000000 0.000000 0.005321 0.999986
66.668905973 0.845092 1.025237 0.000000 0.000000 0.000000 0.005120 0.999987
66.720251560 0.852821 1.021784 0.000000 0.000000 0.000000 0.004835 0.999988
66.818524122 0.871962 1.021238 0.000000 0.000000 0.000000 0.004987 0.999988
66.862034321 0.880575 1.019884 0.000000 0.000000 0.000000 0.005098 0.999987
66.948162079 0.898071 1.019939 0.000000 0.000000 0.000000 0.004947 0.999988
66.998103142 0.907824 1.018868 0.000000 0.000000 0.000000 0.005156 0.999987
67.100195885 0.928087 1.018455 0.000000 0.000000 0.000000 0.005423 0.999985
67.157076359 0.939634 1.018358 0.000000 0.000000 0.000000 0.005363 0.999986
67.269846916 0.961968 1.018423 0.000000 0.000000 0.000000 0.005640 0.999984
67.325706720 0.972558 1.017663 0.000000 0.000000 0.000000 0.005594 0.999984
67.417520761 0.989812 1.017463 0.000000 0.000000 0.000000 0.005582 0.999984
67.475314379 1.000579 1.017765 0.000000 0.000000 0.000000 0.005796 0.999983
67.587245464 1.021007 1.018050 0.000000 0.000000 0.000000 0.005414 0.999985
67.657504320 1.034688 1.018640 0.000000 0.000000 0.000000 0.005050 0.999987
67.744100571 1.050238 1.018299 0.000000 0.000000 0.000000 0.005016 0.999987
67.809964418 1.064790 1.018425 0.000000 0.000000 0.000000 0.005011 0.999987
67.907867193 1.083543 1.018514 0.000000 0.000000 0.000000 0.005038 0.999987
67.955658197 1.093019 1.017983 0.000000 0.000000 0.000000 0.004938 0.999988
68.043772697 1.110434 1.019273 0.000000 0.000000 0.000000 0.004675 0.999989
68.092056751 1.119546 1.019651 0.000000 0.000000 0.000000 0.004841 0.999988
68.198954105 1.139199 1.020034 0.000000 0.000000 0.000000 0.004803 0.999988
68.239401817 1.146980 1.020468 0.000000 0.000000 0.000000 0.004809 0.999988
68.334116697 1.165444 1.021916 0.000000 0.000000 0.000000 0.004939 0.999988
68.393169165 1.175775 1.022625 0.000000 0.000000 0.000000 0.004872 0.999988
68.488315105 1.194903 1.021995 0.000000 0.000000 0.000000 0.004978 0.999988
68.548655272 1.206407 1.021655 0.000000 0.000000 0.000000 0.005029 0.999987
68.628951550 1.221781 1.023391 0.000000 0.000000 0.000000 0.004992 0.999988
68.688163757 1.233311 1.023703 0.000000 0.000000 0.000000 0.004846 0.999988
68.771270037 1.249987 1.023345 0.000000 0.000000 0.000000 0.004929 0.999988
68.824939728 1.260225 1.023487 0.000000 0.000000 0.000000 0.004705 0.999989
68.927378178 1.279905 1.024390 0.000000 0.000000 0.000000 0.004633 0.999989
68.988554239 1.292508 1.025525 0.000000 0.000000 0.000000 0.004886 0.999988
69.091393948 1.311922 1.023980 0.000000 0.000000 0.000000 0.004765 0.999989
69.142657280 1.322421 1.024557 0.000000 0.000000 0.000000 0.004700 0.999989
69.226943970 1.338489 1.024307 0.000000 0.000000 0.000000 0.004657 0.999989
69.291504383 1.349273 1.024657 0.000000 0.000000 0.000000 0.004699 0.999989
69.395749092 1.369026 1.023892 0.000000 0.000000 0.000000 0.004819 0.999988
69.444655418 1.379315 1.024353 0.000000 0.000000 0.000000 0.004959 0.999988
69.543005466 1.397678 1.024716 0.000000 0.000000 0.000000 0.004900 0.999988
69.595045090 1.407794 1.025254 0.000000 0.000000 0.000000 0.004889 0.999988
69.695927858 1.428234 1.024287 0.000000 0.000000 0.000000 0.004780 0.999989
69.753221989 1.437806 1.025767 0.000000 0.000000 0.000000 0.004716 0.999989
69.852281094 1.456621 1.025363 0.000000 0.000000 0.000000 0.004403 0.999990
69.909631014 1.467786 1.026268 0.000000 0.000000 0.000000 0.004479 0.999990
70.003495455 1.484773 1.024920 0.000000 0.000000 0.000000 0.004643 0.999989
70.055417776 1.494002 1.025465 0.000000 0.000000 0.000000 0.004872 0.999988
70.137858391 1.510467 1.027341 0.000000 0.000000 0.000000 0.005134 0.999987
70.199167728 1.521373 1.028261 0.000000 0.000000 0.000000 0.005336 0.999986
70.302878618 1.540349 1.028673 0.000000 0.000000 0.000000 0.005378 0.999986
70.369396687 1.553120 1.029438 0.000000 0.000000 0.000000 0.005388 0.999985
70.461210728 1.571641 1.030106 0.000000 0.000000 0.000000 0.005536 0.999985
70.509778738 1.580723 1.030973 0.000000 0.000000 0.000000 0.005626 0.999984
70.599387646 1.597973 1.032088 0.000000 0.000000 0.000000 0.005531 0.999985
70.656033039 1.609044 1.032783 0.000000 0.000000 0.000000 0.005532 0.999985
70.768153429 1.630647 1.033220 0.000000 0.000000 0.000000 0.005505 0.999985
70.815999985 1.641041 1.032869 0.000000 0.000000 0.000000 0.005451 0.999985
70.900581121 1.658851 1.034380 0.000000 0.000000 0.000000 0.005181 0.999987
70.955633402 1.670106 1.033274 0.000000 0.000000 0.000000 0.005371 0.999986
71.042252779 1.686607 1.034087 0.000000 0.000000 0.000000 0.005205 0.999986
71.103641987 1.697957 1.036432 0.000000 0.000000 0.000000 0.005186 0.999987
71.186776161 1.715190 1.036997 0.000000 0.000000 0.000000 0.005186 0.999987
71.250498533 1.728256 1.038651 0.000000 0.000000 0.000000 0.005060 0.999987
71.341936827 1.734834 1.039038 0.000000 0.000000 0.000000 0.013695 0.999906
71.393325806 1.737507 1.038874 0.000000 0.000000 0.000000 0.018566 0.999828
71.487019539 1.741561 1.040158 0.000000 0.000000 0.000000 0.027394 0.999625
71.537977695 1.744272 1.040291 0.000000 0.000000 0.000000 0.032380 0.999476
71.626116753 1.748310 1.040439 0.000000 0.000000 0.000000 0.040704 0.999171
71.682151079 1.750876 1.041474 0.000000 0.000000 0.000000 0.045852 0.998948
71.763496399 1.752994 1.040860 0.000000 0.000000 0.000000 0.053732 0.998555
71.820455313 1.754927 1.041062 0.000000 0.000000 0.000000 0.059421 0.998233
71.918866396 1.758963 1.041352 0.000000 0.000000 0.000000 0.069013 0.997616
71.975845575 1.761246 1.040496 0.000000 0.000000 0.000000 0.074185 0.997244
72.068582535 1.764821 1.042786 0.000000 0.000000 0.000000 0.083099 0.996541
72.122643709 1.767477 1.043337 0.000000 0.000000 0.000000 0.088080 0.996113
72.217851877 1.785214 1.047073 0.000000 0.000000 0.000000 0.087881 0.996131
72.265589714 1.794470 1.049423 0.000000 0.000000 0.000000 0.087874 0.996132
72.354194641 1.811625 1.051875 0.000000 0.000000 0.000000 0.087958 0.996124
72.403216600 1.820020 1.053483 0.000000 0.000000 0.000000 0.087741 0.996143
72.504085302 1.840174 1.058046 0.000000 0.000000 0.000000 0.087832 0.996135
72.559812546 1.850802 1.062407 0.000000 0.000000 0.000000 0.087597 0.996156
72.641114473 1.868215 1.065390 0.000000 0.000000 0.000000 0.087613 0.996155
72.695553064 1.878895 1.068519 0.000000 0.000000 0.000000 0.087510 0.996164
72.784453154 1.896702 1.071529 0.000000 0.000000 0.000000 0.087459 0.996168
72.839464188 1.899219 1.071363 0.000000 0.000000 0.000000 0.092828 0.995682
72.931765556 1.904628 1.072874 0.000000 0.000000 0.000000 0.101235 0.994863
72.986810684 1.906743 1.073969 0.000000 0.000000 0.000000 0.106399 0.994324
73.071648121 1.911593 1.075207 0.000000 0.000000 0.000000 0.114422 0.993432
73.129702330 1.914817 1.075845 0.000000 0.000000 0.000000 0.120034 0.992770
73.227200508 1.918930 1.075622 0.000000 0.000000 0.000000 0.129009 0.991643
73.271549940 1.920271 1.074626 0.000000 0.000000 0.000000 0.133270 0.991080
73.365193605 1.938597 1.080246 0.000000 0.000000 0.000000 0.133075 0.991106
73.410813332 1.947121 1.085746 0.000000 0.000000 0.000000 0.132803 0.991142
73.495560646 1.963085 1.089628 0.000000 0.000000 0.000000 0.133097 0.991103
73.549853325 1.973645 1.091995 0.000000 0.000000 0.000000 0.132988 0.991118
73.635336399 1.989425 1.096897 0.000000 0.000000 0.000000 0.132991 0.991117
73.700213671 2.001669 1.100864 0.000000 0.000000 0.000000 0.133020 0.991113
73.794411182 2.020202 1.106345 0.000000 0.000000 0.000000 0.132940 0.991124
73.851395130 2.030374 1.109132 0.000000 0.000000 0.000000 0.132923 0.991126
73.934927464 2.046352 1.113994 0.000000 0.000000 0.000000 0.132800 0.991143
73.994324923 2.049442 1.114875 0.000000 0.000000 0.000000 0.138127 0.990415
74.076428652 2.052902 1.115414 0.000000 0.000000 0.000000 0.145474 0.989362
74.138641834 2.055977 1.116169 0.000000 0.000000 0.000000 0.151015 0.988532
74.232690811 2.059744 1.117669 0.000000 0.000000 0.000000 0.159644 0.987175
74.284757137 2.062197 1.117924 0.000000 0.000000 0.000000 0.164383 0.986397
74.368963718 2.067893 1.119537 0.000000 0.000000 0.000000 0.172492 0.985011
74.424954653 2.071338 1.119629 0.000000 0.000000 0.000000 0.177446 0.984130
74.512892008 2.076306 1.120687 0.000000 0.000000 0.000000 0.185920 0.982565
74.568120718 2.084822 1.124475 0.000000 0.000000 0.000000 0.185673 0.982612
74.659038782 2.099811 1.130479 0.000000 0.000000 0.000000 0.185648 0.982616
74.720528126 2.111745 1.134022 0.000000 0.000000 0.000000 0.185709 0.982605
74.807915449 2.128281 1.141401 0.000000 0.000000 0.000000 0.185631 0.982619
74.867791891 2.140897 1.146374 0.000000 0.000000 0.000000 0.185909 0.982567
74.956265450 2.156968 1.151450 0.000000 0.000000 0.000000 0.186095 0.982532
75.006022692 2.165470 1.152813 0.000000 0.000000 0.000000 0.186007 0.982549
75.093890429 2.182424 1.158569 0.000000 0.000000 0.000000 0.186514 0.982452
75.151803017 2.192828 1.163824 0.000000 0.000000 0.000000 0.186209 0.982510
75.237923384 2.207166 1.169983 0.000000 0.000000 0.000000 0.186133 0.982525
75.289012432 2.218076 1.175257 0.000000 0.000000 0.000000 0.186348 0.982484
75.377345324 2.234441 1.181719 0.000000 0.000000 0.000000 0.186578 0.982440
75.433693886 2.244922 1.186509 0.000000 0.000000 0.000000 0.186907 0.982378
75.537194490 2.264325 1.193356 0.000000 0.000000 0.000000 0.186904 0.982378
75.586070776 2.274145 1.195604 0.000000 0.000000 0.000000 0.186903 0.982378
75.689361572 2.292911 1.203951 0.000000 0.000000 0.000000 0.187059 0.982349
75.744805098 2.304246 1.208715 0.000000 0.000000 0.000000 0.187135 0.982334
75.826009274 2.319277 1.214312 0.000000 0.000000 0.000000 0.186815 0.982395
75.899021864 2.323082 1.215999 0.000000 0.000000 0.000000 0.193605 0.981080
75.992537260 2.327589 1.217186 0.000000 0.000000 0.000000 0.202434 0.979296
76.056124210 2.331425 1.218761 0.000000 0.000000 0.000000 0.208359 0.978052
76.141805172 2.335122 1.218883 0.000000 0.000000 0.000000 0.216007 0.976392
76.196712971 2.337512 1.219252 0.000000 0.000000 0.000000 0.220707 0.975340
76.279946327 2.339066 1.221357 0.000000 0.000000 0.000000 0.228067 0.973645
76.336917877 2.339384 1.222542 0.000000 0.000000 0.000000 0.233364 0.972390
76.431858301 2.343737 1.224001 0.000000 0.000000 0.000000 0.242073 0.970258
76.487337351 2.351544 1.228389 0.000000 0.000000 0.000000 0.241854 0.970313
76.576975346 2.366859 1.234747 0.000000 0.000000 0.000000 0.242363 0.970186
76.635664701 2.376564 1.241021 0.000000 0.000000 0.000000 0.242424 0.970171
76.736702204 2.393554 1.249404 0.000000 0.000000 0.000000 0.242360 0.970186
76.784813404 2.401023 1.253596 0.000000 0.000000 0.000000 0.241889 0.970304
76.872728825 2.412929 1.262727 0.000000 0.000000 0.000000 0.241882 0.970306
76.940669060 2.425286 1.269872 0.000000 0.000000 0.000000 0.242132 0.970243
77.039191484 2.442510 1.278332 0.000000 0.000000 0.000000 0.242339 0.970192
77.091496944 2.451510 1.283291 0.000000 0.000000 0.000000 0.242296 0.970202
77.178045034 2.455759 1.285275 0.000000 0.000000 0.000000 0.250202 0.968194
77.233334064 2.457958 1.285314 0.000000 0.000000 0.000000 0.255225 0.966882
77.321522951 2.460879 1.286289 0.000000 0.000000 0.000000 0.263355 0.964699
77.385615587 2.463365 1.287878 0.000000 0.000000 0.000000 0.269165 0.963094
77.482558012 2.477903 1.295547 0.000000 0.000000 0.000000 0.269323 0.963050
77.535058022 2.486967 1.300957 0.000000 0.000000 0.000000 0.269254 0.963069
77.635596514 2.503811 1.310860 0.000000 0.000000 0.000000 0.269275 0.963063
77.687636852 2.512212 1.315999 0.000000 0.000000 0.000000 0.269156 0.963096
77.783472538 2.527847 1.326332 0.000000 0.000000 0.000000 0.269359 0.963040
77.833787918 2.535605 1.330338 0.000000 0.000000 0.000000 0.269607 0.962970
77.940711260 2.554311 1.340506 0.000000 0.000000 0.000000 0.269362 0.963039
77.985099792 2.562350 1.345811 0.000000 0.000000 0.000000 0.269698 0.962945
78.074628830 2.577959 1.353269 0.000000 0.000000 0.000000 0.269670 0.962953
78.126539230 2.585856 1.358642 0.000000 0.000000 0.000000 0.269710 0.962942
78.225707769 2.590676 1.360636 0.000000 0.000000 0.000000 0.278631 0.960398
78.287621975 2.592290 1.360780 0.000000 0.000000 0.000000 0.284369 0.958715
78.371752024 2.607207 1.368295 0.000000 0.000000 0.000000 0.284523 0.958669
78.425225496 2.616106 1.374345 0.000000 0.000000 0.000000 0.284396 0.958707
78.525620699 2.634203 1.385594 0.000000 0.000000 0.000000 0.284868 0.958567
78.588539600 2.643636 1.392341 0.000000 0.000000 0.000000 0.285094 0.958500
78.670593977 2.657723 1.400747 0.000000 0.000000 0.000000 0.284899 0.958558
78.735427380 2.667343 1.408143 0.000000 0.000000 0.000000 0.284835 0.958576
78.827690363 2.682277 1.418632 0.000000 0.000000 0.000000 0.284741 0.958604
78.889282465 2.692730 1.424342 0.000000 0.000000 0.000000 0.284899 0.958557
78.986895561 2.708845 1.433564 0.000000 0.000000 0.000000 0.284617 0.958641
79.038242817 2.719308 1.439858 0.000000 0.000000 0.000000 0.284784 0.958592
79.133278370 2.724848 1.442461 0.000000 0.000000 0.000000 0.293408 0.955987
79.188038111 2.726740 1.445262 0.000000 0.000000 0.000000 0.298064 0.954546
79.274859905 2.730212 1.448917 0.000000 0.000000 0.000000 0.305581 0.952166
79.325020790 2.737487 1.452588 0.000000 0.000000 0.000000 0.305650 0.952144
79.419587612 2.750875 1.462944 0.000000 0.000000 0.000000 0.305908 0.952061
79.476016521 2.759117 1.468518 0.000000 0.000000 0.000000 0.305876 0.952071
79.572896481 2.774395 1.480067 0.000000 0.000000 0.000000 0.305799 0.952096
79.625355482 2.782223 1.485627 0.000000 0.000000 0.000000 0.305943 0.952050
79.715934038 2.797047 1.496100 0.000000 0.000000 0.000000 0.305664 0.952139
79.766192913 2.805993 1.502421 0.000000 0.000000 0.000000 0.305826 0.952087
79.851100206 2.819158 1.513899 0.000000 0.000000 0.000000 0.305733 0.952117
79.911969662 2.829337 1.522156 0.000000 0.000000 0.000000 0.305944 0.952049
80.005322218 2.843505 1.534645 0.000000 0.000000 0.000000 0.306034 0.952021
80.049822092 2.850708 1.539703 0.000000 0.000000 0.000000 0.306641 0.951825
80.144307137 2.865842 1.550728 0.000000 0.000000 0.000000 0.306591 0.951841
80.194717646 2.873087 1.556791 0.000000 0.000000 0.000000 0.306508 0.951868
80.283586025 2.876935 1.558430 0.000000 0.000000 0.000000 0.314658 0.949205
80.339012861 2.879667 1.560195 0.000000 0.000000 0.000000 0.319589 0.947556
80.432806969 2.885632 1.562631 0.000000 0.000000 0.000000 0.327912 0.944708
80.481657505 2.886540 1.563301 0.000000 0.000000 0.000000 0.332231 0.943198
80.570667744 2.890179 1.565735 0.000000 0.000000 0.000000 0.340003 0.940424
80.629180193 2.891508 1.566925 0.000000 0.000000 0.000000 0.345145 0.938549
80.725515127 2.895847 1.569476 0.000000 0.000000 0.000000 0.353622 0.935388
80.785824299 2.897954 1.570800 0.000000 0.000000 0.000000 0.358879 0.933384
80.885531425 2.901989 1.572967 0.000000 0.000000 0.000000 0.367539 0.930008
80.931448936 2.902332 1.574986 0.000000 0.000000 0.000000 0.371700 0.928353
81.023196459 2.915486 1.586958 0.000000 0.000000 0.000000 0.371867 0.928286
81.074112654 2.921773 1.594767 0.000000 0.000000 0.000000 0.371887 0.928278
81.169610262 2.935566 1.607828 0.000000 0.000000 0.000000 0.371549 0.928413
81.221564293 2.941873 1.615452 0.000000 0.000000 0.000000 0.371445 0.928455
81.317089081 2.954785 1.628420 0.000000 0.000000 0.000000 0.371503 0.928432
81.373459816 2.963503 1.636760 0.000000 0.000000 0.000000 0.371564 0.928407
81.468533754 2.977121 1.649004 0.000000 0.000000 0.000000 0.371717 0.928346
81.523016691 2.985610 1.656391 0.000000 0.000000 0.000000 0.371674 0.928363
81.598726511 2.996387 1.668420 0.000000 0.000000 0.000000 0.372586 0.927998
81.657386780 2.999430 1.671698 0.000000 0.000000 0.000000 0.377483 0.926016
81.743980408 3.002491 1.675051 0.000000 0.000000 0.000000 0.385018 0.922909
81.802433014 3.003764 1.676185 0.000000 0.000000 0.000000 0.389752 0.920920
81.892469883 3.007217 1.679980 0.000000 0.000000 0.000000 0.397467 0.917616
81.951400280 3.008796 1.682780 0.000000 0.000000 0.000000 0.402540 0.915403
82.051398516 3.012058 1.687142 0.000000 0.000000 0.000000 0.410974 0.911647
82.098116398 3.014340 1.688364 0.000000 0.000000 0.000000 0.415248 0.909708
82.188131332 3.027111 1.701344 0.000000 0.000000 0.000000 0.415316 0.909677
82.248149872 3.034421 1.710162 0.000000 0.000000 0.000000 0.415124 0.909765
82.336132288 3.045032 1.722508 0.000000 0.000000 0.000000 0.415108 0.909772
82.396090031 3.053122 1.730169 0.000000 0.000000 0.000000 0.415045 0.909801
82.493404388 3.065932 1.744500 0.000000 0.000000 0.000000 0.415025 0.909810
82.545469284 3.071918 1.752114 0.000000 0.000000 0.000000 0.415135 0.909760
82.645762682 3.085415 1.767053 0.000000 0.000000 0.000000 0.415269 0.909699
82.703368902 3.092399 1.776920 0.000000 0.000000 0.000000 0.415233 0.909715
82.786747932 3.104476 1.789368 0.000000 0.000000 0.000000 0.415204 0.909728
82.854153395 3.113722 1.797908 0.000000 0.000000 0.000000 0.415392 0.909643
82.943068027 3.125014 1.811502 0.000000 0.000000 0.000000 0.415457 0.909613
83.009804964 3.134123 1.823215 0.000000 0.000000 0.000000 0.415829 0.909443
83.085191727 3.144732 1.834891 0.000000 0.000000 0.000000 0.415943 0.909391
83.153803349 3.154583 1.843116 0.000000 0.000000 0.000000 0.415857 0.909430
83.241653681 3.165177 1.854889 0.000000 0.000000 0.000000 0.415971 0.909378
83.297069788 3.167910 1.857251 0.000000 0.000000 0.000000 0.420601 0.907246
83.389735460 3.171684 1.859320 0.000000 0.000000 0.000000 0.428478 0.903552
83.453119040 3.173831 1.860732 0.000000 0.000000 0.000000 0.433912 0.900955
83.537900448 3.176764 1.863760 0.000000 0.000000 0.000000 0.441178 0.897420
83.597048283 3.177939 1.865682 0.000000 0.000000 0.000000 0.446207 0.894930
83.717325926 3.181201 1.868829 0.000000 0.000000 0.000000 0.456263 0.889845
83.749479055 3.183234 1.869776 0.000000 0.000000 0.000000 0.459079 0.888395
83.838826418 3.187356 1.872946 0.000000 0.000000 0.000000 0.466366 0.884592
83.901724577 3.187643 1.874232 0.000000 0.000000 0.000000 0.471737 0.881739
83.992516994 3.191361 1.877040 0.000000 0.000000 0.000000 0.479232 0.877688
84.051721573 3.192693 1.877440 0.000000 0.000000 0.000000 0.484137 0.874992
84.156426907 3.196573 1.882033 0.000000 0.000000 0.000000 0.492696 0.870201
84.200500965 3.198419 1.881359 0.000000 0.000000 0.000000 0.496401 0.868093
84.283172131 3.205615 1.893598 0.000000 0.000000 0.000000 0.496135 0.868246
84.341853619 3.213457 1.904311 0.000000 0.000000 0.000000 0.495875 0.868394
84.440338135 3.224155 1.919509 0.000000 0.000000 0.000000 0.495669 0.868511
84.490278244 3.230947 1.928152 0.000000 0.000000 0.000000 0.495153 0.868806
84.590413809 3.241224 1.945049 0.000000 0.000000 0.000000 0.495202 0.868778
84.637861252 3.239246 1.944790 0.000000 0.000000 0.000000 0.498532 0.866871
84.731191397 3.242604 1.948763 0.000000 0.000000 0.000000 0.505933 0.862573
84.795961142 3.244060 1.950563 0.000000 0.000000 0.000000 0.510984 0.859590
84.885035038 3.247328 1.954220 0.000000 0.000000 0.000000 0.518409 0.855133
84.942189693 3.251465 1.964291 0.000000 0.000000 0.000000 0.518192 0.855264
85.035698891 3.260965 1.979080 0.000000 0.000000 0.000000 0.518309 0.855194
85.087255955 3.266279 1.987828 0.000000 0.000000 0.000000 0.518539 0.855054
85.177431345 3.273851 2.002714 0.000000 0.000000 0.000000 0.518572 0.855034
85.234461546 3.279028 2.011768 0.000000 0.000000 0.000000 0.518643 0.854991
85.317269802 3.287148 2.026034 0.000000 0.000000 0.000000 0.518715 0.854947
85.371974707 3.293003 2.035131 0.000000 0.000000 0.000000 0.518740 0.854932
85.478625298 3.295411 2.038456 0.000000 0.000000 0.000000 0.527377 0.849631
85.528799295 3.296621 2.040276 0.000000 0.000000 0.000000 0.531287 0.847192
85.623463392 3.300391 2.043394 0.000000 0.000000 0.000000 0.538643 0.842534
85.673765659 3.301740 2.045446 0.000000 0.000000 0.000000 0.542679 0.839940
85.763669968 3.308054 2.058796 0.000000 0.000000 0.000000 0.542716 0.839916
85.820935726 3.313036 2.067590 0.000000 0.000000 0.000000 0.542753 0.839892
85.910727024 3.320437 2.082998 0.000000 0.000000 0.000000 0.542484 0.840066
85.964876890 3.324600 2.091834 0.000000 0.000000 0.000000 0.542384 0.840131
86.051109076 3.330346 2.107299 0.000000 0.000000 0.000000 0.542330 0.840165
86.103527308 3.334507 2.117228 0.000000 0.000000 0.000000 0.542380 0.840133
86.201452255 3.340288 2.134649 0.000000 0.000000 0.000000 0.542252 0.840216
86.242657185 3.343186 2.141610 0.000000 0.000000 0.000000 0.542309 0.840179
86.334985495 3.350225 2.159010 0.000000 0.000000 0.000000 0.542141 0.840287
86.382092714 3.351406 2.160544 0.000000 0.000000 0.000000 0.545648 0.838015
86.472083092 3.353364 2.164321 0.000000 0.000000 0.000000 0.552811 0.833307
86.523828268 3.355005 2.166516 0.000000 0.000000 0.000000 0.556807 0.830642
86.615870237 3.355872 2.169776 0.000000 0.000000 0.000000 0.564042 0.825746
86.670076370 3.356280 2.171944 0.000000 0.000000 0.000000 0.568406 0.822748
86.774803400 3.363173 2.189696 0.000000 0.000000 0.000000 0.568153 0.822923
86.820199966 3.365952 2.196839 0.000000 0.000000 0.000000 0.568028 0.823010
86.919469357 3.373353 2.215059 0.000000 0.000000 0.000000 0.567682 0.823248
86.967871189 3.376007 2.224612 0.000000 0.000000 0.000000 0.567806 0.823162
87.056761026 3.381929 2.240691 0.000000 0.000000 0.000000 0.567899 0.823098
87.109259605 3.385083 2.249997 0.000000 0.000000 0.000000 0.567683 0.823247
87.192007065 3.390429 2.265019 0.000000 0.000000 0.000000 0.567628 0.823285
87.253980637 3.394394 2.276339 0.000000 0.000000 0.000000 0.567663 0.823261
87.349741697 3.396423 2.281956 0.000000 0.000000 0.000000 0.575145 0.818052
87.405018091 3.397686 2.286294 0.000000 0.000000 0.000000 0.579256 0.815145
87.485984564 3.398190 2.290496 0.000000 0.000000 0.000000 0.585461 0.810701
87.543567896 3.399210 2.292605 0.000000 0.000000 0.000000 0.589773 0.807569
87.634330273 3.396898 2.294505 0.000000 0.000000 0.000000 0.596503 0.802611
87.686902761 3.398853 2.295822 0.000000 0.000000 0.000000 0.600370 0.799723
87.787247896 3.400417 2.299629 0.000000 0.000000 0.000000 0.607866 0.794039
87.837472916 3.403297 2.309199 0.000000 0.000000 0.000000 0.607642 0.794211
87.916748285 3.407772 2.324203 0.000000 0.000000 0.000000 0.607371 0.794418
87.986268759 3.410847 2.336971 0.000000 0.000000 0.000000 0.607327 0.794452
88.086726427 3.416367 2.356509 0.000000 0.000000 0.000000 0.607425 0.794377
88.150101423 3.419287 2.367534 0.000000 0.000000 0.000000 0.607135 0.794599
88.240933418 3.420780 2.371944 0.000000 0.000000 0.000000 0.613737 0.789510
88.297403812 3.421374 2.374465 0.000000 0.000000 0.000000 0.617849 0.786297
88.386169910 3.422837 2.379086 0.000000 0.000000 0.000000 0.624312 0.781175
88.450335503 3.422911 2.381114 0.000000 0.000000 0.000000 0.629042 0.777371
88.535275698 3.424224 2.385015 0.000000 0.000000 0.000000 0.635139 0.772398
88.605426788 3.426518 2.386459 0.000000 0.000000 0.000000 0.639994 0.768380
88.683759212 3.426226 2.389178 0.000000 0.000000 0.000000 0.645530 0.763735
88.750116110 3.427753 2.401772 0.000000 0.000000 0.000000 0.645490 0.763769
88.851769447 3.430423 2.422163 0.000000 0.000000 0.000000 0.645765 0.763536
88.916266441 3.431370 2.436454 0.000000 0.000000 0.000000 0.645677 0.763610
89.002526760 3.435640 2.451328 0.000000 0.000000 0.000000 0.645640 0.763642
89.057895184 3.437713 2.461544 0.000000 0.000000 0.000000 0.645763 0.763538
89.140100241 3.439533 2.475551 0.000000 0.000000 0.000000 0.645837 0.763475
89.195465088 3.439381 2.481841 0.000000 0.000000 0.000000 0.650229 0.759738
89.289087772 3.439623 2.485447 0.000000 0.000000 0.000000 0.657065 0.753834
89.344048738 3.438185 2.487038 0.000000 0.000000 0.000000 0.660834 0.750532
89.440391302 3.438221 2.490116 0.000000 0.000000 0.000000 0.667566 0.744551
89.492968559 3.438773 2.491807 0.000000 0.000000 0.000000 0.671390 0.741104
89.607647657 3.440847 2.512537 0.000000 0.000000 0.000000 0.671011 0.741447
89.672281504 3.442171 2.524596 0.000000 0.000000 0.000000 0.671059 0.741404
89.768073082 3.442720 2.542149 0.000000 0.000000 0.000000 0.670944 0.741508
89.829360723 3.443142 2.553451 0.000000 0.000000 0.000000 0.671254 0.741228
89.918611765 3.445111 2.570007 0.000000 0.000000 0.000000 0.671267 0.741216
89.983339548 3.445693 2.581412 0.000000 0.000000 0.000000 0.671157 0.741315
90.075467348 3.447098 2.599894 0.000000 0.000000 0.000000 0.670937 0.741515
90.136802912 3.448970 2.611835 0.000000 0.000000 0.000000 0.670955 0.741498
90.217718840 3.448663 2.626704 0.000000 0.000000 0.000000 0.670922 0.741528
90.282570362 3.448816 2.639578 0.000000 0.000000 0.000000 0.670921 0.741529
90.377734184 3.450502 2.658439 0.000000 0.000000 0.000000 0.670773 0.741663
90.428593874 3.451525 2.667130 0.000000 0.000000 0.000000 0.670745 0.741688
90.510604858 3.453889 2.682092 0.000000 0.000000 0.000000 0.670753 0.741680
90.568803549 3.455898 2.693639 0.000000 0.000000 0.000000 0.670811 0.741628
90.669097900 3.458173 2.713742 0.000000 0.000000 0.000000 0.670571 0.741845
90.734403133 3.460539 2.724931 0.000000 0.000000 0.000000 0.670565 0.741851
90.817264557 3.460468 2.739577 0.000000 0.000000 0.000000 0.670572 0.741845
90.874949217 3.461431 2.750308 0.000000 0.000000 0.000000 0.670407 0.741993
90.977848291 3.464188 2.769694 0.000000 0.000000 0.000000 0.670113 0.742259
91.038990498 3.466139 2.781406 0.000000 0.000000 0.000000 0.670091 0.742279
91.132968187 3.468409 2.797804 0.000000 0.000000 0.000000 0.670012 0.742350
91.184181929 3.469124 2.808796 0.000000 0.000000 0.000000 0.670042 0.742323
91.277483940 3.470923 2.825909 0.000000 0.000000 0.000000 0.670070 0.742298
91.333750963 3.472651 2.835091 0.000000 0.000000 0.000000 0.670228 0.742155
91.435931683 3.474974 2.853878 0.000000 0.000000 0.000000 0.670335 0.742059
91.490885019 3.476228 2.865154 0.000000 0.000000 0.000000 0.670432 0.741971
91.596405983 3.477907 2.886150 0.000000 0.000000 0.000000 0.670385 0.742013
91.657889366 3.481411 2.897527 0.000000 0.000000 0.000000 0.670386 0.742013
91.744920015 3.483212 2.915138 0.000000 0.000000 0.000000 0.670411 0.741990
91.803375244 3.483010 2.926061 0.000000 0.000000 0.000000 0.670515 0.741896
91.889576912 3.484355 2.942609 0.000000 0.000000 0.000000 0.669961 0.742396
91.950321198 3.485170 2.953639 0.000000 0.000000 0.000000 0.669983 0.742376
92.040585995 3.487247 2.971162 0.000000 0.000000 0.000000 0.670060 0.742307
92.095539570 3.488497 2.981357 0.000000 0.000000 0.000000 0.669966 0.742392
92.180634975 3.490163 2.997399 0.000000 0.000000 0.000000 0.670321 0.742071
92.233907700 3.489619 3.008145 0.000000 0.000000 0.000000 0.670315 0.742076
92.324627161 3.491172 3.024919 0.000000 0.000000 0.000000 0.670208 0.742174
92.377721786 3.491504 3.034406 0.000000 0.000000 0.000000 0.670161 0.742216
92.477380037 3.495207 3.055111 0.000000 0.000000 0.000000 0.670328 0.742065
92.527386665 3.496021 3.064544 0.000000 0.000000 0.000000 0.670065 0.742302
92.615924358 3.496600 3.082067 0.000000 0.000000 0.000000 0.670108 0.742264
92.672314167 3.497138 3.091621 0.000000 0.000000 0.000000 0.669937 0.742418
92.773890257 3.500555 3.110796 0.000000 0.000000 0.000000 0.669756 0.742581
92.833395958 3.501494 3.123006 0.000000 0.000000 0.000000 0.669801 0.742541
92.924817085 3.503423 3.140571 0.000000 0.000000 0.000000 0.669875 0.742474
92.988978386 3.504859 3.151889 0.000000 0.000000 0.000000 0.669758 0.742580
93.100240469 3.506815 3.172766 0.000000 0.000000 0.000000 0.669734 0.742601
93.152472734 3.507957 3.182359 0.000000 0.000000 0.000000 0.669714 0.742620
93.248969555 3.510742 3.201974 0.000000 0.000000 0.000000 0.669667 0.742662
93.302347898 3.512261 3.211896 0.000000 0.000000 0.000000 0.669797 0.742544
93.402684212 3.514848 3.231247 0.000000 0.000000 0.000000 0.669603 0.742719
93.454676867 3.516187 3.240928 0.000000 0.000000 0.000000 0.669389 0.742912
93.552758694 3.517008 3.259526 0.000000 0.000000 0.000000 0.669358 0.742940
93.613630056 3.517974 3.270981 0.000000 0.000000 0.000000 0.669428 0.742877
93.707502604 3.521973 3.289339 0.000000 0.000000 0.000000 0.669552 0.742765
93.764230251 3.523458 3.300316 0.000000 0.000000 0.000000 0.669434 0.742872
93.873910427 3.525921 3.320392 0.000000 0.000000 0.000000 0.669323 0.742972
93.914932251 3.527050 3.329593 0.000000 0.000000 0.000000 0.669057 0.743211
94.005584240 3.528523 3.346708 0.000000 0.000000 0.000000 0.669017 0.743247
94.060539484 3.530241 3.359352 0.000000 0.000000 0.000000 0.669183 0.743097
94.156020403 3.531924 3.378391 0.000000 0.000000 0.000000 0.669110 0.743164
94.210253716 3.533343 3.389089 0.000000 0.000000 0.000000 0.669212 0.743072
94.306135893 3.536347 3.407426 0.000000 0.000000 0.000000 0.669236 0.743050
94.372974396 3.536699 3.421033 0.000000 0.000000 0.000000 0.669310 0.742984
94.471097946 3.539535 3.440189 0.000000 0.000000 0.000000 0.669525 0.742790
94.529613972 3.540890 3.452091 0.000000 0.000000 0.000000 0.669780 0.742559
94.627149820 3.543057 3.470995 0.000000 0.000000 0.000000 0.669803 0.742539
94.671769142 3.543531 3.478946 0.000000 0.000000 0.000000 0.669893 0.742457
94.763330460 3.545890 3.497363 0.000000 0.000000 0.000000 0.670116 0.742256
94.822440624 3.547266 3.507602 0.000000 0.000000 0.000000 0.670325 0.742068
94.912670851 3.550085 3.524424 0.000000 0.000000 0.000000 0.670374 0.742023
94.978972197 3.551589 3.536118 0.000000 0.000000 0.000000 0.670303 0.742087
95.068254471 3.553519 3.553473 0.000000 0.000000 0.000000 0.670180 0.742199
95.123470068 3.555591 3.565210 0.000000 0.000000 0.000000 0.670133 0.742241
95.210581541 3.556930 3.582209 0.000000 0.000000 0.000000 0.670226 0.742157
95.261231899 3.557508 3.591907 0.000000 0.000000 0.000000 0.670171 0.742207
95.358219862 3.559467 3.610462 0.000000 0.000000 0.000000 0.669906 0.742446
95.405269146 3.559684 3.620279 0.000000 0.000000 0.000000 0.669845 0.742501
95.495450497 3.560247 3.622298 0.000000 0.000000 0.000000 0.669866 0.742482
95.556711435 3.560262 3.621354 0.000000 0.000000 0.000000 0.669693 0.742638
95.654532194 3.560204 3.622454 0.000000 0.000000 0.000000 0.669632 0.742693
95.718507051 3.560436 3.622743 0.000000 0.000000 0.000000 0.669821 0.742522
95.809733868 3.562086 3.622142 0.000000 0.000000 0.000000 0.669940 0.742415
95.869915009 3.562346 3.621121 0.000000 0.000000 0.000000 0.669903 0.742448
95.968504429 3.562658 3.620449 0.000000 0.000000 0.000000 0.669847 0.742499
96.013655424 3.562049 3.621485 0.000000 0.000000 0.000000 0.669826 0.742518
96.105460644 3.562399 3.620334 0.000000 0.000000 0.000000 0.669530 0.742785
96.151817083 3.563178 3.619757 0.000000 0.000000 0.000000 0.669651 0.742676
96.249305487 3.564447 3.619726 0.000000 0.000000 0.000000 0.669710 0.742622
96.313171148 3.563889 3.618779 0.000000 0.000000 0.000000 0.669556 0.742762
96.411842108 3.564170 3.618739 0.000000 0.000000 0.000000 0.669627 0.742697
96.483254194 3.563747 3.618943 0.000000 0.000000 0.000000 0.669586 0.742735
96.576039553 3.564496 3.618678 0.000000 0.000000 0.000000 0.669610 0.742713
96.634468794 3.564291 3.619756 0.000000 0.000000 0.000000 0.669680 0.742649
96.723625898 3.563112 3.620347 0.000000 0.000000 0.000000 0.669534 0.742781
96.781600475 3.563123 3.621362 0.000000 0.000000 0.000000 0.669655 0.742672
96.866395235 3.562322 3.621112 0.000000 0.000000 0.000000 0.669875 0.742474
96.921135187 3.561964 3.621266 0.000000 0.000000 0.000000 0.669949 0.742407
97.019036293 3.562504 3.618680 0.000000 0.000000 0.000000 0.669727 0.742608
97.060910940 3.562378 3.618512 0.000000 0.000000 0.000000 0.669875 0.742474
97.153807163 3.561437 3.618896 0.000000 0.000000 0.000000 0.669933 0.742422
97.211027622 3.561974 3.618712 0.000000 0.000000 0.000000 0.669696 0.742635
97.305245876 3.562608 3.619117 0.000000 0.000000 0.000000 0.669758 0.742580
97.364989996 3.562134 3.619458 0.000000 0.000000 0.000000 0.669735 0.742600
97.465471268 3.562655 3.621441 0.000000 0.000000 0.000000 0.669981 0.742379
97.531141281 3.562376 3.620586 0.000000 0.000000 0.000000 0.670108 0.742263
97.607466698 3.561302 3.620985 0.000000 0.000000 0.000000 0.670235 0.742149
97.670571327 3.561139 3.620316 0.000000 0.000000 0.000000 0.670330 0.742063
97.761371374 3.560375 3.619332 0.000000 0.000000 0.000000 0.670280 0.742109
97.826786518 3.559880 3.619391 0.000000 0.000000 0.000000 0.670198 0.742183
97.904732704 3.559163 3.618095 0.000000 0.000000 0.000000 0.670351 0.742044
97.972033739 3.559723 3.618396 0.000000 0.000000 0.000000 0.670293 0.742096
98.065672398 3.559846 3.618877 0.000000 0.000000 0.000000 0.670428 0.741975
98.120881319 3.560699 3.618483 0.000000 0.000000 0.000000 0.670482 0.741926
98.209275961 3.561029 3.618567 0.000000 0.000000 0.000000 0.670312 0.742080
98.266049623 3.560591 3.618708 0.000000 0.000000 0.000000 0.670258 0.742128
98.353181839 3.560340 3.618356 0.000000 0.000000 0.000000 0.670580 0.741837
98.403073549 3.560869 3.617567 0.000000 0.000000 0.000000 0.670711 0.741718
98.490382910 3.560651 3.617469 0.000000 0.000000 0.000000 0.670601 0.741819
98.542252064 3.561127 3.616120 0.000000 0.000000 0.000000 0.670317 0.742075
98.624454260 3.561630 3.615297 0.000000 0.000000 0.000000 0.670515 0.741896
98.685510397 3.561182 3.615454 0.000000 0.000000 0.000000 0.670365 0.742031
98.779605627 3.561705 3.615341 0.000000 0.000000 0.000000 0.670278 0.742110
98.838194609 3.561242 3.614082 0.000000 0.000000 0.000000 0.670055 0.742311
98.929908276 3.560513 3.615174 0.000000 0.000000 0.000000 0.670038 0.742327
98.986426353 3.559499 3.616655 0.000000 0.000000 0.000000 0.669940 0.742416
99.090990067 3.559237 3.617640 0.000000 0.000000 0.000000 0.669801 0.742540
99.137984037 3.558500 3.618318 0.000000 0.000000 0.000000 0.669771 0.742568
99.222180128 3.556959 3.617426 0.000000 0.000000 0.000000 0.669665 0.742664
99.274515629 3.557801 3.617654 0.000000 0.000000 0.000000 0.669421 0.742883
99.372492313 3.557517 3.617971 0.000000 0.000000 0.000000 0.669298 0.742994
99.430688858 3.558644 3.617696 0.000000 0.000000 0.000000 0.669297 0.742995
99.544572830 3.558610 3.617127 0.000000 0.000000 0.000000 0.669275 0.743015
99.586899042 3.560536 3.617821 0.000000 0.000000 0.000000 0.669239 0.743047
99.684531927 3.560837 3.618799 0.000000 0.000000 0.000000 0.669164 0.743115
99.732462883 3.560374 3.618939 0.000000 0.000000 0.000000 0.669064 0.743205
99.817482233 3.560662 3.619734 0.000000 0.000000 0.000000 0.668961 0.743298
99.865893364 3.560919 3.620701 0.000000 0.000000 0.000000 0.668893 0.743359
99.974117994 3.561634 3.621139 0.000000 0.000000 0.000000 0.668565 0.743654
100.008396149 3.561862 3.621069 0.000000 0.000000 0.000000 0.668461 0.743747
100.099959850 3.561322 3.621030 0.000000 0.000000 0.000000 0.668361 0.743837
100.157341719 3.560504 3.619512 0.000000 0.000000 0.000000 0.667936 0.744218
100.251402378 3.560286 3.620155 0.000000 0.000000 0.000000 0.668007 0.744155
100.296842813 3.561091 3.620778 0.000000 0.000000 0.000000 0.668012 0.744151
100.386153460 3.560880 3.620482 0.000000 0.000000 0.000000 0.667987 0.744173
100.438560963 3.561061 3.621775 0.000000 0.000000 0.000000 0.667684 0.744445
100.523025513 3.560972 3.622353 0.000000 0.000000 0.000000 0.667654 0.744471
100.578892708 3.561351 3.621397 0.000000 0.000000 0.000000 0.667905 0.744246
100.666844606 3.561591 3.621490 0.000000 0.000000 0.000000 0.667860 0.744287
100.717916250 3.561134 3.619784 0.000000 0.000000 0.000000 0.667780 0.744359
100.814438343 3.559945 3.619174 0.000000 0.000000 0.000000 0.667969 0.744190
100.859156370 3.561842 3.621881 0.000000 0.000000 0.000000 0.667362 0.744734
100.952885628 3.561771 3.621976 0.000000 0.000000 0.000000 0.667286 0.744802
101.000487804 3.561594 3.623786 0.000000 0.000000 0.000000 0.667335 0.744757
101.085479736 3.562400 3.624518 0.000000 0.000000 0.000000 0.667228 0.744854
101.136031866 3.562886 3.624302 0.000000 0.000000 0.000000 0.667282 0.744805
101.229514122 3.562946 3.624773 0.000000 0.000000 0.000000 0.667214 0.744866
101.274351120 3.562483 3.624218 0.000000 0.000000 0.000000 0.667228 0.744854
101.373620749 3.563543 3.624774 0.000000 0.000000 0.000000 0.667372 0.744724
101.426921129 3.563458 3.626176 0.000000 0.000000 0.000000 0.667442 0.744662
101.521782160 3.564205 3.626337 0.000000 0.000000 0.000000 0.667378 0.744720
101.570658922 3.565411 3.626643 0.000000 0.000000 0.000000 0.667485 0.744624
101.657437325 3.565560 3.626280 0.000000 0.000000 0.000000 0.667456 0.744650
101.713495970 3.565652 3.625530 0.000000 0.000000 0.000000 0.667508 0.744602
101.799236774 3.567086 3.625952 0.000000 0.000000 0.000000 0.667433 0.744670
101.849389791 3.567970 3.625969 0.000000 0.000000 0.000000 0.667360 0.744735
101.945839167 3.568376 3.624843 0.000000 0.000000 0.000000 0.667324 0.744767
101.999189854 3.567171 3.624636 0.000000 0.000000 0.000000 0.667406 0.744694
102.086042404 3.566859 3.624441 0.000000 0.000000 0.000000 0.667513 0.744598
102.136522293 3.567685 3.624857 0.000000 0.000000 0.000000 0.667606 0.744515
102.221495152 3.569236 3.626344 0.000000 0.000000 0.000000 0.667616 0.744506
102.276251078 3.569907 3.627810 0.000000 0.000000 0.000000 0.667431 0.744671
102.367645025 3.570119 3.627237 0.000000 0.000000 0.000000 0.667462 0.744644
102.423708200 3.569526 3.627629 0.000000 0.000000 0.000000 0.667185 0.744892
102.525077105 3.569624 3.628399 0.000000 0.000000 0.000000 0.666996 0.745061
102.574762106 3.568865 3.628297 0.000000 0.000000 0.000000 0.666906 0.745141
102.674291134 3.569368 3.627993 0.000000 0.000000 0.000000 0.666962 0.745092
