56.000000000 -0.004024 0.997582 0.000000 0.000000 0.000000 -0.004486 0.999990
56.092626333 -0.001200 0.993968 0.000000 0.000000 0.000000 -0.006467 0.999979
56.136488199 -0.002031 0.992880 0.000000 0.000000 0.000000 -0.006934 0.999976
56.234569073 -0.005222 0.995609 0.000000 0.000000 0.000000 -0.006069 0.999982
56.291095257 -0.008292 0.997440 0.000000 0.000000 0.000000 -0.005817 0.999983
56.384810448 -0.008900 0.999532 0.000000 0.000000 0.000000 -0.005008 0.999987
56.432573795 -0.011497 1.000031 0.000000 0.000000 0.000000 -0.004607 0.999989
56.517774343 -0.013390 0.999257 0.000000 0.000000 0.000000 -0.004061 0.999992
56.566277504 -0.013367 0.998870 0.000000 0.000000 0.000000 -0.004055 0.999992
56.658776283 -0.017131 0.997151 0.000000 0.000000 0.000000 -0.003369 0.999994
56.719421625 -0.014466 0.997477 0.000000 0.000000 0.000000 -0.003193 0.999995
56.806190968 -0.016894 0.995836 0.000000 0.000000 0.000000 -0.003033 0.999995
56.859033823 -0.019508 0.995223 0.000000 0.000000 0.000000 -0.002385 0.999997
56.956225157 -0.020236 0.995661 0.000000 0.000000 0.000000 -0.002499 0.999997
56.992516994 -0.021780 0.994236 0.000000 0.000000 0.000000 -0.002342 0.999997
57.085117579 -0.022286 0.993310 0.000000 0.000000 0.000000 -0.002262 0.999997
57.135342836 -0.024365 0.993345 0.000000 0.000000 0.000000 -0.002041 0.999998
57.226917267 -0.025772 0.994067 0.000000 0.000000 0.000000 -0.002116 0.999998
57.280653477 -0.025911 0.995094 0.000000 0.000000 0.000000 -0.001796 0.999998
57.376023293 -0.025732 0.993817 0.000000 0.000000 0.000000 -0.001958 0.999998
57.421943903 -0.027069 0.994213 0.000000 0.000000 0.000000 -0.001766 0.999998
57.506844759 -0.027830 0.991494 0.000000 0.000000 0.000000 -0.001163 0.999999
57.561612844 -0.028401 0.990114 0.000000 0.000000 0.000000 -0.001098 0.999999
57.661116600 -0.027368 0.987923 0.000000 0.000000 0.000000 -0.001213 0.999999
57.713097334 -0.027436 0.986788 0.000000 0.000000 0.000000 -0.001062 0.999999
57.818692207 -0.029384 0.986003 0.000000 0.000000 0.000000 -0.001074 0.999999
57.857132435 -0.029967 0.987591 0.000000 0.000000 0.000000 -0.001407 0.999999
57.942367077 -0.030570 0.988138 0.000000 0.000000 0.000000 -0.001366 0.999999
57.993121147 -0.030335 0.987944 0.000000 0.000000 0.000000 -0.001441 0.999999
58.084053516 -0.030988 0.988894 0.000000 0.000000 0.000000 -0.001155 0.999999
58.134043932 -0.033340 0.989264 0.000000 0.000000 0.000000 -0.000479 1.000000
58.226578236 -0.033979 0.988712 0.000000 0.000000 0.000000 -0.000815 1.000000
58.278188705 -0.033826 0.989573 0.000000 0.000000 0.000000 -0.000554 1.000000
58.375108480 -0.033736 0.989811 0.000000 0.000000 0.000000 -0.000942 1.000000
58.432198524 -0.033602 0.989216 0.000000 0.000000 0.000000 -0.001049 0.999999
58.513686180 -0.033800 0.990857 0.000000 0.000000 0.000000 -0.001207 0.999999
58.577755451 -0.032271 0.991390 0.000000 0.000000 0.000000 -0.001324 0.999999
58.663658381 -0.031573 0.989704 0.000000 0.000000 0.000000 -0.001489 0.999999
58.721382856 -0.031876 0.989065 0.000000 0.000000 0.000000 -0.001784 0.999998
58.811643362 -0.032259 0.987207 0.000000 0.000000 0.000000 -0.001846 0.999998
58.859117508 -0.033713 0.987685 0.000000 0.000000 0.000000 -0.002072 0.999998
58.954252720 -0.033550 0.987297 0.000000 0.000000 0.000000 -0.002239 0.999997
59.016629219 -0.034589 0.986240 0.000000 0.000000 0.000000 -0.002423 0.999997
59.106379747 -0.035754 0.983921 0.000000 0.000000 0.000000 -0.002667 0.999996
59.158839226 -0.036691 0.984077 0.000000 0.000000 0.000000 -0.002462 0.999997
59.239713192 -0.036334 0.984047 0.000000 0.000000 0.000000 -0.002378 0.999997
59.295119047 -0.036199 0.984585 0.000000 0.000000 0.000000 -0.002152 0.999998
59.400145054 -0.038793 0.984967 0.000000 0.000000 0.000000 -0.002090 0.999998
59.447155952 -0.037992 0.985547 0.000000 0.000000 0.000000 -0.001761 0.999998
59.543852329 -0.037817 0.984875 0.000000 0.000000 0.000000 -0.001831 0.999998
59.590034962 -0.037608 0.982909 0.000000 0.000000 0.000000 -0.002023 0.999998
59.665421247 -0.037560 0.982602 0.000000 0.000000 0.000000 -0.002385 0.999997
59.720851421 -0.037492 0.982416 0.000000 0.000000 0.000000 -0.002363 0.999997
59.805132151 -0.039002 0.980627 0.000000 0.000000 0.000000 -0.002523 0.999997
59.860359430 -0.038654 0.979381 0.000000 0.000000 0.000000 -0.003110 0.999995
59.957119226 -0.038457 0.977141 0.000000 0.000000 0.000000 -0.002896 0.999996
60.005816936 -0.039110 0.973280 0.000000 0.000000 0.000000 -0.003318 0.999994
60.089397669 -0.039386 0.973052 0.000000 0.000000 0.000000 -0.003421 0.999994
60.138172865 -0.040793 0.972702 0.000000 0.000000 0.000000 -0.003353 0.999994
60.220950127 -0.039856 0.971877 0.000000 0.000000 0.000000 -0.003402 0.999994
60.272440672 -0.039702 0.970467 0.000000 0.000000 0.000000 -0.003790 0.999993
60.365985632 -0.038836 0.969884 0.000000 0.000000 0.000000 -0.003680 0.999993
60.419920921 -0.039054 0.970158 0.000000 0.000000 0.000000 -0.003569 0.999994
60.517887354 -0.038368 0.969910 0.000000 0.000000 0.000000 -0.004019 0.999992
60.576246977 -0.037197 0.968011 0.000000 0.000000 0.000000 -0.003903 0.999992
60.661265135 -0.035018 0.968019 0.000000 0.000000 0.000000 -0.003842 0.999993
60.720116138 -0.033667 0.966753 0.000000 0.000000 0.000000 -0.003579 0.999994
60.806773424 -0.035532 0.965472 0.000000 0.000000 0.000000 -0.003437 0.999994
60.856551170 -0.034892 0.964463 0.000000 0.000000 0.000000 -0.003519 0.999994
60.954911470 -0.034910 0.962094 0.000000 0.000000 0.000000 -0.003466 0.999994
61.012297630 -0.033991 0.961634 0.000000 0.000000 0.000000 -0.003271 0.999995
61.109639168 -0.030756 0.960974 0.000000 0.000000 0.000000 -0.002790 0.999996
61.157109976 -0.028884 0.961723 0.000000 0.000000 0.000000 -0.002545 0.999997
61.239634752 -0.029084 0.960360 0.000000 0.000000 0.000000 -0.002934 0.999996
61.291578770 -0.029236 0.963707 0.000000 0.000000 0.000000 -0.003302 0.999995
61.377224922 -0.028603 0.962697 0.000000 0.000000 0.000000 -0.003190 0.999995
61.424571276 -0.029360 0.963194 0.000000 0.000000 0.000000 -0.002563 0.999997
61.517945051 -0.028720 0.962289 0.000000 0.000000 0.000000 -0.002335 0.999997
61.571182013 -0.029364 0.963034 0.000000 0.000000 0.000000 -0.001938 0.999998
61.674693108 -0.028731 0.964148 0.000000 0.000000 0.000000 -0.001630 0.999999
61.731230259 -0.029505 0.964836 0.000000 0.000000 0.000000 -0.001289 0.999999
61.823836803 -0.029516 0.964021 0.000000 0.000000 0.000000 -0.001001 0.999999
61.867137194 -0.029316 0.963566 0.000000 0.000000 0.000000 -0.000917 1.000000
61.957184315 -0.028319 0.964024 0.000000 0.000000 0.000000 -0.000495 1.000000
62.007257462 -0.028204 0.964414 0.000000 0.000000 0.000000 -0.000699 1.000000
62.096065044 -0.026840 0.963065 0.000000 0.000000 0.000000 -0.000957 1.000000
62.149833441 -0.026203 0.963680 0.000000 0.000000 0.000000 -0.001106 0.999999
62.231528997 -0.009063 0.963882 0.000000 0.000000 0.000000 -0.001271 0.999999
62.288254261 0.004012 0.962749 0.000000 0.000000 0.000000 -0.001415 0.999999
62.372793436 0.022836 0.959395 0.000000 0.000000 0.000000 -0.001360 0.999999
62.437046528 0.036400 0.958897 0.000000 0.000000 0.000000 -0.000842 1.000000
62.518205643 0.054781 0.959546 0.000000 0.000000 0.000000 -0.000844 1.000000
62.573649645 0.067035 0.959198 0.000000 0.000000 0.000000 -0.000855 1.000000
62.658019066 0.085543 0.958780 0.000000 0.000000 0.000000 -0.000894 1.000000
62.708748341 0.095605 0.958179 0.000000 0.000000 0.000000 -0.000992 1.000000
62.802901506 0.116259 0.959051 0.000000 0.000000 0.000000 -0.000901 1.000000
62.862125397 0.129709 0.957933 0.000000 0.000000 0.000000 -0.000833 1.000000
62.944721937 0.146890 0.960866 0.000000 0.000000 0.000000 -0.000931 1.000000
63.001682520 0.159087 0.962232 0.000000 0.000000 0.000000 -0.000596 1.000000
63.096352816 0.177779 0.961051 0.000000 0.000000 0.000000 -0.000652 1.000000
63.140980959 0.186872 0.961349 0.000000 0.000000 0.000000 -0.000105 1.000000
63.224403381 0.204931 0.962229 0.000000 0.000000 0.000000 -0.000151 1.000000
63.278097630 0.214893 0.963285 0.000000 0.000000 0.000000 -0.000452 1.000000
63.378735542 0.236308 0.959864 0.000000 0.000000 0.000000 0.000212 1.000000
63.429337263 0.245526 0.959837 0.000000 0.000000 0.000000 0.000522 1.000000
63.507558107 0.259904 0.961600 0.000000 0.000000 0.000000 0.000368 1.000000
63.561244726 0.269658 0.960058 0.000000 0.000000 0.000000 0.000206 1.000000
63.651183605 0.288425 0.959773 0.000000 0.000000 0.000000 0.000356 1.000000
63.722069025 0.302297 0.959189 0.000000 0.000000 0.000000 0.000353 1.000000
63.818211794 0.321311 0.958197 0.000000 0.000000 0.000000 0.000612 1.000000
63.867984533 0.331894 0.957701 0.000000 0.000000 0.000000 0.000744 1.000000
63.954170942 0.347473 0.959792 0.000000 0.000000 0.000000 0.001037 0.999999
64.007827759 0.358866 0.959923 0.000000 0.000000 0.000000 0.000920 1.000000
64.098969221 0.376358 0.959116 0.000000 0.000000 0.000000 0.001263 0.999999
64.150251389 0.386593 0.958605 0.000000 0.000000 0.000000 0.001859 0.999998
64.240028858 0.404103 0.959197 0.000000 0.000000 0.000000 0.001794 0.999998
64.291742325 0.415246 0.958866 0.000000 0.000000 0.000000 0.002064 0.999998
64.384911537 0.432648 0.959127 0.000000 0.000000 0.000000 0.002604 0.999997
64.438662767 0.443314 0.958915 0.000000 0.000000 0.000000 0.002425 0.999997
64.529100657 0.461617 0.960238 0.000000 0.000000 0.000000 0.002462 0.999997
64.581606388 0.471105 0.960306 0.000000 0.000000 0.000000 0.002818 0.999996
64.666499376 0.488386 0.957918 0.000000 0.000000 0.000000 0.003291 0.999995
64.719514608 0.497754 0.958372 0.000000 0.000000 0.000000 0.003425 0.999994
64.801486015 0.512688 0.958765 0.000000 0.000000 0.000000 0.002823 0.999996
64.853920698 0.520200 0.958714 0.000000 0.000000 0.000000 0.002762 0.999996
64.943417788 0.536577 0.957931 0.000000 0.000000 0.000000 0.002730 0.999996
64.995023489 0.546073 0.958177 0.000000 0.000000 0.000000 0.001823 0.999998
65.076430798 0.561828 0.959392 0.000000 0.000000 0.000000 0.002282 0.999997
65.137303352 0.573482 0.959349 0.000000 0.000000 0.000000 0.001844 0.999998
65.235720634 0.596654 0.957389 0.000000 0.000000 0.000000 0.002632 0.999997
65.286878586 0.607744 0.957257 0.000000 0.000000 0.000000 0.002623 0.999997
65.388996363 0.627088 0.958333 0.000000 0.000000 0.000000 0.002419 0.999997
65.443364143 0.636074 0.959223 0.000000 0.000000 0.000000 0.002360 0.999997
65.533442974 0.652703 0.960259 0.000000 0.000000 0.000000 0.002441 0.999997
65.583643198 0.663643 0.959855 0.000000 0.000000 0.000000 0.002416 0.999997
65.666572094 0.678673 0.960404 0.000000 0.000000 0.000000 0.002170 0.999998
65.718314648 0.687810 0.958721 0.000000 0.000000 0.000000 0.001744 0.999998
65.813969851 0.706515 0.957472 0.000000 0.000000 0.000000 0.001386 0.999999
65.860479355 0.716037 0.957417 0.000000 0.000000 0.000000 0.001311 0.999999
65.949100494 0.732211 0.958773 0.000000 0.000000 0.000000 0.001197 0.999999
66.006313324 0.745686 0.959396 0.000000 0.000000 0.000000 0.001503 0.999999
66.091695070 0.762935 0.957548 0.000000 0.000000 0.000000 0.001570 0.999999
66.150105000 0.773703 0.957625 0.000000 0.000000 0.000000 0.001773 0.999998
66.245607138 0.793117 0.957414 0.000000 0.000000 0.000000 0.001720 0.999999
66.289936066 0.802181 0.957454 0.000000 0.000000 0.000000 0.001664 0.999999
66.374847174 0.818275 0.955346 0.000000 0.000000 0.000000 0.001780 0.999998
66.427448988 0.828811 0.954723 0.000000 0.000000 0.000000 0.001811 0.999998
66.515174389 0.845298 0.953599 0.000000 0.000000 0.000000 0.001572 0.999999
66.565155268 0.854510 0.951734 0.000000 0.000000 0.000000 0.001737 0.999998
66.668905973 0.874369 0.950091 0.000000 0.000000 0.000000 0.001413 0.999999
66.720251560 0.885123 0.951254 0.000000 0.000000 0.000000 0.001367 0.999999
66.818524122 0.901112 0.948295 0.000000 0.000000 0.000000 0.001435 0.999999
66.862034321 0.910034 0.948441 0.000000 0.000000 0.000000 0.001022 0.999999
66.948162079 0.928056 0.949930 0.000000 0.000000 0.000000 0.001078 0.999999
66.998103142 0.937462 0.950151 0.000000 0.000000 0.000000 0.001124 0.999999
67.100195885 0.956176 0.950950 0.000000 0.000000 0.000000 0.000877 1.000000
67.157076359 0.967612 0.951178 0.000000 0.000000 0.000000 0.000698 1.000000
67.269846916 0.988398 0.952294 0.000000 0.000000 0.000000 0.000779 1.000000
67.325706720 1.000536 0.951290 0.000000 0.000000 0.000000 0.000396 1.000000
67.417520761 1.017079 0.951460 0.000000 0.000000 0.000000 0.000563 1.000000
67.475314379 1.028975 0.952084 0.000000 0.000000 0.000000 0.000658 1.000000
67.587245464 1.049481 0.952995 0.000000 0.000000 0.000000 0.000695 1.000000
67.657504320 1.063852 0.952289 0.000000 0.000000 0.000000 0.000417 1.000000
67.744100571 1.080033 0.952364 0.000000 0.000000 0.000000 0.000591 1.000000
67.809964418 1.092700 0.954162 0.000000 0.000000 0.000000 0.000505 1.000000
67.907867193 1.113529 0.955650 0.000000 0.000000 0.000000 0.000824 1.000000
67.955658197 1.120623 0.957248 0.000000 0.000000 0.000000 0.001192 0.999999
68.043772697 1.136086 0.956615 0.000000 0.000000 0.000000 0.001608 0.999999
68.092056751 1.146407 0.956681 0.000000 0.000000 0.000000 0.001840 0.999998
68.198954105 1.167441 0.956114 0.000000 0.000000 0.000000 0.001769 0.999998
68.239401817 1.175406 0.955400 0.000000 0.000000 0.000000 0.001262 0.999999
68.334116697 1.193985 0.953486 0.000000 0.000000 0.000000 0.001466 0.999999
68.393169165 1.205392 0.952422 0.000000 0.000000 0.000000 0.001613 0.999999
68.488315105 1.224746 0.954410 0.000000 0.000000 0.000000 0.002020 0.999998
68.548655272 1.238392 0.955693 0.000000 0.000000 0.000000 0.002142 0.999998
68.628951550 1.254342 0.955599 0.000000 0.000000 0.000000 0.002063 0.999998
68.688163757 1.267945 0.955561 0.000000 0.000000 0.000000 0.001499 0.999999
68.771270037 1.284611 0.954063 0.000000 0.000000 0.000000 0.001737 0.999998
68.824939728 1.294955 0.954156 0.000000 0.000000 0.000000 0.001800 0.999998
68.927378178 1.314963 0.954058 0.000000 0.000000 0.000000 0.001948 0.999998
68.988554239 1.326822 0.951892 0.000000 0.000000 0.000000 0.001927 0.999998
69.091393948 1.346260 0.952228 0.000000 0.000000 0.000000 0.001977 0.999998
69.142657280 1.356195 0.950542 0.000000 0.000000 0.000000 0.001704 0.999999
69.226943970 1.373303 0.950368 0.000000 0.000000 0.000000 0.002214 0.999998
69.291504383 1.384814 0.950503 0.000000 0.000000 0.000000 0.001820 0.999998
69.395749092 1.405110 0.950919 0.000000 0.000000 0.000000 0.001843 0.999998
69.444655418 1.416273 0.951300 0.000000 0.000000 0.000000 0.001800 0.999998
69.543005466 1.436287 0.949325 0.000000 0.000000 0.000000 0.001772 0.999998
69.595045090 1.447775 0.948957 0.000000 0.000000 0.000000 0.001510 0.999999
69.695927858 1.468705 0.950828 0.000000 0.000000 0.000000 0.001202 0.999999
69.753221989 1.479741 0.949039 0.000000 0.000000 0.000000 0.000658 1.000000
69.852281094 1.499418 0.950317 0.000000 0.000000 0.000000 0.000197 1.000000
69.909631014 1.510352 0.950300 0.000000 0.000000 0.000000 -0.000002 1.000000
70.003495455 1.531520 0.950975 0.000000 0.000000 0.000000 0.000164 1.000000
70.055417776 1.541248 0.949884 0.000000 0.000000 0.000000 0.000196 1.000000
70.137858391 1.557111 0.950287 0.000000 0.000000 0.000000 0.000130 1.000000
70.199167728 1.569207 0.949107 0.000000 0.000000 0.000000 0.000079 1.000000
70.302878618 1.588315 0.948902 0.000000 0.000000 0.000000 0.000191 1.000000
70.369396687 1.601397 0.947457 0.000000 0.000000 0.000000 0.000347 1.000000
70.461210728 1.621496 0.947021 0.000000 0.000000 0.000000 0.000658 1.000000
70.509778738 1.630808 0.944590 0.000000 0.000000 0.000000 0.001738 0.999998
70.599387646 1.649247 0.943576 0.000000 0.000000 0.000000 0.001895 0.999998
70.656033039 1.660434 0.943826 0.000000 0.000000 0.000000 0.001661 0.999999
70.768153429 1.682104 0.942421 0.000000 0.000000 0.000000 0.001406 0.999999
70.815999985 1.690862 0.941292 0.000000 0.000000 0.000000 0.002110 0.999998
70.900581121 1.707834 0.941026 0.000000 0.000000 0.000000 0.002332 0.999997
70.955633402 1.718366 0.940879 0.000000 0.000000 0.000000 0.002058 0.999998
71.042252779 1.735949 0.939876 0.000000 0.000000 0.000000 0.001780 0.999998
71.103641987 1.748750 0.938291 0.000000 0.000000 0.000000 0.001624 0.999999
71.186776161 1.766188 0.938048 0.000000 0.000000 0.000000 0.001828 0.999998
71.250498533 1.780767 0.937930 0.000000 0.000000 0.000000 0.002210 0.999998
71.341936827 1.785011 0.937106 0.000000 0.000000 0.000000 0.010433 0.999946
71.393325806 1.785239 0.938051 0.000000 0.000000 0.000000 0.015080 0.999886
71.487019539 1.787714 0.937895 0.000000 0.000000 0.000000 0.024307 0.999705
71.537977695 1.791389 0.937097 0.000000 0.000000 0.000000 0.029616 0.999561
71.626116753 1.799322 0.936738 0.000000 0.000000 0.000000 0.037971 0.999279
71.682151079 1.800756 0.933854 0.000000 0.000000 0.000000 0.043380 0.999059
71.763496399 1.805522 0.933052 0.000000 0.000000 0.000000 0.050956 0.998701
71.820455313 1.805935 0.932297 0.000000 0.000000 0.000000 0.056611 0.998396
71.918866396 1.810389 0.930914 0.000000 0.000000 0.000000 0.066257 0.997803
71.975845575 1.812435 0.930074 0.000000 0.000000 0.000000 0.071220 0.997461
72.068582535 1.819662 0.932072 0.000000 0.000000 0.000000 0.078506 0.996914
72.122643709 1.821572 0.932324 0.000000 0.000000 0.000000 0.083891 0.996475
72.217851877 1.839823 0.934707 0.000000 0.000000 0.000000 0.083699 0.996491
72.265589714 1.849710 0.936416 0.000000 0.000000 0.000000 0.083905 0.996474
72.354194641 1.864870 0.938663 0.000000 0.000000 0.000000 0.083449 0.996512
72.403216600 1.875574 0.939796 0.000000 0.000000 0.000000 0.083397 0.996516
72.504085302 1.895270 0.943172 0.000000 0.000000 0.000000 0.083595 0.996500
72.559812546 1.906282 0.945447 0.000000 0.000000 0.000000 0.083443 0.996513
72.641114473 1.922172 0.947421 0.000000 0.000000 0.000000 0.084180 0.996451
72.695553064 1.934049 0.948460 0.000000 0.000000 0.000000 0.084184 0.996450
72.784453154 1.951037 0.953153 0.000000 0.000000 0.000000 0.084524 0.996421
72.839464188 1.953743 0.954117 0.000000 0.000000 0.000000 0.089655 0.995973
72.931765556 1.957333 0.954946 0.000000 0.000000 0.000000 0.098396 0.995147
72.986810684 1.959884 0.954304 0.000000 0.000000 0.000000 0.103591 0.994620
73.071648121 1.964301 0.955092 0.000000 0.000000 0.000000 0.111786 0.993732
73.129702330 1.966550 0.956120 0.000000 0.000000 0.000000 0.117475 0.993076
73.227200508 1.971977 0.957783 0.000000 0.000000 0.000000 0.126586 0.991956
73.271549940 1.971441 0.959936 0.000000 0.000000 0.000000 0.130722 0.991419
73.365193605 1.988282 0.965982 0.000000 0.000000 0.000000 0.130454 0.991454
73.410813332 1.998512 0.969166 0.000000 0.000000 0.000000 0.130231 0.991484
73.495560646 2.014166 0.971679 0.000000 0.000000 0.000000 0.130321 0.991472
73.549853325 2.026334 0.974655 0.000000 0.000000 0.000000 0.130113 0.991499
73.635336399 2.042273 0.977365 0.000000 0.000000 0.000000 0.129876 0.991530
73.700213671 2.058960 0.979219 0.000000 0.000000 0.000000 0.130653 0.991428
73.794411182 2.076105 0.983946 0.000000 0.000000 0.000000 0.130752 0.991415
73.851395130 2.086680 0.985528 0.000000 0.000000 0.000000 0.130517 0.991446
73.934927464 2.103121 0.988567 0.000000 0.000000 0.000000 0.130781 0.991411
73.994324923 2.107122 0.988775 0.000000 0.000000 0.000000 0.136165 0.990686
74.076428652 2.110833 0.988589 0.000000 0.000000 0.000000 0.143769 0.989611
74.138641834 2.112149 0.988550 0.000000 0.000000 0.000000 0.149177 0.988810
74.232690811 2.115643 0.988816 0.000000 0.000000 0.000000 0.157731 0.987482
74.284757137 2.118434 0.988980 0.000000 0.000000 0.000000 0.162308 0.986740
74.368963718 2.120331 0.990558 0.000000 0.000000 0.000000 0.169857 0.985469
74.424954653 2.122678 0.991775 0.000000 0.000000 0.000000 0.175009 0.984567
74.512892008 2.126536 0.992649 0.000000 0.000000 0.000000 0.182968 0.983119
74.568120718 2.138166 0.996528 0.000000 0.000000 0.000000 0.182894 0.983133
74.659038782 2.152633 1.001597 0.000000 0.000000 0.000000 0.183382 0.983042
74.720528126 2.163963 1.005544 0.000000 0.000000 0.000000 0.183656 0.982991
74.807915449 2.179797 1.011516 0.000000 0.000000 0.000000 0.184041 0.982919
74.867791891 2.191472 1.014357 0.000000 0.000000 0.000000 0.183913 0.982943
74.956265450 2.207527 1.019071 0.000000 0.000000 0.000000 0.184296 0.982871
75.006022692 2.217011 1.024897 0.000000 0.000000 0.000000 0.184632 0.982808
75.093890429 2.231945 1.033188 0.000000 0.000000 0.000000 0.184354 0.982860
75.151803017 2.243515 1.037372 0.000000 0.000000 0.000000 0.184408 0.982850
75.237923384 2.259634 1.042325 0.000000 0.000000 0.000000 0.184658 0.982803
75.289012432 2.268085 1.045687 0.000000 0.000000 0.000000 0.184849 0.982767
75.377345324 2.283257 1.053613 0.000000 0.000000 0.000000 0.185003 0.982738
75.433693886 2.295624 1.058702 0.000000 0.000000 0.000000 0.184396 0.982852
75.537194490 2.314789 1.066310 0.000000 0.000000 0.000000 0.184634 0.982807
75.586070776 2.324528 1.071042 0.000000 0.000000 0.000000 0.184890 0.982759
75.689361572 2.344408 1.078220 0.000000 0.000000 0.000000 0.185041 0.982731
75.744805098 2.353802 1.082555 0.000000 0.000000 0.000000 0.185492 0.982646
75.826009274 2.367084 1.089409 0.000000 0.000000 0.000000 0.185442 0.982655
75.899021864 2.369079 1.090505 0.000000 0.000000 0.000000 0.192244 0.981347
75.992537260 2.374620 1.092160 0.000000 0.000000 0.000000 0.201111 0.979568
76.056124210 2.378376 1.093464 0.000000 0.000000 0.000000 0.206890 0.978364
76.141805172 2.383758 1.091690 0.000000 0.000000 0.000000 0.214877 0.976641
76.196712971 2.386529 1.090127 0.000000 0.000000 0.000000 0.219744 0.975557
76.279946327 2.391816 1.090313 0.000000 0.000000 0.000000 0.227872 0.973691
76.336917877 2.393633 1.089422 0.000000 0.000000 0.000000 0.233249 0.972417
76.431858301 2.398299 1.090809 0.000000 0.000000 0.000000 0.241933 0.970293
76.487337351 2.408107 1.095695 0.000000 0.000000 0.000000 0.241740 0.970341
76.576975346 2.424967 1.102720 0.000000 0.000000 0.000000 0.241469 0.970409
76.635664701 2.435062 1.108422 0.000000 0.000000 0.000000 0.241331 0.970443
76.736702204 2.453816 1.116431 0.000000 0.000000 0.000000 0.241152 0.970487
76.784813404 2.464729 1.117988 0.000000 0.000000 0.000000 0.241056 0.970511
76.872728825 2.481009 1.122584 0.000000 0.000000 0.000000 0.240472 0.970656
76.940669060 2.496053 1.129630 0.000000 0.000000 0.000000 0.240619 0.970620
77.039191484 2.514367 1.136909 0.000000 0.000000 0.000000 0.241005 0.970524
77.091496944 2.524460 1.141443 0.000000 0.000000 0.000000 0.240781 0.970579
77.178045034 2.529709 1.144175 0.000000 0.000000 0.000000 0.248657 0.968592
77.233334064 2.533723 1.145017 0.000000 0.000000 0.000000 0.253961 0.967215
77.321522951 2.538163 1.145711 0.000000 0.000000 0.000000 0.261944 0.965083
77.385615587 2.541542 1.147407 0.000000 0.000000 0.000000 0.267731 0.963494
77.482558012 2.557219 1.158154 0.000000 0.000000 0.000000 0.268045 0.963406
77.535058022 2.566535 1.162818 0.000000 0.000000 0.000000 0.267853 0.963460
77.635596514 2.583684 1.174627 0.000000 0.000000 0.000000 0.267949 0.963433
77.687636852 2.593546 1.180581 0.000000 0.000000 0.000000 0.268200 0.963363
77.783472538 2.610267 1.189447 0.000000 0.000000 0.000000 0.268150 0.963377
77.833787918 2.616650 1.194641 0.000000 0.000000 0.000000 0.268389 0.963311
77.940711260 2.635695 1.205634 0.000000 0.000000 0.000000 0.268231 0.963355
77.985099792 2.645293 1.210788 0.000000 0.000000 0.000000 0.268294 0.963337
78.074628830 2.659179 1.220621 0.000000 0.000000 0.000000 0.268526 0.963272
78.126539230 2.666633 1.225927 0.000000 0.000000 0.000000 0.268447 0.963295
78.225707769 2.671525 1.228546 0.000000 0.000000 0.000000 0.277432 0.960745
78.287621975 2.677366 1.229293 0.000000 0.000000 0.000000 0.283249 0.959046
78.371752024 2.693548 1.236966 0.000000 0.000000 0.000000 0.282993 0.959122
78.425225496 2.703059 1.244587 0.000000 0.000000 0.000000 0.282919 0.959144
78.525620699 2.718528 1.255895 0.000000 0.000000 0.000000 0.282509 0.959265
78.588539600 2.727858 1.263839 0.000000 0.000000 0.000000 0.282404 0.959295
78.670593977 2.737999 1.269989 0.000000 0.000000 0.000000 0.282655 0.959222
78.735427380 2.749030 1.277095 0.000000 0.000000 0.000000 0.282893 0.959152
78.827690363 2.763833 1.288540 0.000000 0.000000 0.000000 0.282862 0.959160
78.889282465 2.772997 1.295643 0.000000 0.000000 0.000000 0.283047 0.959106
78.986895561 2.790001 1.305107 0.000000 0.000000 0.000000 0.282863 0.959160
79.038242817 2.799233 1.311059 0.000000 0.000000 0.000000 0.283284 0.959036
79.133278370 2.803027 1.314090 0.000000 0.000000 0.000000 0.291683 0.956515
79.188038111 2.804768 1.314191 0.000000 0.000000 0.000000 0.296658 0.954984
79.274859905 2.807607 1.317254 0.000000 0.000000 0.000000 0.304561 0.952493
79.325020790 2.817917 1.322923 0.000000 0.000000 0.000000 0.304808 0.952414
79.419587612 2.831924 1.334390 0.000000 0.000000 0.000000 0.304777 0.952424
79.476016521 2.840590 1.342199 0.000000 0.000000 0.000000 0.304651 0.952464
79.572896481 2.854380 1.352218 0.000000 0.000000 0.000000 0.304864 0.952396
79.625355482 2.862643 1.357060 0.000000 0.000000 0.000000 0.304792 0.952419
79.715934038 2.877246 1.366093 0.000000 0.000000 0.000000 0.304703 0.952447
79.766192913 2.886547 1.371174 0.000000 0.000000 0.000000 0.304821 0.952410
79.851100206 2.900801 1.380803 0.000000 0.000000 0.000000 0.304534 0.952501
79.911969662 2.911115 1.387022 0.000000 0.000000 0.000000 0.304380 0.952551
80.005322218 2.929445 1.397923 0.000000 0.000000 0.000000 0.304460 0.952525
80.049822092 2.936055 1.403383 0.000000 0.000000 0.000000 0.304638 0.952468
80.144307137 2.950394 1.413938 0.000000 0.000000 0.000000 0.304675 0.952456
80.194717646 2.956672 1.420573 0.000000 0.000000 0.000000 0.304456 0.952526
80.283586025 2.958452 1.420142 0.000000 0.000000 0.000000 0.312112 0.950045
80.339012861 2.960680 1.422384 0.000000 0.000000 0.000000 0.317330 0.948315
80.432806969 2.963690 1.425571 0.000000 0.000000 0.000000 0.325578 0.945515
80.481657505 2.965115 1.425327 0.000000 0.000000 0.000000 0.329998 0.943982
80.570667744 2.969837 1.430853 0.000000 0.000000 0.000000 0.337735 0.941241
80.629180193 2.972564 1.434673 0.000000 0.000000 0.000000 0.343202 0.939262
80.725515127 2.977121 1.438306 0.000000 0.000000 0.000000 0.351925 0.936028
80.785824299 2.978199 1.439258 0.000000 0.000000 0.000000 0.356820 0.934173
80.885531425 2.982331 1.441529 0.000000 0.000000 0.000000 0.365400 0.930851
80.931448936 2.984325 1.444300 0.000000 0.000000 0.000000 0.369380 0.929278
81.023196459 2.998089 1.455963 0.000000 0.000000 0.000000 0.369342 0.929294
81.074112654 3.005319 1.461812 0.000000 0.000000 0.000000 0.369319 0.929303
81.169610262 3.019245 1.474747 0.000000 0.000000 0.000000 0.369323 0.929301
81.221564293 3.027602 1.483759 0.000000 0.000000 0.000000 0.369246 0.929332
81.317089081 3.040729 1.498387 0.000000 0.000000 0.000000 0.369189 0.929354
81.373459816 3.048325 1.506233 0.000000 0.000000 0.000000 0.369119 0.929382
81.468533754 3.062854 1.517915 0.000000 0.000000 0.000000 0.369280 0.929318
81.523016691 3.070387 1.525606 0.000000 0.000000 0.000000 0.368997 0.929431
81.598726511 3.081180 1.537792 0.000000 0.000000 0.000000 0.369047 0.929411
81.657386780 3.083832 1.540759 0.000000 0.000000 0.000000 0.374203 0.927347
81.743980408 3.086893 1.543280 0.000000 0.000000 0.000000 0.381595 0.924329
81.802433014 3.088327 1.545722 0.000000 0.000000 0.000000 0.386828 0.922152
81.892469883 3.090487 1.547410 0.000000 0.000000 0.000000 0.395012 0.918676
81.951400280 3.092705 1.549123 0.000000 0.000000 0.000000 0.400226 0.916417
82.051398516 3.097265 1.551562 0.000000 0.000000 0.000000 0.408857 0.912599
82.098116398 3.099038 1.552866 0.000000 0.000000 0.000000 0.412997 0.910733
82.188131332 3.110887 1.565001 0.000000 0.000000 0.000000 0.412864 0.910793
82.248149872 3.119684 1.574433 0.000000 0.000000 0.000000 0.412722 0.910857
82.336132288 3.131266 1.587019 0.000000 0.000000 0.000000 0.412621 0.910903
82.396090031 3.139871 1.597218 0.000000 0.000000 0.000000 0.412469 0.910972
82.493404388 3.152484 1.610178 0.000000 0.000000 0.000000 0.412198 0.911094
82.545469284 3.159326 1.615821 0.000000 0.000000 0.000000 0.412321 0.911038
82.645762682 3.171999 1.630304 0.000000 0.000000 0.000000 0.412522 0.910948
82.703368902 3.179923 1.638629 0.000000 0.000000 0.000000 0.412041 0.911165
82.786747932 3.190812 1.650216 0.000000 0.000000 0.000000 0.412313 0.911042
82.854153395 3.201998 1.660114 0.000000 0.000000 0.000000 0.412652 0.910889
82.943068027 3.212142 1.674047 0.000000 0.000000 0.000000 0.412761 0.910840
83.009804964 3.221518 1.684326 0.000000 0.000000 0.000000 0.412964 0.910747
83.085191727 3.232715 1.695860 0.000000 0.000000 0.000000 0.412905 0.910774
83.153803349 3.242527 1.705498 0.000000 0.000000 0.000000 0.413322 0.910585
83.241653681 3.254156 1.719229 0.000000 0.000000 0.000000 0.413416 0.910542
83.297069788 3.256890 1.722688 0.000000 0.000000 0.000000 0.418238 0.908338
83.389735460 3.260939 1.728446 0.000000 0.000000 0.000000 0.425613 0.904905
83.453119040 3.263636 1.730391 0.000000 0.000000 0.000000 0.431019 0.902343
83.537900448 3.267602 1.735776 0.000000 0.000000 0.000000 0.438560 0.898702
83.597048283 3.270105 1.737100 0.000000 0.000000 0.000000 0.443551 0.896249
83.717325926 3.275000 1.739997 0.000000 0.000000 0.000000 0.453511 0.891251
83.749479055 3.275919 1.740862 0.000000 0.000000 0.000000 0.456177 0.889889
83.838826418 3.279305 1.744219 0.000000 0.000000 0.000000 0.463571 0.886060
83.901724577 3.280343 1.745331 0.000000 0.000000 0.000000 0.468725 0.883344
83.992516994 3.283744 1.749322 0.000000 0.000000 0.000000 0.476343 0.879260
84.051721573 3.285165 1.750339 0.000000 0.000000 0.000000 0.481107 0.876662
84.156426907 3.288592 1.754720 0.000000 0.000000 0.000000 0.489606 0.871944
84.200500965 3.291528 1.757424 0.000000 0.000000 0.000000 0.493578 0.869702
84.283172131 3.300447 1.772524 0.000000 0.000000 0.000000 0.493834 0.869556
84.341853619 3.307295 1.784228 0.000000 0.000000 0.000000 0.494015 0.869453
84.440338135 3.319315 1.801881 0.000000 0.000000 0.000000 0.493893 0.869523
84.490278244 3.323760 1.809903 0.000000 0.000000 0.000000 0.494039 0.869440
84.590413809 3.333922 1.826550 0.000000 0.000000 0.000000 0.494298 0.869292
84.637861252 3.336417 1.828666 0.000000 0.000000 0.000000 0.498744 0.866749
84.731191397 3.340305 1.832768 0.000000 0.000000 0.000000 0.506339 0.862335
84.795961142 3.339467 1.836802 0.000000 0.000000 0.000000 0.511617 0.859214
84.885035038 3.344022 1.841651 0.000000 0.000000 0.000000 0.518892 0.854840
84.942189693 3.348727 1.850180 0.000000 0.000000 0.000000 0.518904 0.854833
85.035698891 3.354061 1.862995 0.000000 0.000000 0.000000 0.518441 0.855113
85.087255955 3.358948 1.872080 0.000000 0.000000 0.000000 0.518596 0.855019
85.177431345 3.366618 1.887476 0.000000 0.000000 0.000000 0.518635 0.854996
85.234461546 3.372664 1.897633 0.000000 0.000000 0.000000 0.518612 0.855010
85.317269802 3.378620 1.911942 0.000000 0.000000 0.000000 0.518639 0.854994
85.371974707 3.383028 1.922575 0.000000 0.000000 0.000000 0.518692 0.854961
85.478625298 3.386155 1.926759 0.000000 0.000000 0.000000 0.527246 0.849712
85.528799295 3.388022 1.927679 0.000000 0.000000 0.000000 0.530968 0.847392
85.623463392 3.391862 1.932392 0.000000 0.000000 0.000000 0.538304 0.842751
85.673765659 3.393122 1.937097 0.000000 0.000000 0.000000 0.542156 0.840278
85.763669968 3.399863 1.952247 0.000000 0.000000 0.000000 0.542040 0.840353
85.820935726 3.405064 1.962438 0.000000 0.000000 0.000000 0.542171 0.840268
85.910727024 3.412220 1.977928 0.000000 0.000000 0.000000 0.542103 0.840312
85.964876890 3.415153 1.989126 0.000000 0.000000 0.000000 0.541838 0.840483
86.051109076 3.421467 2.004289 0.000000 0.000000 0.000000 0.541735 0.840549
86.103527308 3.424827 2.013960 0.000000 0.000000 0.000000 0.541590 0.840643
86.201452255 3.434222 2.030786 0.000000 0.000000 0.000000 0.541416 0.840755
86.242657185 3.437487 2.040531 0.000000 0.000000 0.000000 0.541218 0.840882
86.334985495 3.446788 2.058235 0.000000 0.000000 0.000000 0.541710 0.840565
86.382092714 3.449549 2.062314 0.000000 0.000000 0.000000 0.545258 0.838268
86.472083092 3.450127 2.067464 0.000000 0.000000 0.000000 0.552217 0.833700
86.523828268 3.449396 2.070410 0.000000 0.000000 0.000000 0.555428 0.831565
86.615870237 3.450854 2.073883 0.000000 0.000000 0.000000 0.562573 0.826748
86.670076370 3.451505 2.076365 0.000000 0.000000 0.000000 0.566670 0.823945
86.774803400 3.459101 2.094292 0.000000 0.000000 0.000000 0.566151 0.824301
86.820199966 3.462136 2.102230 0.000000 0.000000 0.000000 0.566217 0.824257
86.919469357 3.469331 2.118935 0.000000 0.000000 0.000000 0.566507 0.824057
86.967871189 3.472281 2.127553 0.000000 0.000000 0.000000 0.566575 0.824010
87.056761026 3.477602 2.144149 0.000000 0.000000 0.000000 0.566581 0.824006
87.109259605 3.480078 2.155452 0.000000 0.000000 0.000000 0.566299 0.824200
87.192007065 3.487634 2.169618 0.000000 0.000000 0.000000 0.566095 0.824340
87.253980637 3.491705 2.180553 0.000000 0.000000 0.000000 0.566139 0.824310
87.349741697 3.493201 2.186363 0.000000 0.000000 0.000000 0.573627 0.819117
87.405018091 3.494305 2.188299 0.000000 0.000000 0.000000 0.577683 0.816261
87.485984564 3.495094 2.193931 0.000000 0.000000 0.000000 0.583337 0.812231
87.543567896 3.494690 2.195269 0.000000 0.000000 0.000000 0.587865 0.808959
87.634330273 3.495560 2.199449 0.000000 0.000000 0.000000 0.594160 0.804347
87.686902761 3.494298 2.202837 0.000000 0.000000 0.000000 0.597776 0.801663
87.787247896 3.494862 2.207454 0.000000 0.000000 0.000000 0.605136 0.796122
87.837472916 3.496773 2.216268 0.000000 0.000000 0.000000 0.605222 0.796057
87.916748285 3.501624 2.231092 0.000000 0.000000 0.000000 0.605074 0.796169
87.986268759 3.506863 2.244438 0.000000 0.000000 0.000000 0.605125 0.796130
88.086726427 3.512722 2.263672 0.000000 0.000000 0.000000 0.605048 0.796189
88.150101423 3.515317 2.275732 0.000000 0.000000 0.000000 0.604872 0.796323
88.240933418 3.514742 2.279291 0.000000 0.000000 0.000000 0.611726 0.791070
88.297403812 3.514908 2.280447 0.000000 0.000000 0.000000 0.615783 0.787916
88.386169910 3.514633 2.283789 0.000000 0.000000 0.000000 0.622142 0.782905
88.450335503 3.516711 2.284640 0.000000 0.000000 0.000000 0.627033 0.778993
88.535275698 3.517498 2.287256 0.000000 0.000000 0.000000 0.632777 0.774334
88.605426788 3.518718 2.290477 0.000000 0.000000 0.000000 0.637849 0.770162
88.683759212 3.520384 2.293124 0.000000 0.000000 0.000000 0.643350 0.765572
88.750116110 3.522985 2.304909 0.000000 0.000000 0.000000 0.643504 0.765443
88.851769447 3.527184 2.324430 0.000000 0.000000 0.000000 0.643554 0.765401
88.916266441 3.527613 2.339285 0.000000 0.000000 0.000000 0.643561 0.765395
89.002526760 3.530277 2.354588 0.000000 0.000000 0.000000 0.643308 0.765608
89.057895184 3.530957 2.365738 0.000000 0.000000 0.000000 0.643198 0.765700
89.140100241 3.535394 2.382880 0.000000 0.000000 0.000000 0.643256 0.765651
89.195465088 3.534379 2.387109 0.000000 0.000000 0.000000 0.647024 0.762470
89.289087772 3.535170 2.391455 0.000000 0.000000 0.000000 0.653333 0.757071
89.344048738 3.535236 2.393551 0.000000 0.000000 0.000000 0.657335 0.753599
89.440391302 3.536782 2.398538 0.000000 0.000000 0.000000 0.664569 0.747226
89.492968559 3.537182 2.400886 0.000000 0.000000 0.000000 0.668257 0.743930
89.607647657 3.539451 2.422430 0.000000 0.000000 0.000000 0.668659 0.743569
89.672281504 3.540803 2.432940 0.000000 0.000000 0.000000 0.668554 0.743664
89.768073082 3.542897 2.453796 0.000000 0.000000 0.000000 0.668634 0.743592
89.829360723 3.542385 2.464414 0.000000 0.000000 0.000000 0.668860 0.743388
89.918611765 3.543232 2.483154 0.000000 0.000000 0.000000 0.668808 0.743435
89.983339548 3.544113 2.496373 0.000000 0.000000 0.000000 0.668889 0.743363
90.075467348 3.546609 2.512743 0.000000 0.000000 0.000000 0.668919 0.743335
90.136802912 3.549261 2.525427 0.000000 0.000000 0.000000 0.668746 0.743491
90.217718840 3.551527 2.542109 0.000000 0.000000 0.000000 0.668605 0.743617
90.282570362 3.550514 2.554705 0.000000 0.000000 0.000000 0.668640 0.743586
90.377734184 3.552045 2.573665 0.000000 0.000000 0.000000 0.668771 0.743468
90.428593874 3.551902 2.582252 0.000000 0.000000 0.000000 0.668611 0.743612
90.510604858 3.554165 2.596891 0.000000 0.000000 0.000000 0.668646 0.743581
90.568803549 3.554390 2.608816 0.000000 0.000000 0.000000 0.668451 0.743756
90.669097900 3.557575 2.629761 0.000000 0.000000 0.000000 0.668266 0.743923
90.734403133 3.561317 2.642876 0.000000 0.000000 0.000000 0.668128 0.744046
90.817264557 3.562828 2.657245 0.000000 0.000000 0.000000 0.667592 0.744527
90.874949217 3.562696 2.667510 0.000000 0.000000 0.000000 0.667487 0.744621
90.977848291 3.564282 2.690301 0.000000 0.000000 0.000000 0.667284 0.744803
91.038990498 3.563737 2.702405 0.000000 0.000000 0.000000 0.667324 0.744767
91.132968187 3.564298 2.720814 0.000000 0.000000 0.000000 0.667410 0.744690
91.184181929 3.564896 2.731879 0.000000 0.000000 0.000000 0.667306 0.744784
91.277483940 3.567752 2.751288 0.000000 0.000000 0.000000 0.667318 0.744773
91.333750963 3.571819 2.763473 0.000000 0.000000 0.000000 0.667195 0.744883
91.435931683 3.573989 2.783597 0.000000 0.000000 0.000000 0.667274 0.744812
91.490885019 3.577174 2.795019 0.000000 0.000000 0.000000 0.667047 0.745015
91.596405983 3.580546 2.816572 0.000000 0.000000 0.000000 0.667088 0.744979
91.657889366 3.582626 2.829170 0.000000 0.000000 0.000000 0.667294 0.744795
91.744920015 3.585136 2.845745 0.000000 0.000000 0.000000 0.667371 0.744726
91.803375244 3.586354 2.857143 0.000000 0.000000 0.000000 0.667541 0.744573
91.889576912 3.587568 2.875986 0.000000 0.000000 0.000000 0.667573 0.744545
91.950321198 3.589790 2.889008 0.000000 0.000000 0.000000 0.667718 0.744415
92.040585995 3.590823 2.906555 0.000000 0.000000 0.000000 0.667808 0.744334
92.095539570 3.591422 2.916450 0.000000 0.000000 0.000000 0.667780 0.744359
92.180634975 3.593432 2.935422 0.000000 0.000000 0.000000 0.667547 0.744567
92.233907700 3.593828 2.945803 0.000000 0.000000 0.000000 0.667282 0.744805
92.324627161 3.598623 2.964850 0.000000 0.000000 0.000000 0.667189 0.744888
92.377721786 3.599603 2.978612 0.000000 0.000000 0.000000 0.667220 0.744860
92.477380037 3.601631 2.998530 0.000000 0.000000 0.000000 0.667512 0.744599
92.527386665 3.602298 3.009122 0.000000 0.000000 0.000000 0.667565 0.744551
92.615924358 3.602260 3.025884 0.000000 0.000000 0.000000 0.667272 0.744814
92.672314167 3.603671 3.035089 0.000000 0.000000 0.000000 0.667074 0.744991
92.773890257 3.602931 3.053289 0.000000 0.000000 0.000000 0.666568 0.745444
92.833395958 3.606311 3.065224 0.000000 0.000000 0.000000 0.666459 0.745541
92.924817085 3.607898 3.082915 0.000000 0.000000 0.000000 0.666192 0.745780
92.988978386 3.609449 3.095375 0.000000 0.000000 0.000000 0.665868 0.746070
93.100240469 3.611516 3.116475 0.000000 0.000000 0.000000 0.666128 0.745838
93.152472734 3.611796 3.125480 0.000000 0.000000 0.000000 0.666009 0.745943
93.248969555 3.615391 3.143851 0.000000 0.000000 0.000000 0.665882 0.746057
93.302347898 3.617221 3.154684 0.000000 0.000000 0.000000 0.666043 0.745913
93.402684212 3.619640 3.173159 0.000000 0.000000 0.000000 0.665592 0.746316
93.454676867 3.621149 3.182681 0.000000 0.000000 0.000000 0.665692 0.746227
93.552758694 3.622699 3.201367 0.000000 0.000000 0.000000 0.665703 0.746217
93.613630056 3.626166 3.210685 0.000000 0.000000 0.000000 0.665642 0.746271
93.707502604 3.627840 3.227348 0.000000 0.000000 0.000000 0.665453 0.746440
93.764230251 3.628561 3.238799 0.000000 0.000000 0.000000 0.665380 0.746505
93.873910427 3.629743 3.258984 0.000000 0.000000 0.000000 0.665445 0.746447
93.914932251 3.631696 3.268057 0.000000 0.000000 0.000000 0.665561 0.746343
94.005584240 3.634048 3.284934 0.000000 0.000000 0.000000 0.665631 0.746281
94.060539484 3.633491 3.297218 0.000000 0.000000 0.000000 0.665784 0.746145
94.156020403 3.635247 3.314651 0.000000 0.000000 0.000000 0.665767 0.746159
94.210253716 3.636884 3.324587 0.000000 0.000000 0.000000 0.666026 0.745928
94.306135893 3.638998 3.343654 0.000000 0.000000 0.000000 0.666444 0.745555
94.372974396 3.640025 3.357784 0.000000 0.000000 0.000000 0.666548 0.745462
94.471097946 3.642841 3.375941 0.000000 0.000000 0.000000 0.666584 0.745430
94.529613972 3.644367 3.386794 0.000000 0.000000 0.000000 0.666662 0.745360
94.627149820 3.647025 3.406642 0.000000 0.000000 0.000000 0.666410 0.745585
94.671769142 3.647798 3.415932 0.000000 0.000000 0.000000 0.666570 0.745443
94.763330460 3.649242 3.433541 0.000000 0.000000 0.000000 0.666547 0.745463
94.822440624 3.651584 3.446572 0.000000 0.000000 0.000000 0.666587 0.745428
94.912670851 3.652121 3.462894 0.000000 0.000000 0.000000 0.666667 0.745355
94.978972197 3.652094 3.476160 0.000000 0.000000 0.000000 0.666574 0.745439
95.068254471 3.653948 3.493433 0.000000 0.000000 0.000000 0.666481 0.745522
95.123470068 3.655415 3.504716 0.000000 0.000000 0.000000 0.666598 0.745418
95.210581541 3.655581 3.522451 0.000000 0.000000 0.000000 0.666341 0.745647
95.261231899 3.656482 3.533991 0.000000 0.000000 0.000000 0.665921 0.746022
95.358219862 3.657409 3.553366 0.000000 0.000000 0.000000 0.665867 0.746070
95.405269146 3.660013 3.559613 0.000000 0.000000 0.000000 0.665581 0.746326
95.495450497 3.659162 3.558822 0.000000 0.000000 0.000000 0.665556 0.746348
95.556711435 3.661338 3.556837 0.000000 0.000000 0.000000 0.665582 0.746325
95.654532194 3.660634 3.559722 0.000000 0.000000 0.000000 0.665659 0.746256
95.718507051 3.659306 3.558191 0.000000 0.000000 0.000000 0.665378 0.746506
95.809733868 3.659931 3.559531 0.000000 0.000000 0.000000 0.665488 0.746409
95.869915009 3.660822 3.558536 0.000000 0.000000 0.000000 0.665573 0.746333
95.968504429 3.659983 3.558868 0.000000 0.000000 0.000000 0.665023 0.746823
96.013655424 3.660465 3.557517 0.000000 0.000000 0.000000 0.664904 0.746928
96.105460644 3.660521 3.556865 0.000000 0.000000 0.000000 0.664618 0.747184
96.151817083 3.659035 3.556989 0.000000 0.000000 0.000000 0.664549 0.747245
96.249305487 3.658641 3.556759 0.000000 0.000000 0.000000 0.664756 0.747061
96.313171148 3.658714 3.555856 0.000000 0.000000 0.000000 0.664654 0.747151
96.411842108 3.658464 3.555423 0.000000 0.000000 0.000000 0.664528 0.747263
96.483254194 3.655952 3.555571 0.000000 0.000000 0.000000 0.664309 0.747458
96.576039553 3.655828 3.555191 0.000000 0.000000 0.000000 0.664309 0.747458
96.634468794 3.655551 3.553435 0.000000 0.000000 0.000000 0.664244 0.747516
96.723625898 3.653814 3.552523 0.000000 0.000000 0.000000 0.664128 0.747619
96.781600475 3.653741 3.551473 0.000000 0.000000 0.000000 0.664214 0.747543
96.866395235 3.653164 3.551762 0.000000 0.000000 0.000000 0.663772 0.747935
96.921135187 3.653215 3.552437 0.000000 0.000000 0.000000 0.663716 0.747985
97.019036293 3.652040 3.550094 0.000000 0.000000 0.000000 0.663391 0.748273
97.060910940 3.650183 3.548788 0.000000 0.000000 0.000000 0.663473 0.748200
97.153807163 3.648966 3.547563 0.000000 0.000000 0.000000 0.663218 0.748427
97.211027622 3.649616 3.546126 0.000000 0.000000 0.000000 0.663010 0.748610
97.305245876 3.649190 3.545555 0.000000 0.000000 0.000000 0.662890 0.748717
97.364989996 3.648433 3.546369 0.000000 0.000000 0.000000 0.663244 0.748403
97.465471268 3.647748 3.544804 0.000000 0.000000 0.000000 0.662997 0.748622
97.531141281 3.646625 3.544652 0.000000 0.000000 0.000000 0.663210 0.748434
97.607466698 3.646062 3.545368 0.000000 0.000000 0.000000 0.663316 0.748339
97.670571327 3.644945 3.545047 0.000000 0.000000 0.000000 0.662884 0.748722
97.761371374 3.645201 3.544457 0.000000 0.000000 0.000000 0.663019 0.748603
97.826786518 3.645378 3.544204 0.000000 0.000000 0.000000 0.662945 0.748668
97.904732704 3.647440 3.544262 0.000000 0.000000 0.000000 0.663006 0.748614
97.972033739 3.647939 3.545794 0.000000 0.000000 0.000000 0.662638 0.748940
98.065672398 3.648525 3.544426 0.000000 0.000000 0.000000 0.662517 0.749047
98.120881319 3.647146 3.544766 0.000000 0.000000 0.000000 0.662216 0.749313
98.209275961 3.647284 3.545346 0.000000 0.000000 0.000000 0.662451 0.749105
98.266049623 3.648020 3.545244 0.000000 0.000000 0.000000 0.662374 0.749174
98.353181839 3.649329 3.544952 0.000000 0.000000 0.000000 0.662302 0.749237
98.403073549 3.648554 3.545348 0.000000 0.000000 0.000000 0.662453 0.749103
98.490382910 3.647351 3.544466 0.000000 0.000000 0.000000 0.662331 0.749211
98.542252064 3.648700 3.544002 0.000000 0.000000 0.000000 0.662264 0.749270
98.624454260 3.648593 3.543395 0.000000 0.000000 0.000000 0.662367 0.749180
98.685510397 3.647977 3.543691 0.000000 0.000000 0.000000 0.662270 0.749265
98.779605627 3.648238 3.543398 0.000000 0.000000 0.000000 0.662008 0.749496
98.838194609 3.647758 3.542834 0.000000 0.000000 0.000000 0.661841 0.749644
98.929908276 3.645736 3.541020 0.000000 0.000000 0.000000 0.661827 0.749657
98.986426353 3.646166 3.542443 0.000000 0.000000 0.000000 0.661923 0.749572
99.090990067 3.645863 3.542787 0.000000 0.000000 0.000000 0.661658 0.749806
99.137984037 3.644517 3.540768 0.000000 0.000000 0.000000 0.661471 0.749971
99.222180128 3.643966 3.540299 0.000000 0.000000 0.000000 0.661751 0.749724
99.274515629 3.641958 3.539523 0.000000 0.000000 0.000000 0.661703 0.749766
99.372492313 3.643228 3.540769 0.000000 0.000000 0.000000 0.661260 0.750156
99.430688858 3.646047 3.543392 0.000000 0.000000 0.000000 0.660575 0.750760
99.544572830 3.645505 3.542435 0.000000 0.000000 0.000000 0.660876 0.750495
99.586899042 3.644570 3.542272 0.000000 0.000000 0.000000 0.660578 0.750757
99.684531927 3.643825 3.542034 0.000000 0.000000 0.000000 0.660505 0.750822
99.732462883 3.642117 3.541585 0.000000 0.000000 0.000000 0.660461 0.750860
99.817482233 3.641276 3.541332 0.000000 0.000000 0.000000 0.660632 0.750710
99.865893364 3.640741 3.539633 0.000000 0.000000 0.000000 0.660543 0.750788
99.974117994 3.640811 3.540777 0.000000 0.000000 0.000000 0.660489 0.750835
100.008396149 3.640299 3.540381 0.000000 0.000000 0.000000 0.660455 0.750866
100.099959850 3.640160 3.538940 0.000000 0.000000 0.000000 0.660456 0.750865
100.157341719 3.640166 3.538894 0.000000 0.000000 0.000000 0.660494 0.750831
100.251402378 3.639973 3.537133 0.000000 0.000000 0.000000 0.660317 0.750987
100.296842813 3.640646 3.537103 0.000000 0.000000 0.000000 0.660122 0.751158
100.386153460 3.641285 3.537538 0.000000 0.000000 0.000000 0.660141 0.751142
100.438560963 3.639276 3.536461 0.000000 0.000000 0.000000 0.659871 0.751379
100.523025513 3.639910 3.534456 0.000000 0.000000 0.000000 0.659877 0.751374
100.578892708 3.642261 3.532805 0.000000 0.000000 0.000000 0.659915 0.751340
100.666844606 3.642833 3.531646 0.000000 0.000000 0.000000 0.659583 0.751632
100.717916250 3.643411 3.530995 0.000000 0.000000 0.000000 0.659551 0.751660
100.814438343 3.641168 3.530169 0.000000 0.000000 0.000000 0.659165 0.751999
100.859156370 3.641646 3.528538 0.000000 0.000000 0.000000 0.659290 0.751889
100.952885628 3.644547 3.527894 0.000000 0.000000 0.000000 0.659469 0.751732
101.000487804 3.645409 3.529706 0.000000 0.000000 0.000000 0.659040 0.752108
101.085479736 3.645952 3.530071 0.000000 0.000000 0.000000 0.659149 0.752012
101.136031866 3.646098 3.529485 0.000000 0.000000 0.000000 0.659335 0.751850
101.229514122 3.645604 3.528655 0.000000 0.000000 0.000000 0.659315 0.751867
101.274351120 3.644913 3.527477 0.000000 0.000000 0.000000 0.659225 0.751946
101.373620749 3.644445 3.527827 0.000000 0.000000 0.000000 0.659178 0.751987
101.426921129 3.642813 3.528278 0.000000 0.000000 0.000000 0.659164 0.751999
101.521782160 3.643113 3.528532 0.000000 0.000000 0.000000 0.659283 0.751895
101.570658922 3.642633 3.529964 0.000000 0.000000 0.000000 0.659262 0.751913
101.657437325 3.642245 3.530108 0.000000 0.000000 0.000000 0.659674 0.751552
101.713495970 3.641234 3.528882 0.000000 0.000000 0.000000 0.659539 0.751670
101.799236774 3.639814 3.528944 0.000000 0.000000 0.000000 0.659584 0.751631
101.849389791 3.640936 3.530439 0.000000 0.000000 0.000000 0.660069 0.751205
101.945839167 3.640672 3.530404 0.000000 0.000000 0.000000 0.660114 0.751165
101.999189854 3.641556 3.530211 0.000000 0.000000 0.000000 0.660528 0.750802
102.086042404 3.640596 3.531205 0.000000 0.000000 0.000000 0.660523 0.750805
102.136522293 3.641778 3.532021 0.000000 0.000000 0.000000 0.660452 0.750868
102.221495152 3.641501 3.531371 0.000000 0.000000 0.000000 0.660226 0.751067
102.276251078 3.643155 3.531347 0.000000 0.000000 0.000000 0.659979 0.751284
102.367645025 3.644374 3.531856 0.000000 0.000000 0.000000 0.659721 0.751511
102.423708200 3.645316 3.532551 0.000000 0.000000 0.000000 0.659581 0.751634
102.525077105 3.644238 3.534378 0.000000 0.000000 0.000000 0.659777 0.751461
102.574762106 3.645423 3.537846 0.000000 0.000000 0.000000 0.660112 0.751167
102.674291134 3.645514 3.537910 0.000000 0.000000 0.000000 0.660097 0.751180
