56.000000000 0.000683 1.002284 0.000000 0.000000 0.000000 0.007772 0.999970
56.092626333 -0.005480 1.004630 0.000000 0.000000 0.000000 0.004697 0.999989
56.136488199 -0.011463 1.002755 0.000000 0.000000 0.000000 0.002504 0.999997
56.234569073 -0.015672 1.002787 0.000000 0.000000 0.000000 0.001011 0.999999
56.291095257 -0.016422 1.002902 0.000000 0.000000 0.000000 0.000158 1.000000
56.384810448 -0.017828 1.003277 0.000000 0.000000 0.000000 -0.000135 1.000000
56.432573795 -0.018730 1.003121 0.000000 0.000000 0.000000 -0.000449 1.000000
56.517774343 -0.018591 1.003175 0.000000 0.000000 0.000000 -0.000652 1.000000
56.566277504 -0.020084 1.003993 0.000000 0.000000 0.000000 -0.000809 1.000000
56.658776283 -0.021259 1.003902 0.000000 0.000000 0.000000 -0.000674 1.000000
56.719421625 -0.019581 1.004287 0.000000 0.000000 0.000000 -0.000683 1.000000
56.806190968 -0.019774 1.004285 0.000000 0.000000 0.000000 -0.000621 1.000000
56.859033823 -0.020618 1.003748 0.000000 0.000000 0.000000 -0.000199 1.000000
56.956225157 -0.019866 1.003228 0.000000 0.000000 0.000000 0.000149 1.000000
56.992516994 -0.019457 1.002851 0.000000 0.000000 0.000000 0.000242 1.000000
57.085117579 -0.020272 1.001756 0.000000 0.000000 0.000000 -0.000033 1.000000
57.135342836 -0.021018 1.002244 0.000000 0.000000 0.000000 0.000067 1.000000
57.226917267 -0.021444 1.001557 0.000000 0.000000 0.000000 -0.000132 1.000000
57.280653477 -0.022322 1.001283 0.000000 0.000000 0.000000 -0.000418 1.000000
57.376023293 -0.022451 1.001093 0.000000 0.000000 0.000000 -0.000464 1.000000
57.421943903 -0.022245 1.002109 0.000000 0.000000 0.000000 -0.000711 1.000000
57.506844759 -0.021890 1.001572 0.000000 0.000000 0.000000 -0.000607 1.000000
57.561612844 -0.022403 1.000989 0.000000 0.000000 0.000000 -0.000490 1.000000
57.661116600 -0.022333 1.002267 0.000000 0.000000 0.000000 -0.000290 1.000000
57.713097334 -0.021582 1.000951 0.000000 0.000000 0.000000 -0.000293 1.000000
57.818692207 -0.022053 1.001114 0.000000 0.000000 0.000000 -0.000623 1.000000
57.857132435 -0.021247 1.000985 0.000000 0.000000 0.000000 -0.000663 1.000000
57.942367077 -0.020925 1.001373 0.000000 0.000000 0.000000 -0.000555 1.000000
57.993121147 -0.021244 1.000709 0.000000 0.000000 0.000000 -0.000714 1.000000
58.084053516 -0.021180 1.001005 0.000000 0.000000 0.000000 -0.000758 1.000000
58.134043932 -0.021947 1.001972 0.000000 0.000000 0.000000 -0.000896 1.000000
58.226578236 -0.022860 1.002741 0.000000 0.000000 0.000000 -0.001034 0.999999
58.278188705 -0.022775 1.003162 0.000000 0.000000 0.000000 -0.001637 0.999999
58.375108480 -0.021789 1.003344 0.000000 0.000000 0.000000 -0.001645 0.999999
58.432198524 -0.021554 1.004188 0.000000 0.000000 0.000000 -0.001812 0.999998
58.513686180 -0.020400 1.005154 0.000000 0.000000 0.000000 -0.001847 0.999998
58.577755451 -0.020285 1.004710 0.000000 0.000000 0.000000 -0.001705 0.999999
58.663658381 -0.020298 1.005026 0.000000 0.000000 0.000000 -0.001532 0.999999
58.721382856 -0.019836 1.004961 0.000000 0.000000 0.000000 -0.000757 1.000000
58.811643362 -0.020088 1.004942 0.000000 0.000000 0.000000 -0.000994 1.000000
58.859117508 -0.020748 1.004845 0.000000 0.000000 0.000000 -0.000897 1.000000
58.954252720 -0.021750 1.004871 0.000000 0.000000 0.000000 -0.000908 1.000000
59.016629219 -0.021948 1.004923 0.000000 0.000000 0.000000 -0.000762 1.000000
59.106379747 -0.022167 1.004935 0.000000 0.000000 0.000000 -0.000513 1.000000
59.158839226 -0.022978 1.005112 0.000000 0.000000 0.000000 -0.000408 1.000000
59.239713192 -0.021059 1.004762 0.000000 0.000000 0.000000 -0.000466 1.000000
59.295119047 -0.021206 1.004346 0.000000 0.000000 0.000000 -0.000351 1.000000
59.400145054 -0.021184 1.004520 0.000000 0.000000 0.000000 -0.000199 1.000000
59.447155952 -0.020904 1.004594 0.000000 0.000000 0.000000 -0.000044 1.000000
59.543852329 -0.021753 1.004426 0.000000 0.000000 0.000000 -0.000272 1.000000
59.590034962 -0.020600 1.004704 0.000000 0.000000 0.000000 -0.000114 1.000000
59.665421247 -0.021245 1.004064 0.000000 0.000000 0.000000 -0.000439 1.000000
59.720851421 -0.022865 1.004467 0.000000 0.000000 0.000000 -0.000629 1.000000
59.805132151 -0.024252 1.004717 0.000000 0.000000 0.000000 -0.000781 1.000000
59.860359430 -0.024635 1.004797 0.000000 0.000000 0.000000 -0.000860 1.000000
59.957119226 -0.025761 1.004600 0.000000 0.000000 0.000000 -0.000809 1.000000
60.005816936 -0.024862 1.004992 0.000000 0.000000 0.000000 -0.000882 1.000000
60.089397669 -0.025880 1.004962 0.000000 0.000000 0.000000 -0.000871 1.000000
60.138172865 -0.026156 1.005891 0.000000 0.000000 0.000000 -0.001128 0.999999
60.220950127 -0.026368 1.005646 0.000000 0.000000 0.000000 -0.000975 1.000000
60.272440672 -0.026216 1.005335 0.000000 0.000000 0.000000 -0.000780 1.000000
60.365985632 -0.026690 1.005423 0.000000 0.000000 0.000000 -0.000764 1.000000
60.419920921 -0.025903 1.005195 0.000000 0.000000 0.000000 -0.000651 1.000000
60.517887354 -0.025490 1.004142 0.000000 0.000000 0.000000 -0.000647 1.000000
60.576246977 -0.024507 1.003290 0.000000 0.000000 0.000000 -0.000453 1.000000
60.661265135 -0.024311 1.003564 0.000000 0.000000 0.000000 -0.000431 1.000000
60.720116138 -0.024516 1.005832 0.000000 0.000000 0.000000 -0.000622 1.000000
60.806773424 -0.025063 1.005138 0.000000 0.000000 0.000000 -0.000583 1.000000
60.856551170 -0.025171 1.004982 0.000000 0.000000 0.000000 -0.000449 1.000000
60.954911470 -0.025511 1.004063 0.000000 0.000000 0.000000 -0.000222 1.000000
61.012297630 -0.024170 1.004105 0.000000 0.000000 0.000000 -0.000078 1.000000
61.109639168 -0.024449 1.005393 0.000000 0.000000 0.000000 0.000074 1.000000
61.157109976 -0.024251 1.004654 0.000000 0.000000 0.000000 0.000427 1.000000
61.239634752 -0.026312 1.002478 0.000000 0.000000 0.000000 0.000646 1.000000
61.291578770 -0.025791 1.001594 0.000000 0.000000 0.000000 0.000658 1.000000
61.377224922 -0.025783 1.000508 0.000000 0.000000 0.000000 0.000840 1.000000
61.424571276 -0.026094 1.000620 0.000000 0.000000 0.000000 0.000767 1.000000
61.517945051 -0.026499 1.000613 0.000000 0.000000 0.000000 0.000698 1.000000
61.571182013 -0.025927 1.001320 0.000000 0.000000 0.000000 0.000697 1.000000
61.674693108 -0.026105 1.003321 0.000000 0.000000 0.000000 0.000578 1.000000
61.731230259 -0.026006 1.004055 0.000000 0.000000 0.000000 0.000696 1.000000
61.823836803 -0.026376 1.004855 0.000000 0.000000 0.000000 0.000669 1.000000
61.867137194 -0.027771 1.005090 0.000000 0.000000 0.000000 0.000412 1.000000
61.957184315 -0.027298 1.006044 0.000000 0.000000 0.000000 0.000602 1.000000
62.007257462 -0.028436 1.005821 0.000000 0.000000 0.000000 0.000777 1.000000
62.096065044 -0.029818 1.006595 0.000000 0.000000 0.000000 0.000838 1.000000
62.149833441 -0.031283 1.007744 0.000000 0.000000 0.000000 0.000549 1.000000
62.231528997 -0.017079 1.008940 0.000000 0.000000 0.000000 0.000755 1.000000
62.288254261 -0.006520 1.009738 0.000000 0.000000 0.000000 0.000768 1.000000
62.372793436 0.008860 1.009686 0.000000 0.000000 0.000000 0.000920 1.000000
62.437046528 0.019922 1.009592 0.000000 0.000000 0.000000 0.001038 0.999999
62.518205643 0.033682 1.009596 0.000000 0.000000 0.000000 0.001362 0.999999
62.573649645 0.042180 1.009685 0.000000 0.000000 0.000000 0.001092 0.999999
62.658019066 0.055911 1.009662 0.000000 0.000000 0.000000 0.001001 0.999999
62.708748341 0.064180 1.009368 0.000000 0.000000 0.000000 0.001392 0.999999
62.802901506 0.080451 1.008845 0.000000 0.000000 0.000000 0.001624 0.999999
62.862125397 0.089915 1.009095 0.000000 0.000000 0.000000 0.001624 0.999999
62.944721937 0.103214 1.009918 0.000000 0.000000 0.000000 0.001948 0.999998
63.001682520 0.112822 1.009602 0.000000 0.000000 0.000000 0.001945 0.999998
63.096352816 0.129341 1.008800 0.000000 0.000000 0.000000 0.001823 0.999998
63.140980959 0.136987 1.010236 0.000000 0.000000 0.000000 0.001469 0.999999
63.224403381 0.152992 1.010239 0.000000 0.000000 0.000000 0.001423 0.999999
63.278097630 0.161640 1.010007 0.000000 0.000000 0.000000 0.001211 0.999999
63.378735542 0.178917 1.010273 0.000000 0.000000 0.000000 0.001142 0.999999
63.429337263 0.187473 1.010126 0.000000 0.000000 0.000000 0.001181 0.999999
63.507558107 0.201349 1.008820 0.000000 0.000000 0.000000 0.001364 0.999999
63.561244726 0.210078 1.008463 0.000000 0.000000 0.000000 0.001485 0.999999
63.651183605 0.224514 1.008325 0.000000 0.000000 0.000000 0.001490 0.999999
63.722069025 0.237186 1.007942 0.000000 0.000000 0.000000 0.001940 0.999998
63.818211794 0.253256 1.007610 0.000000 0.000000 0.000000 0.001759 0.999998
63.867984533 0.260384 1.007521 0.000000 0.000000 0.000000 0.001506 0.999999
63.954170942 0.275146 1.008053 0.000000 0.000000 0.000000 0.001549 0.999999
64.007827759 0.283407 1.007194 0.000000 0.000000 0.000000 0.001341 0.999999
64.098969221 0.298581 1.006318 0.000000 0.000000 0.000000 0.001345 0.999999
64.150251389 0.307896 1.005847 0.000000 0.000000 0.000000 0.001188 0.999999
64.240028858 0.323127 1.007095 0.000000 0.000000 0.000000 0.001518 0.999999
64.291742325 0.332203 1.006542 0.000000 0.000000 0.000000 0.001586 0.999999
64.384911537 0.348847 1.006666 0.000000 0.000000 0.000000 0.001808 0.999998
64.438662767 0.359512 1.007447 0.000000 0.000000 0.000000 0.002068 0.999998
64.529100657 0.376696 1.006089 0.000000 0.000000 0.000000 0.001910 0.999998
64.581606388 0.385928 1.005043 0.000000 0.000000 0.000000 0.001951 0.999998
64.666499376 0.401135 1.002733 0.000000 0.000000 0.000000 0.002397 0.999997
64.719514608 0.412884 1.003150 0.000000 0.000000 0.000000 0.002302 0.999997
64.801486015 0.427102 1.002812 0.000000 0.000000 0.000000 0.002467 0.999997
64.853920698 0.436683 1.002642 0.000000 0.000000 0.000000 0.002653 0.999996
64.943417788 0.451193 1.002529 0.000000 0.000000 0.000000 0.002777 0.999996
64.995023489 0.459725 1.001963 0.000000 0.000000 0.000000 0.002735 0.999996
65.076430798 0.473766 1.002457 0.000000 0.000000 0.000000 0.002586 0.999997
65.137303352 0.484270 1.003927 0.000000 0.000000 0.000000 0.002360 0.999997
65.235720634 0.501585 1.004891 0.000000 0.000000 0.000000 0.001907 0.999998
65.286878586 0.510857 1.005197 0.000000 0.000000 0.000000 0.001972 0.999998
65.388996363 0.528272 1.006959 0.000000 0.000000 0.000000 0.002046 0.999998
65.443364143 0.537656 1.008333 0.000000 0.000000 0.000000 0.002126 0.999998
65.533442974 0.552852 1.009183 0.000000 0.000000 0.000000 0.001911 0.999998
65.583643198 0.560143 1.009320 0.000000 0.000000 0.000000 0.001857 0.999998
65.666572094 0.575232 1.009877 0.000000 0.000000 0.000000 0.001980 0.999998
65.718314648 0.584813 1.009907 0.000000 0.000000 0.000000 0.001867 0.999998
65.813969851 0.601934 1.011321 0.000000 0.000000 0.000000 0.001946 0.999998
65.860479355 0.609338 1.012362 0.000000 0.000000 0.000000 0.001599 0.999999
65.949100494 0.624891 1.012286 0.000000 0.000000 0.000000 0.001613 0.999999
66.006313324 0.635114 1.012413 0.000000 0.000000 0.000000 0.001755 0.999998
66.091695070 0.650799 1.011879 0.000000 0.000000 0.000000 0.001907 0.999998
66.150105000 0.661567 1.011507 0.000000 0.000000 0.000000 0.002289 0.999997
66.245607138 0.677427 1.011982 0.000000 0.000000 0.000000 0.002713 0.999996
66.289936066 0.685729 1.012505 0.000000 0.000000 0.000000 0.003017 0.999995
66.374847174 0.701890 1.012000 0.000000 0.000000 0.000000 0.003045 0.999995
66.427448988 0.711478 1.010708 0.000000 0.000000 0.000000 0.003270 0.999995
66.515174389 0.728035 1.010591 0.000000 0.000000 0.000000 0.003466 0.999994
66.565155268 0.736705 1.012137 0.000000 0.000000 0.000000 0.003540 0.999994
66.668905973 0.756246 1.011805 0.000000 0.000000 0.000000 0.003566 0.999994
66.720251560 0.766983 1.013558 0.000000 0.000000 0.000000 0.003385 0.999994
66.818524122 0.785952 1.014264 0.000000 0.000000 0.000000 0.003686 0.999993
66.862034321 0.793223 1.015372 0.000000 0.000000 0.000000 0.004044 0.999992
66.948162079 0.808415 1.014554 0.000000 0.000000 0.000000 0.004098 0.999992
66.998103142 0.817072 1.015904 0.000000 0.000000 0.000000 0.004231 0.999991
67.100195885 0.835090 1.015724 0.000000 0.000000 0.000000 0.004250 0.999991
67.157076359 0.843389 1.015375 0.000000 0.000000 0.000000 0.004363 0.999990
67.269846916 0.863610 1.014954 0.000000 0.000000 0.000000 0.004758 0.999989
67.325706720 0.874468 1.014643 0.000000 0.000000 0.000000 0.004772 0.999989
67.417520761 0.891931 1.013400 0.000000 0.000000 0.000000 0.004923 0.999988
67.475314379 0.902801 1.012990 0.000000 0.000000 0.000000 0.005278 0.999986
67.587245464 0.925487 1.014225 0.000000 0.000000 0.000000 0.005486 0.999985
67.657504320 0.940969 1.014840 0.000000 0.000000 0.000000 0.005491 0.999985
67.744100571 0.958882 1.015667 0.000000 0.000000 0.000000 0.005557 0.999985
67.809964418 0.972134 1.017979 0.000000 0.000000 0.000000 0.005433 0.999985
67.907867193 0.990746 1.019191 0.000000 0.000000 0.000000 0.005733 0.999984
67.955658197 1.000556 1.019502 0.000000 0.000000 0.000000 0.005720 0.999984
68.043772697 1.017330 1.021133 0.000000 0.000000 0.000000 0.005689 0.999984
68.092056751 1.026649 1.023176 0.000000 0.000000 0.000000 0.005587 0.999984
68.198954105 1.046388 1.024686 0.000000 0.000000 0.000000 0.004900 0.999988
68.239401817 1.053770 1.026745 0.000000 0.000000 0.000000 0.004764 0.999989
68.334116697 1.071556 1.028516 0.000000 0.000000 0.000000 0.005475 0.999985
68.393169165 1.083632 1.029357 0.000000 0.000000 0.000000 0.005601 0.999984
68.488315105 1.100657 1.029239 0.000000 0.000000 0.000000 0.005223 0.999986
68.548655272 1.112998 1.027997 0.000000 0.000000 0.000000 0.004830 0.999988
68.628951550 1.129578 1.029971 0.000000 0.000000 0.000000 0.004746 0.999989
68.688163757 1.142175 1.029569 0.000000 0.000000 0.000000 0.004594 0.999989
68.771270037 1.159046 1.029373 0.000000 0.000000 0.000000 0.004585 0.999989
68.824939728 1.170376 1.029725 0.000000 0.000000 0.000000 0.004345 0.999991
68.927378178 1.189108 1.029494 0.000000 0.000000 0.000000 0.004424 0.999990
68.988554239 1.201168 1.029304 0.000000 0.000000 0.000000 0.004128 0.999991
69.091393948 1.221267 1.029866 0.000000 0.000000 0.000000 0.003883 0.999992
69.142657280 1.230194 1.029413 0.000000 0.000000 0.000000 0.003637 0.999993
69.226943970 1.245897 1.028856 0.000000 0.000000 0.000000 0.003590 0.999994
69.291504383 1.257742 1.029910 0.000000 0.000000 0.000000 0.003361 0.999994
69.395749092 1.278562 1.028905 0.000000 0.000000 0.000000 0.003263 0.999995
69.444655418 1.287996 1.028992 0.000000 0.000000 0.000000 0.003158 0.999995
69.543005466 1.306906 1.027852 0.000000 0.000000 0.000000 0.003079 0.999995
69.595045090 1.315342 1.027056 0.000000 0.000000 0.000000 0.003260 0.999995
69.695927858 1.334654 1.027854 0.000000 0.000000 0.000000 0.003635 0.999993
69.753221989 1.345678 1.027895 0.000000 0.000000 0.000000 0.003895 0.999992
69.852281094 1.363330 1.027900 0.000000 0.000000 0.000000 0.003955 0.999992
69.909631014 1.374531 1.028080 0.000000 0.000000 0.000000 0.003992 0.999992
70.003495455 1.392860 1.027128 0.000000 0.000000 0.000000 0.003494 0.999994
70.055417776 1.402787 1.026378 0.000000 0.000000 0.000000 0.003720 0.999993
70.137858391 1.418870 1.026574 0.000000 0.000000 0.000000 0.004044 0.999992
70.199167728 1.430271 1.026820 0.000000 0.000000 0.000000 0.004160 0.999991
70.302878618 1.449485 1.027114 0.000000 0.000000 0.000000 0.004228 0.999991
70.369396687 1.462763 1.028974 0.000000 0.000000 0.000000 0.004063 0.999992
70.461210728 1.480756 1.031246 0.000000 0.000000 0.000000 0.004033 0.999992
70.509778738 1.488966 1.031957 0.000000 0.000000 0.000000 0.004037 0.999992
70.599387646 1.506516 1.032407 0.000000 0.000000 0.000000 0.003877 0.999992
70.656033039 1.517151 1.033311 0.000000 0.000000 0.000000 0.004139 0.999991
70.768153429 1.537736 1.032634 0.000000 0.000000 0.000000 0.004087 0.999992
70.815999985 1.547815 1.032776 0.000000 0.000000 0.000000 0.003831 0.999993
70.900581121 1.562179 1.033067 0.000000 0.000000 0.000000 0.003608 0.999993
70.955633402 1.572966 1.034494 0.000000 0.000000 0.000000 0.003427 0.999994
71.042252779 1.589301 1.034298 0.000000 0.000000 0.000000 0.003739 0.999993
71.103641987 1.600798 1.034120 0.000000 0.000000 0.000000 0.003577 0.999994
71.186776161 1.616257 1.033948 0.000000 0.000000 0.000000 0.003622 0.999993
71.250498533 1.629921 1.033160 0.000000 0.000000 0.000000 0.003405 0.999994
71.341936827 1.637120 1.032958 0.000000 0.000000 0.000000 0.010423 0.999946
71.393325806 1.641732 1.033855 0.000000 0.000000 0.000000 0.015152 0.999885
71.487019539 1.646137 1.033140 0.000000 0.000000 0.000000 0.023649 0.999720
71.537977695 1.648706 1.033888 0.000000 0.000000 0.000000 0.028823 0.999585
71.626116753 1.652944 1.035101 0.000000 0.000000 0.000000 0.037627 0.999292
71.682151079 1.656171 1.033160 0.000000 0.000000 0.000000 0.042721 0.999087
71.763496399 1.659028 1.033249 0.000000 0.000000 0.000000 0.050407 0.998729
71.820455313 1.659787 1.032745 0.000000 0.000000 0.000000 0.056103 0.998425
71.918866396 1.663972 1.033617 0.000000 0.000000 0.000000 0.065130 0.997877
71.975845575 1.665865 1.033165 0.000000 0.000000 0.000000 0.070971 0.997478
72.068582535 1.667054 1.033671 0.000000 0.000000 0.000000 0.079773 0.996813
72.122643709 1.668008 1.033309 0.000000 0.000000 0.000000 0.084951 0.996385
72.217851877 1.683378 1.036191 0.000000 0.000000 0.000000 0.085427 0.996344
72.265589714 1.690149 1.038389 0.000000 0.000000 0.000000 0.085644 0.996326
72.354194641 1.706096 1.041179 0.000000 0.000000 0.000000 0.085576 0.996332
72.403216600 1.716415 1.042595 0.000000 0.000000 0.000000 0.086079 0.996288
72.504085302 1.733943 1.046092 0.000000 0.000000 0.000000 0.085947 0.996300
72.559812546 1.744878 1.049451 0.000000 0.000000 0.000000 0.085091 0.996373
72.641114473 1.760603 1.052097 0.000000 0.000000 0.000000 0.084848 0.996394
72.695553064 1.772149 1.054987 0.000000 0.000000 0.000000 0.084316 0.996439
72.784453154 1.790101 1.058431 0.000000 0.000000 0.000000 0.084612 0.996414
72.839464188 1.795950 1.058701 0.000000 0.000000 0.000000 0.089749 0.995964
72.931765556 1.800549 1.061395 0.000000 0.000000 0.000000 0.098322 0.995155
72.986810684 1.803917 1.062183 0.000000 0.000000 0.000000 0.103714 0.994607
73.071648121 1.809633 1.062307 0.000000 0.000000 0.000000 0.111410 0.993775
73.129702330 1.814862 1.063356 0.000000 0.000000 0.000000 0.117330 0.993093
73.227200508 1.817980 1.064751 0.000000 0.000000 0.000000 0.126165 0.992009
73.271549940 1.819685 1.065457 0.000000 0.000000 0.000000 0.130456 0.991454
73.365193605 1.836206 1.069202 0.000000 0.000000 0.000000 0.131619 0.991300
73.410813332 1.843127 1.071295 0.000000 0.000000 0.000000 0.132204 0.991223
73.495560646 1.859003 1.075451 0.000000 0.000000 0.000000 0.131943 0.991257
73.549853325 1.870231 1.079428 0.000000 0.000000 0.000000 0.131888 0.991265
73.635336399 1.885870 1.083785 0.000000 0.000000 0.000000 0.131711 0.991288
73.700213671 1.899026 1.087993 0.000000 0.000000 0.000000 0.131441 0.991324
73.794411182 1.916252 1.092603 0.000000 0.000000 0.000000 0.131220 0.991353
73.851395130 1.930393 1.097225 0.000000 0.000000 0.000000 0.131109 0.991368
73.934927464 1.946288 1.102409 0.000000 0.000000 0.000000 0.130979 0.991385
73.994324923 1.951405 1.105610 0.000000 0.000000 0.000000 0.135880 0.990725
74.076428652 1.956125 1.107489 0.000000 0.000000 0.000000 0.143272 0.989683
74.138641834 1.959228 1.107440 0.000000 0.000000 0.000000 0.149175 0.988811
74.232690811 1.963509 1.108869 0.000000 0.000000 0.000000 0.158144 0.987416
74.284757137 1.966132 1.108746 0.000000 0.000000 0.000000 0.163970 0.986465
74.368963718 1.968598 1.108515 0.000000 0.000000 0.000000 0.171836 0.985126
74.424954653 1.970005 1.108953 0.000000 0.000000 0.000000 0.176940 0.984222
74.512892008 1.973408 1.109786 0.000000 0.000000 0.000000 0.184974 0.982743
74.568120718 1.982101 1.113530 0.000000 0.000000 0.000000 0.185985 0.982553
74.659038782 1.995577 1.119534 0.000000 0.000000 0.000000 0.186680 0.982421
74.720528126 2.004697 1.124097 0.000000 0.000000 0.000000 0.186833 0.982392
74.807915449 2.020183 1.130707 0.000000 0.000000 0.000000 0.186834 0.982391
74.867791891 2.031904 1.136069 0.000000 0.000000 0.000000 0.186715 0.982414
74.956265450 2.049833 1.140116 0.000000 0.000000 0.000000 0.186286 0.982496
75.006022692 2.059880 1.143823 0.000000 0.000000 0.000000 0.186272 0.982498
75.093890429 2.075194 1.149585 0.000000 0.000000 0.000000 0.186517 0.982452
75.151803017 2.087244 1.153716 0.000000 0.000000 0.000000 0.186445 0.982465
75.237923384 2.105497 1.158516 0.000000 0.000000 0.000000 0.186380 0.982478
75.289012432 2.115373 1.161669 0.000000 0.000000 0.000000 0.186311 0.982491
75.377345324 2.131930 1.167976 0.000000 0.000000 0.000000 0.185785 0.982590
75.433693886 2.143486 1.174156 0.000000 0.000000 0.000000 0.186079 0.982535
75.537194490 2.161584 1.181314 0.000000 0.000000 0.000000 0.186539 0.982447
75.586070776 2.170045 1.186043 0.000000 0.000000 0.000000 0.186607 0.982435
75.689361572 2.187922 1.193007 0.000000 0.000000 0.000000 0.186589 0.982438
75.744805098 2.200567 1.197140 0.000000 0.000000 0.000000 0.186398 0.982474
75.826009274 2.214652 1.203538 0.000000 0.000000 0.000000 0.186530 0.982449
75.899021864 2.220236 1.205918 0.000000 0.000000 0.000000 0.192554 0.981286
75.992537260 2.226335 1.207903 0.000000 0.000000 0.000000 0.200482 0.979697
76.056124210 2.229440 1.210059 0.000000 0.000000 0.000000 0.206531 0.978440
76.141805172 2.233115 1.211559 0.000000 0.000000 0.000000 0.214764 0.976666
76.196712971 2.234977 1.212011 0.000000 0.000000 0.000000 0.219872 0.975529
76.279946327 2.237828 1.213517 0.000000 0.000000 0.000000 0.226727 0.973958
76.336917877 2.241055 1.213691 0.000000 0.000000 0.000000 0.232581 0.972577
76.431858301 2.243485 1.215421 0.000000 0.000000 0.000000 0.241794 0.970328
76.487337351 2.250835 1.219092 0.000000 0.000000 0.000000 0.242283 0.970206
76.576975346 2.263898 1.227387 0.000000 0.000000 0.000000 0.242447 0.970165
76.635664701 2.274895 1.232588 0.000000 0.000000 0.000000 0.242293 0.970203
76.736702204 2.291552 1.239005 0.000000 0.000000 0.000000 0.241687 0.970354
76.784813404 2.301304 1.242076 0.000000 0.000000 0.000000 0.241442 0.970415
76.872728825 2.316782 1.250119 0.000000 0.000000 0.000000 0.241517 0.970397
76.940669060 2.327831 1.256140 0.000000 0.000000 0.000000 0.242181 0.970231
77.039191484 2.343416 1.264394 0.000000 0.000000 0.000000 0.241772 0.970333
77.091496944 2.353687 1.269317 0.000000 0.000000 0.000000 0.241575 0.970382
77.178045034 2.357919 1.272712 0.000000 0.000000 0.000000 0.248136 0.968725
77.233334064 2.360419 1.274983 0.000000 0.000000 0.000000 0.252652 0.967557
77.321522951 2.363598 1.278965 0.000000 0.000000 0.000000 0.261011 0.965336
77.385615587 2.364853 1.281031 0.000000 0.000000 0.000000 0.266855 0.963737
77.482558012 2.378671 1.288364 0.000000 0.000000 0.000000 0.267795 0.963476
77.535058022 2.387346 1.292981 0.000000 0.000000 0.000000 0.268000 0.963419
77.635596514 2.404005 1.303152 0.000000 0.000000 0.000000 0.268114 0.963387
77.687636852 2.412220 1.306485 0.000000 0.000000 0.000000 0.268105 0.963390
77.783472538 2.427165 1.315965 0.000000 0.000000 0.000000 0.268477 0.963286
77.833787918 2.435539 1.319745 0.000000 0.000000 0.000000 0.268408 0.963305
77.940711260 2.454405 1.330327 0.000000 0.000000 0.000000 0.268283 0.963340
77.985099792 2.463132 1.334452 0.000000 0.000000 0.000000 0.267918 0.963442
78.074628830 2.479569 1.344377 0.000000 0.000000 0.000000 0.267599 0.963530
78.126539230 2.487744 1.350106 0.000000 0.000000 0.000000 0.267566 0.963539
78.225707769 2.493060 1.353626 0.000000 0.000000 0.000000 0.275892 0.961189
78.287621975 2.496857 1.354903 0.000000 0.000000 0.000000 0.281901 0.959444
78.371752024 2.510049 1.363472 0.000000 0.000000 0.000000 0.282800 0.959179
78.425225496 2.518484 1.368051 0.000000 0.000000 0.000000 0.283212 0.959057
78.525620699 2.535003 1.377825 0.000000 0.000000 0.000000 0.283083 0.959096
78.588539600 2.544995 1.383806 0.000000 0.000000 0.000000 0.282857 0.959162
78.670593977 2.558961 1.390119 0.000000 0.000000 0.000000 0.282993 0.959122
78.735427380 2.569303 1.395733 0.000000 0.000000 0.000000 0.283009 0.959117
78.827690363 2.583510 1.404171 0.000000 0.000000 0.000000 0.283053 0.959104
78.889282465 2.593751 1.410989 0.000000 0.000000 0.000000 0.282745 0.959195
78.986895561 2.608887 1.422863 0.000000 0.000000 0.000000 0.282299 0.959326
79.038242817 2.617363 1.429284 0.000000 0.000000 0.000000 0.281877 0.959451
79.133278370 2.623278 1.434541 0.000000 0.000000 0.000000 0.289722 0.957111
79.188038111 2.626290 1.439054 0.000000 0.000000 0.000000 0.294821 0.955553
79.274859905 2.629093 1.443007 0.000000 0.000000 0.000000 0.302534 0.953139
79.325020790 2.635561 1.446843 0.000000 0.000000 0.000000 0.302950 0.953007
79.419587612 2.651181 1.456565 0.000000 0.000000 0.000000 0.302973 0.952999
79.476016521 2.660060 1.462184 0.000000 0.000000 0.000000 0.302996 0.952992
79.572896481 2.673821 1.472003 0.000000 0.000000 0.000000 0.302947 0.953007
79.625355482 2.681297 1.477104 0.000000 0.000000 0.000000 0.303068 0.952969
79.715934038 2.694118 1.487466 0.000000 0.000000 0.000000 0.303096 0.952960
79.766192913 2.702605 1.494637 0.000000 0.000000 0.000000 0.303114 0.952954
79.851100206 2.718160 1.503768 0.000000 0.000000 0.000000 0.303005 0.952989
79.911969662 2.729279 1.512565 0.000000 0.000000 0.000000 0.302912 0.953018
80.005322218 2.743707 1.523570 0.000000 0.000000 0.000000 0.302954 0.953005
80.049822092 2.752304 1.528773 0.000000 0.000000 0.000000 0.303230 0.952917
80.144307137 2.767631 1.539924 0.000000 0.000000 0.000000 0.303188 0.952931
80.194717646 2.775783 1.545833 0.000000 0.000000 0.000000 0.303064 0.952970
80.283586025 2.781605 1.550664 0.000000 0.000000 0.000000 0.309873 0.950778
80.339012861 2.785849 1.552008 0.000000 0.000000 0.000000 0.314121 0.949383
80.432806969 2.789018 1.554573 0.000000 0.000000 0.000000 0.322148 0.946689
80.481657505 2.791878 1.555317 0.000000 0.000000 0.000000 0.327288 0.944925
80.570667744 2.794758 1.556747 0.000000 0.000000 0.000000 0.335311 0.942107
80.629180193 2.796726 1.557847 0.000000 0.000000 0.000000 0.340769 0.940147
80.725515127 2.800050 1.560706 0.000000 0.000000 0.000000 0.348855 0.937177
80.785824299 2.802123 1.560595 0.000000 0.000000 0.000000 0.354204 0.935168
80.885531425 2.807322 1.563771 0.000000 0.000000 0.000000 0.363201 0.931711
80.931448936 2.806881 1.564677 0.000000 0.000000 0.000000 0.367374 0.930073
81.023196459 2.817029 1.574261 0.000000 0.000000 0.000000 0.368158 0.929763
81.074112654 2.823232 1.580759 0.000000 0.000000 0.000000 0.368772 0.929520
81.169610262 2.835805 1.592644 0.000000 0.000000 0.000000 0.368333 0.929694
81.221564293 2.843769 1.601021 0.000000 0.000000 0.000000 0.367611 0.929980
81.317089081 2.856566 1.613083 0.000000 0.000000 0.000000 0.367318 0.930096
81.373459816 2.865068 1.620056 0.000000 0.000000 0.000000 0.367450 0.930043
81.468533754 2.876892 1.631138 0.000000 0.000000 0.000000 0.367388 0.930068
81.523016691 2.884646 1.639630 0.000000 0.000000 0.000000 0.367232 0.930129
81.598726511 2.895500 1.650466 0.000000 0.000000 0.000000 0.366966 0.930234
81.657386780 2.899686 1.652953 0.000000 0.000000 0.000000 0.370896 0.928675
81.743980408 2.901861 1.656864 0.000000 0.000000 0.000000 0.378231 0.925711
81.802433014 2.903159 1.658026 0.000000 0.000000 0.000000 0.383351 0.923603
81.892469883 2.905914 1.661243 0.000000 0.000000 0.000000 0.391208 0.920302
81.951400280 2.906652 1.662270 0.000000 0.000000 0.000000 0.396586 0.917998
82.051398516 2.909158 1.664754 0.000000 0.000000 0.000000 0.404420 0.914574
82.098116398 2.910532 1.665852 0.000000 0.000000 0.000000 0.408737 0.912652
82.188131332 2.919365 1.675878 0.000000 0.000000 0.000000 0.409556 0.912285
82.248149872 2.925277 1.682320 0.000000 0.000000 0.000000 0.409876 0.912141
82.336132288 2.935661 1.694113 0.000000 0.000000 0.000000 0.409677 0.912231
82.396090031 2.942820 1.702699 0.000000 0.000000 0.000000 0.409780 0.912184
82.493404388 2.954473 1.716233 0.000000 0.000000 0.000000 0.409857 0.912150
82.545469284 2.961700 1.724116 0.000000 0.000000 0.000000 0.409697 0.912222
82.645762682 2.975236 1.737893 0.000000 0.000000 0.000000 0.409572 0.912278
82.703368902 2.982732 1.746679 0.000000 0.000000 0.000000 0.409497 0.912312
82.786747932 2.993440 1.757789 0.000000 0.000000 0.000000 0.409437 0.912338
82.854153395 3.002011 1.768425 0.000000 0.000000 0.000000 0.409130 0.912476
82.943068027 3.014176 1.781108 0.000000 0.000000 0.000000 0.408834 0.912609
83.009804964 3.024481 1.792212 0.000000 0.000000 0.000000 0.408510 0.912754
83.085191727 3.035155 1.803768 0.000000 0.000000 0.000000 0.408588 0.912719
83.153803349 3.044985 1.813221 0.000000 0.000000 0.000000 0.409091 0.912494
83.241653681 3.056008 1.824153 0.000000 0.000000 0.000000 0.409217 0.912437
83.297069788 3.059861 1.829913 0.000000 0.000000 0.000000 0.412704 0.910865
83.389735460 3.063299 1.834730 0.000000 0.000000 0.000000 0.420510 0.907288
83.453119040 3.065664 1.837615 0.000000 0.000000 0.000000 0.425726 0.904852
83.537900448 3.068226 1.840124 0.000000 0.000000 0.000000 0.432988 0.901400
83.597048283 3.069345 1.840151 0.000000 0.000000 0.000000 0.438193 0.898881
83.717325926 3.069743 1.844627 0.000000 0.000000 0.000000 0.448099 0.893984
83.749479055 3.069169 1.844627 0.000000 0.000000 0.000000 0.451279 0.892383
83.838826418 3.071676 1.848052 0.000000 0.000000 0.000000 0.458399 0.888747
83.901724577 3.073527 1.849652 0.000000 0.000000 0.000000 0.463501 0.886096
83.992516994 3.075958 1.853084 0.000000 0.000000 0.000000 0.470890 0.882192
84.051721573 3.076177 1.854088 0.000000 0.000000 0.000000 0.476121 0.879380
84.156426907 3.078748 1.858205 0.000000 0.000000 0.000000 0.484636 0.874716
84.200500965 3.079224 1.858598 0.000000 0.000000 0.000000 0.488538 0.872543
84.283172131 3.087687 1.868986 0.000000 0.000000 0.000000 0.489236 0.872151
84.341853619 3.095083 1.878185 0.000000 0.000000 0.000000 0.488797 0.872398
84.440338135 3.105633 1.893706 0.000000 0.000000 0.000000 0.488664 0.872472
84.490278244 3.111484 1.901445 0.000000 0.000000 0.000000 0.488383 0.872629
84.590413809 3.122559 1.916413 0.000000 0.000000 0.000000 0.488896 0.872342
84.637861252 3.127156 1.919908 0.000000 0.000000 0.000000 0.492453 0.870339
84.731191397 3.130909 1.924396 0.000000 0.000000 0.000000 0.499677 0.866212
84.795961142 3.133394 1.925960 0.000000 0.000000 0.000000 0.504735 0.863274
84.885035038 3.134580 1.930665 0.000000 0.000000 0.000000 0.511959 0.859010
84.942189693 3.140003 1.938523 0.000000 0.000000 0.000000 0.512412 0.858740
85.035698891 3.148259 1.953047 0.000000 0.000000 0.000000 0.513070 0.858347
85.087255955 3.153004 1.960721 0.000000 0.000000 0.000000 0.513264 0.858231
85.177431345 3.160948 1.975043 0.000000 0.000000 0.000000 0.512955 0.858415
85.234461546 3.165764 1.985616 0.000000 0.000000 0.000000 0.512534 0.858667
85.317269802 3.174190 1.999152 0.000000 0.000000 0.000000 0.512546 0.858660
85.371974707 3.180238 2.007230 0.000000 0.000000 0.000000 0.512302 0.858805
85.478625298 3.183762 2.013871 0.000000 0.000000 0.000000 0.520421 0.853910
85.528799295 3.186030 2.016481 0.000000 0.000000 0.000000 0.524579 0.851362
85.623463392 3.187550 2.020288 0.000000 0.000000 0.000000 0.531829 0.846852
85.673765659 3.189002 2.023763 0.000000 0.000000 0.000000 0.535661 0.844433
85.763669968 3.195255 2.034917 0.000000 0.000000 0.000000 0.536077 0.844169
85.820935726 3.199912 2.041918 0.000000 0.000000 0.000000 0.536470 0.843919
85.910727024 3.206324 2.055222 0.000000 0.000000 0.000000 0.536615 0.843827
85.964876890 3.210103 2.063347 0.000000 0.000000 0.000000 0.536771 0.843728
86.051109076 3.215954 2.077604 0.000000 0.000000 0.000000 0.536450 0.843932
86.103527308 3.221596 2.088563 0.000000 0.000000 0.000000 0.536469 0.843920
86.201452255 3.231052 2.105706 0.000000 0.000000 0.000000 0.536359 0.843990
86.242657185 3.234692 2.112853 0.000000 0.000000 0.000000 0.536332 0.844007
86.334985495 3.241747 2.129252 0.000000 0.000000 0.000000 0.536407 0.843959
86.382092714 3.243491 2.131286 0.000000 0.000000 0.000000 0.539695 0.841861
86.472083092 3.246743 2.134176 0.000000 0.000000 0.000000 0.546862 0.837223
86.523828268 3.247466 2.135783 0.000000 0.000000 0.000000 0.550374 0.834918
86.615870237 3.251127 2.141607 0.000000 0.000000 0.000000 0.557381 0.830257
86.670076370 3.252262 2.141920 0.000000 0.000000 0.000000 0.561892 0.827211
86.774803400 3.258071 2.157279 0.000000 0.000000 0.000000 0.562355 0.826896
86.820199966 3.260081 2.163083 0.000000 0.000000 0.000000 0.562818 0.826581
86.919469357 3.266766 2.179491 0.000000 0.000000 0.000000 0.562614 0.826720
86.967871189 3.268924 2.188738 0.000000 0.000000 0.000000 0.562661 0.826687
87.056761026 3.276450 2.206764 0.000000 0.000000 0.000000 0.562784 0.826604
87.109259605 3.281059 2.216802 0.000000 0.000000 0.000000 0.562760 0.826620
87.192007065 3.288417 2.232091 0.000000 0.000000 0.000000 0.562522 0.826782
87.253980637 3.293060 2.243610 0.000000 0.000000 0.000000 0.562622 0.826714
87.349741697 3.295823 2.249856 0.000000 0.000000 0.000000 0.569701 0.821852
87.405018091 3.299241 2.255819 0.000000 0.000000 0.000000 0.573448 0.819242
87.485984564 3.303842 2.258253 0.000000 0.000000 0.000000 0.579211 0.815178
87.543567896 3.305312 2.260199 0.000000 0.000000 0.000000 0.583832 0.811875
87.634330273 3.305980 2.263372 0.000000 0.000000 0.000000 0.591033 0.806647
87.686902761 3.306313 2.264616 0.000000 0.000000 0.000000 0.595453 0.803390
87.787247896 3.307995 2.267091 0.000000 0.000000 0.000000 0.602949 0.797779
87.837472916 3.309604 2.274643 0.000000 0.000000 0.000000 0.603920 0.797045
87.916748285 3.312209 2.287973 0.000000 0.000000 0.000000 0.604089 0.796917
87.986268759 3.313284 2.300469 0.000000 0.000000 0.000000 0.603952 0.797020
88.086726427 3.318471 2.317513 0.000000 0.000000 0.000000 0.603876 0.797078
88.150101423 3.321614 2.328193 0.000000 0.000000 0.000000 0.603979 0.797000
88.240933418 3.323268 2.333881 0.000000 0.000000 0.000000 0.610009 0.792395
88.297403812 3.323301 2.340018 0.000000 0.000000 0.000000 0.613707 0.789534
88.386169910 3.325259 2.345171 0.000000 0.000000 0.000000 0.619734 0.784812
88.450335503 3.324886 2.347750 0.000000 0.000000 0.000000 0.625040 0.780593
88.535275698 3.324647 2.351844 0.000000 0.000000 0.000000 0.631005 0.775779
88.605426788 3.324331 2.355568 0.000000 0.000000 0.000000 0.636335 0.771413
88.683759212 3.324804 2.359563 0.000000 0.000000 0.000000 0.642358 0.766404
88.750116110 3.325704 2.369541 0.000000 0.000000 0.000000 0.642896 0.765954
88.851769447 3.328329 2.387451 0.000000 0.000000 0.000000 0.642910 0.765941
88.916266441 3.331075 2.399831 0.000000 0.000000 0.000000 0.642834 0.766006
89.002526760 3.332773 2.416405 0.000000 0.000000 0.000000 0.642822 0.766016
89.057895184 3.334613 2.426618 0.000000 0.000000 0.000000 0.642977 0.765885
89.140100241 3.337799 2.441316 0.000000 0.000000 0.000000 0.642893 0.765956
89.195465088 3.337996 2.446902 0.000000 0.000000 0.000000 0.646476 0.762935
89.289087772 3.337540 2.451699 0.000000 0.000000 0.000000 0.652732 0.757589
89.344048738 3.336525 2.453348 0.000000 0.000000 0.000000 0.656494 0.754331
89.440391302 3.335086 2.458500 0.000000 0.000000 0.000000 0.663809 0.747903
89.492968559 3.335969 2.460089 0.000000 0.000000 0.000000 0.667959 0.744198
89.607647657 3.338230 2.479575 0.000000 0.000000 0.000000 0.668695 0.743536
89.672281504 3.340176 2.490544 0.000000 0.000000 0.000000 0.668584 0.743636
89.768073082 3.342449 2.509087 0.000000 0.000000 0.000000 0.668453 0.743754
89.829360723 3.343212 2.520922 0.000000 0.000000 0.000000 0.668484 0.743726
89.918611765 3.346000 2.536792 0.000000 0.000000 0.000000 0.668567 0.743652
89.983339548 3.347078 2.548408 0.000000 0.000000 0.000000 0.669160 0.743118
90.075467348 3.348838 2.566314 0.000000 0.000000 0.000000 0.669174 0.743106
90.136802912 3.351012 2.579296 0.000000 0.000000 0.000000 0.669044 0.743223
90.217718840 3.354081 2.594466 0.000000 0.000000 0.000000 0.668624 0.743601
90.282570362 3.354720 2.607890 0.000000 0.000000 0.000000 0.668624 0.743600
90.377734184 3.356091 2.626507 0.000000 0.000000 0.000000 0.668869 0.743380
90.428593874 3.358154 2.635721 0.000000 0.000000 0.000000 0.669183 0.743098
90.510604858 3.360790 2.651467 0.000000 0.000000 0.000000 0.669196 0.743086
90.568803549 3.360606 2.663683 0.000000 0.000000 0.000000 0.669163 0.743116
90.669097900 3.362598 2.682073 0.000000 0.000000 0.000000 0.669163 0.743116
90.734403133 3.363518 2.694198 0.000000 0.000000 0.000000 0.669421 0.742883
90.817264557 3.364721 2.708062 0.000000 0.000000 0.000000 0.669586 0.742734
90.874949217 3.365647 2.717178 0.000000 0.000000 0.000000 0.670022 0.742341
90.977848291 3.367930 2.736652 0.000000 0.000000 0.000000 0.669966 0.742392
91.038990498 3.369029 2.749146 0.000000 0.000000 0.000000 0.669727 0.742607
91.132968187 3.370564 2.767516 0.000000 0.000000 0.000000 0.669633 0.742692
91.184181929 3.371563 2.778501 0.000000 0.000000 0.000000 0.669516 0.742798
91.277483940 3.374082 2.794801 0.000000 0.000000 0.000000 0.669706 0.742626
91.333750963 3.376046 2.803552 0.000000 0.000000 0.000000 0.669827 0.742517
91.435931683 3.378899 2.821703 0.000000 0.000000 0.000000 0.669488 0.742823
91.490885019 3.381534 2.835307 0.000000 0.000000 0.000000 0.669426 0.742879
91.596405983 3.384196 2.855050 0.000000 0.000000 0.000000 0.669361 0.742938
91.657889366 3.385979 2.867871 0.000000 0.000000 0.000000 0.669253 0.743035
91.744920015 3.388695 2.883633 0.000000 0.000000 0.000000 0.669188 0.743093
91.803375244 3.390630 2.894093 0.000000 0.000000 0.000000 0.669417 0.742887
91.889576912 3.392608 2.911197 0.000000 0.000000 0.000000 0.669705 0.742627
91.950321198 3.393975 2.924710 0.000000 0.000000 0.000000 0.669475 0.742835
92.040585995 3.395214 2.941948 0.000000 0.000000 0.000000 0.669509 0.742804
92.095539570 3.397178 2.952432 0.000000 0.000000 0.000000 0.669671 0.742658
92.180634975 3.398535 2.969967 0.000000 0.000000 0.000000 0.670110 0.742262
92.233907700 3.399484 2.981195 0.000000 0.000000 0.000000 0.670559 0.741857
92.324627161 3.401421 2.997675 0.000000 0.000000 0.000000 0.670637 0.741786
92.377721786 3.403012 3.009816 0.000000 0.000000 0.000000 0.670701 0.741727
92.477380037 3.405736 3.028088 0.000000 0.000000 0.000000 0.670694 0.741734
92.527386665 3.406605 3.038307 0.000000 0.000000 0.000000 0.670657 0.741768
92.615924358 3.408440 3.054092 0.000000 0.000000 0.000000 0.670526 0.741886
92.672314167 3.411420 3.063061 0.000000 0.000000 0.000000 0.670330 0.742063
92.773890257 3.412424 3.082209 0.000000 0.000000 0.000000 0.670336 0.742057
92.833395958 3.413745 3.095144 0.000000 0.000000 0.000000 0.669855 0.742492
92.924817085 3.416647 3.113051 0.000000 0.000000 0.000000 0.669797 0.742544
92.988978386 3.418405 3.126092 0.000000 0.000000 0.000000 0.669909 0.742443
93.100240469 3.421518 3.145622 0.000000 0.000000 0.000000 0.670214 0.742167
93.152472734 3.424798 3.153279 0.000000 0.000000 0.000000 0.669971 0.742387
93.248969555 3.426742 3.172188 0.000000 0.000000 0.000000 0.669930 0.742424
93.302347898 3.427198 3.184243 0.000000 0.000000 0.000000 0.669580 0.742740
93.402684212 3.430620 3.202659 0.000000 0.000000 0.000000 0.669605 0.742718
93.454676867 3.431757 3.212195 0.000000 0.000000 0.000000 0.669815 0.742528
93.552758694 3.433577 3.230763 0.000000 0.000000 0.000000 0.669985 0.742375
93.613630056 3.433744 3.243210 0.000000 0.000000 0.000000 0.670083 0.742286
93.707502604 3.436304 3.262364 0.000000 0.000000 0.000000 0.669689 0.742642
93.764230251 3.437165 3.274119 0.000000 0.000000 0.000000 0.669567 0.742751
93.873910427 3.439250 3.294469 0.000000 0.000000 0.000000 0.669493 0.742818
93.914932251 3.441736 3.303857 0.000000 0.000000 0.000000 0.669592 0.742729
94.005584240 3.444344 3.319767 0.000000 0.000000 0.000000 0.669601 0.742721
94.060539484 3.444926 3.329310 0.000000 0.000000 0.000000 0.669714 0.742619
94.156020403 3.446535 3.348120 0.000000 0.000000 0.000000 0.669572 0.742747
94.210253716 3.448233 3.358931 0.000000 0.000000 0.000000 0.669507 0.742806
94.306135893 3.449188 3.377600 0.000000 0.000000 0.000000 0.669596 0.742726
94.372974396 3.451692 3.390459 0.000000 0.000000 0.000000 0.669789 0.742551
94.471097946 3.455372 3.406601 0.000000 0.000000 0.000000 0.670352 0.742044
94.529613972 3.457201 3.418373 0.000000 0.000000 0.000000 0.670379 0.742019
94.627149820 3.458322 3.439033 0.000000 0.000000 0.000000 0.670417 0.741984
94.671769142 3.458489 3.449420 0.000000 0.000000 0.000000 0.670221 0.742162
94.763330460 3.460829 3.467157 0.000000 0.000000 0.000000 0.670100 0.742271
94.822440624 3.463206 3.479512 0.000000 0.000000 0.000000 0.669948 0.742408
94.912670851 3.464180 3.495246 0.000000 0.000000 0.000000 0.670738 0.741694
94.978972197 3.466222 3.507383 0.000000 0.000000 0.000000 0.670716 0.741714
95.068254471 3.469137 3.525916 0.000000 0.000000 0.000000 0.670459 0.741947
95.123470068 3.470360 3.536663 0.000000 0.000000 0.000000 0.670271 0.742117
95.210581541 3.473799 3.553232 0.000000 0.000000 0.000000 0.670095 0.742275
95.261231899 3.474365 3.563162 0.000000 0.000000 0.000000 0.670078 0.742291
95.358219862 3.477127 3.579293 0.000000 0.000000 0.000000 0.669904 0.742448
95.405269146 3.478494 3.586997 0.000000 0.000000 0.000000 0.670006 0.742356
95.495450497 3.479654 3.589160 0.000000 0.000000 0.000000 0.669960 0.742397
95.556711435 3.479992 3.590984 0.000000 0.000000 0.000000 0.669411 0.742892
95.654532194 3.480428 3.592108 0.000000 0.000000 0.000000 0.669191 0.743090
95.718507051 3.480193 3.593414 0.000000 0.000000 0.000000 0.669389 0.742912
95.809733868 3.480791 3.593547 0.000000 0.000000 0.000000 0.669601 0.742721
95.869915009 3.479969 3.593727 0.000000 0.000000 0.000000 0.669629 0.742696
95.968504429 3.480791 3.593223 0.000000 0.000000 0.000000 0.669854 0.742493
96.013655424 3.481131 3.594524 0.000000 0.000000 0.000000 0.669553 0.742764
96.105460644 3.480022 3.593850 0.000000 0.000000 0.000000 0.669692 0.742639
96.151817083 3.480146 3.593946 0.000000 0.000000 0.000000 0.669764 0.742574
96.249305487 3.480395 3.591970 0.000000 0.000000 0.000000 0.669749 0.742588
96.313171148 3.479916 3.590299 0.000000 0.000000 0.000000 0.669820 0.742523
96.411842108 3.480864 3.589933 0.000000 0.000000 0.000000 0.669599 0.742722
96.483254194 3.480224 3.590374 0.000000 0.000000 0.000000 0.669491 0.742820
96.576039553 3.479698 3.590698 0.000000 0.000000 0.000000 0.669446 0.742861
96.634468794 3.479019 3.590067 0.000000 0.000000 0.000000 0.669180 0.743101
96.723625898 3.479415 3.589733 0.000000 0.000000 0.000000 0.669526 0.742788
96.781600475 3.478678 3.589170 0.000000 0.000000 0.000000 0.669264 0.743025
96.866395235 3.478098 3.588257 0.000000 0.000000 0.000000 0.669286 0.743005
96.921135187 3.476988 3.588366 0.000000 0.000000 0.000000 0.669189 0.743092
97.019036293 3.476207 3.588700 0.000000 0.000000 0.000000 0.669186 0.743095
97.060910940 3.475772 3.589686 0.000000 0.000000 0.000000 0.669255 0.743033
97.153807163 3.476025 3.590964 0.000000 0.000000 0.000000 0.669387 0.742914
97.211027622 3.474953 3.591676 0.000000 0.000000 0.000000 0.669325 0.742970
97.305245876 3.474061 3.591115 0.000000 0.000000 0.000000 0.669420 0.742884
97.364989996 3.473435 3.591096 0.000000 0.000000 0.000000 0.669435 0.742871
97.465471268 3.472894 3.590508 0.000000 0.000000 0.000000 0.669390 0.742911
97.531141281 3.473218 3.589959 0.000000 0.000000 0.000000 0.669310 0.742984
97.607466698 3.473025 3.591469 0.000000 0.000000 0.000000 0.669487 0.742824
97.670571327 3.472794 3.590331 0.000000 0.000000 0.000000 0.669416 0.742888
97.761371374 3.472275 3.589229 0.000000 0.000000 0.000000 0.669622 0.742702
97.826786518 3.470693 3.589769 0.000000 0.000000 0.000000 0.669794 0.742547
97.904732704 3.469800 3.589136 0.000000 0.000000 0.000000 0.669657 0.742670
97.972033739 3.469461 3.589118 0.000000 0.000000 0.000000 0.669479 0.742831
98.065672398 3.469764 3.589058 0.000000 0.000000 0.000000 0.669478 0.742832
98.120881319 3.469521 3.587817 0.000000 0.000000 0.000000 0.669689 0.742641
98.209275961 3.468235 3.587686 0.000000 0.000000 0.000000 0.669828 0.742516
98.266049623 3.469731 3.586243 0.000000 0.000000 0.000000 0.669994 0.742366
98.353181839 3.468930 3.585308 0.000000 0.000000 0.000000 0.669864 0.742484
98.403073549 3.468652 3.584581 0.000000 0.000000 0.000000 0.669789 0.742552
98.490382910 3.467729 3.583968 0.000000 0.000000 0.000000 0.669576 0.742744
98.542252064 3.467237 3.583365 0.000000 0.000000 0.000000 0.669592 0.742729
98.624454260 3.465886 3.583203 0.000000 0.000000 0.000000 0.669775 0.742564
98.685510397 3.465761 3.583643 0.000000 0.000000 0.000000 0.669838 0.742507
98.779605627 3.466793 3.582577 0.000000 0.000000 0.000000 0.669818 0.742525
98.838194609 3.466547 3.583181 0.000000 0.000000 0.000000 0.669896 0.742455
98.929908276 3.465627 3.582612 0.000000 0.000000 0.000000 0.669800 0.742541
98.986426353 3.464370 3.582942 0.000000 0.000000 0.000000 0.669807 0.742535
99.090990067 3.463700 3.582727 0.000000 0.000000 0.000000 0.669574 0.742745
99.137984037 3.464675 3.582444 0.000000 0.000000 0.000000 0.669459 0.742849
99.222180128 3.463571 3.580345 0.000000 0.000000 0.000000 0.669287 0.743004
99.274515629 3.464771 3.579534 0.000000 0.000000 0.000000 0.669345 0.742952
99.372492313 3.464264 3.579154 0.000000 0.000000 0.000000 0.669328 0.742967
99.430688858 3.464621 3.578097 0.000000 0.000000 0.000000 0.669314 0.742979
99.544572830 3.465083 3.576593 0.000000 0.000000 0.000000 0.669100 0.743172
99.586899042 3.464653 3.577457 0.000000 0.000000 0.000000 0.669048 0.743220
99.684531927 3.463977 3.577964 0.000000 0.000000 0.000000 0.668872 0.743377
99.732462883 3.466479 3.579111 0.000000 0.000000 0.000000 0.668607 0.743616
99.817482233 3.465410 3.578423 0.000000 0.000000 0.000000 0.668556 0.743662
99.865893364 3.465813 3.577894 0.000000 0.000000 0.000000 0.668488 0.743722
99.974117994 3.466290 3.577110 0.000000 0.000000 0.000000 0.668458 0.743750
100.008396149 3.466331 3.577231 0.000000 0.000000 0.000000 0.668519 0.743695
100.099959850 3.467032 3.577336 0.000000 0.000000 0.000000 0.668663 0.743566
100.157341719 3.467317 3.576172 0.000000 0.000000 0.000000 0.668603 0.743619
100.251402378 3.467602 3.576112 0.000000 0.000000 0.000000 0.668531 0.743685
100.296842813 3.467369 3.576439 0.000000 0.000000 0.000000 0.668494 0.743718
100.386153460 3.467152 3.575305 0.000000 0.000000 0.000000 0.668674 0.743556
100.438560963 3.466772 3.575862 0.000000 0.000000 0.000000 0.668629 0.743596
100.523025513 3.466821 3.576376 0.000000 0.000000 0.000000 0.668751 0.743486
100.578892708 3.466485 3.576382 0.000000 0.000000 0.000000 0.668666 0.743563
100.666844606 3.465920 3.576942 0.000000 0.000000 0.000000 0.668672 0.743558
100.717916250 3.466612 3.577558 0.000000 0.000000 0.000000 0.668825 0.743420
100.814438343 3.466818 3.577091 0.000000 0.000000 0.000000 0.668753 0.743485
100.859156370 3.467322 3.577218 0.000000 0.000000 0.000000 0.668908 0.743345
100.952885628 3.468058 3.577704 0.000000 0.000000 0.000000 0.668772 0.743467
101.000487804 3.466953 3.578090 0.000000 0.000000 0.000000 0.668847 0.743400
101.085479736 3.466147 3.577594 0.000000 0.000000 0.000000 0.668822 0.743423
101.136031866 3.465816 3.577505 0.000000 0.000000 0.000000 0.668961 0.743297
101.229514122 3.465573 3.577595 0.000000 0.000000 0.000000 0.669043 0.743223
101.274351120 3.465660 3.577651 0.000000 0.000000 0.000000 0.669019 0.743246
101.373620749 3.466679 3.577990 0.000000 0.000000 0.000000 0.669013 0.743251
101.426921129 3.465033 3.578682 0.000000 0.000000 0.000000 0.669084 0.743186
101.521782160 3.463914 3.578994 0.000000 0.000000 0.000000 0.669169 0.743111
101.570658922 3.464116 3.577937 0.000000 0.000000 0.000000 0.669148 0.743129
101.657437325 3.464364 3.577972 0.000000 0.000000 0.000000 0.669025 0.743240
101.713495970 3.464313 3.577813 0.000000 0.000000 0.000000 0.669066 0.743203
101.799236774 3.463466 3.576934 0.000000 0.000000 0.000000 0.668939 0.743318
101.849389791 3.462345 3.576412 0.000000 0.000000 0.000000 0.668853 0.743394
101.945839167 3.462499 3.575601 0.000000 0.000000 0.000000 0.668728 0.743507
101.999189854 3.462281 3.576088 0.000000 0.000000 0.000000 0.668834 0.743412
102.086042404 3.461977 3.574608 0.000000 0.000000 0.000000 0.668782 0.743458
102.136522293 3.462091 3.574067 0.000000 0.000000 0.000000 0.668666 0.743563
102.221495152 3.461395 3.573561 0.000000 0.000000 0.000000 0.668676 0.743554
102.276251078 3.462186 3.573720 0.000000 0.000000 0.000000 0.668595 0.743627
102.367645025 3.462090 3.574460 0.000000 0.000000 0.000000 0.668605 0.743618
102.423708200 3.461095 3.576433 0.000000 0.000000 0.000000 0.668977 0.743283
102.525077105 3.461026 3.575672 0.000000 0.000000 0.000000 0.669058 0.743210
102.574762106 3.461879 3.574914 0.000000 0.000000 0.000000 0.669093 0.743178
102.674291134 3.463010 3.574783 0.000000 0.000000 0.000000 0.669186 0.743095
