56.000000000 0.000361 0.997457 0.000000 0.000000 0.000000 0.000445 1.000000
56.092626333 0.004084 1.001770 0.000000 0.000000 0.000000 0.000765 1.000000
56.136488199 0.006009 1.005373 0.000000 0.000000 0.000000 0.000967 1.000000
56.234569073 0.009072 1.006809 0.000000 0.000000 0.000000 0.001257 0.999999
56.291095257 0.012887 1.007927 0.000000 0.000000 0.000000 0.001374 0.999999
56.384810448 0.013724 1.008521 0.000000 0.000000 0.000000 0.001421 0.999999
56.432573795 0.015013 1.008080 0.000000 0.000000 0.000000 0.001390 0.999999
56.517774343 0.016103 1.007716 0.000000 0.000000 0.000000 0.001327 0.999999
56.566277504 0.017065 1.005565 0.000000 0.000000 0.000000 0.001262 0.999999
56.658776283 0.016983 1.005933 0.000000 0.000000 0.000000 0.001203 0.999999
56.719421625 0.017540 1.005101 0.000000 0.000000 0.000000 0.001222 0.999999
56.806190968 0.018381 1.004844 0.000000 0.000000 0.000000 0.001132 0.999999
56.859033823 0.019082 1.003697 0.000000 0.000000 0.000000 0.000919 1.000000
56.956225157 0.019143 1.004360 0.000000 0.000000 0.000000 0.000594 1.000000
56.992516994 0.019968 1.005307 0.000000 0.000000 0.000000 0.000530 1.000000
57.085117579 0.020178 1.005381 0.000000 0.000000 0.000000 0.000339 1.000000
57.135342836 0.020377 1.005114 0.000000 0.000000 0.000000 0.000071 1.000000
57.226917267 0.019929 1.006090 0.000000 0.000000 0.000000 -0.000003 1.000000
57.280653477 0.018754 1.006953 0.000000 0.000000 0.000000 0.000152 1.000000
57.376023293 0.017543 1.006493 0.000000 0.000000 0.000000 0.000045 1.000000
57.421943903 0.016220 1.006193 0.000000 0.000000 0.000000 0.000065 1.000000
57.506844759 0.015605 1.005439 0.000000 0.000000 0.000000 -0.000020 1.000000
57.561612844 0.014617 1.004478 0.000000 0.000000 0.000000 0.000146 1.000000
57.661116600 0.014866 1.004693 0.000000 0.000000 0.000000 0.000154 1.000000
57.713097334 0.015079 1.004899 0.000000 0.000000 0.000000 0.000472 1.000000
57.818692207 0.014370 1.005086 0.000000 0.000000 0.000000 0.000476 1.000000
57.857132435 0.012890 1.005506 0.000000 0.000000 0.000000 0.000345 1.000000
57.942367077 0.012459 1.005150 0.000000 0.000000 0.000000 0.000138 1.000000
57.993121147 0.013507 1.006106 0.000000 0.000000 0.000000 -0.000080 1.000000
58.084053516 0.013420 1.006076 0.000000 0.000000 0.000000 -0.000403 1.000000
58.134043932 0.012718 1.006706 0.000000 0.000000 0.000000 -0.000556 1.000000
58.226578236 0.012707 1.007399 0.000000 0.000000 0.000000 -0.000467 1.000000
58.278188705 0.012579 1.008449 0.000000 0.000000 0.000000 -0.000405 1.000000
58.375108480 0.012854 1.009140 0.000000 0.000000 0.000000 -0.000202 1.000000
58.432198524 0.012198 1.008168 0.000000 0.000000 0.000000 -0.000480 1.000000
58.513686180 0.011248 1.007625 0.000000 0.000000 0.000000 -0.000478 1.000000
58.577755451 0.011403 1.007985 0.000000 0.000000 0.000000 -0.000575 1.000000
58.663658381 0.011087 1.006939 0.000000 0.000000 0.000000 -0.000568 1.000000
58.721382856 0.010794 1.006104 0.000000 0.000000 0.000000 -0.000685 1.000000
58.811643362 0.010927 1.005449 0.000000 0.000000 0.000000 -0.000679 1.000000
58.859117508 0.011564 1.005346 0.000000 0.000000 0.000000 -0.000837 1.000000
58.954252720 0.010890 1.005121 0.000000 0.000000 0.000000 -0.000713 1.000000
59.016629219 0.012693 1.005650 0.000000 0.000000 0.000000 -0.000906 1.000000
59.106379747 0.013511 1.006313 0.000000 0.000000 0.000000 -0.001639 0.999999
59.158839226 0.013648 1.006390 0.000000 0.000000 0.000000 -0.001823 0.999998
59.239713192 0.013910 1.006998 0.000000 0.000000 0.000000 -0.002097 0.999998
59.295119047 0.014762 1.007540 0.000000 0.000000 0.000000 -0.002224 0.999998
59.400145054 0.015798 1.008661 0.000000 0.000000 0.000000 -0.002112 0.999998
59.447155952 0.015383 1.008948 0.000000 0.000000 0.000000 -0.002178 0.999998
59.543852329 0.015246 1.007722 0.000000 0.000000 0.000000 -0.002161 0.999998
59.590034962 0.015326 1.007388 0.000000 0.000000 0.000000 -0.002355 0.999997
59.665421247 0.015230 1.006945 0.000000 0.000000 0.000000 -0.002179 0.999998
59.720851421 0.015334 1.006599 0.000000 0.000000 0.000000 -0.002224 0.999998
59.805132151 0.016493 1.006529 0.000000 0.000000 0.000000 -0.002032 0.999998
59.860359430 0.016065 1.006441 0.000000 0.000000 0.000000 -0.002303 0.999997
59.957119226 0.016472 1.006283 0.000000 0.000000 0.000000 -0.002488 0.999997
60.005816936 0.016306 1.005551 0.000000 0.000000 0.000000 -0.002498 0.999997
60.089397669 0.016169 1.004937 0.000000 0.000000 0.000000 -0.002417 0.999997
60.138172865 0.015841 1.004829 0.000000 0.000000 0.000000 -0.002721 0.999996
60.220950127 0.014671 1.003592 0.000000 0.000000 0.000000 -0.002724 0.999996
60.272440672 0.013558 1.001908 0.000000 0.000000 0.000000 -0.002506 0.999997
60.365985632 0.012409 1.002180 0.000000 0.000000 0.000000 -0.002372 0.999997
60.419920921 0.011535 1.003051 0.000000 0.000000 0.000000 -0.002415 0.999997
60.517887354 0.014100 1.004042 0.000000 0.000000 0.000000 -0.002515 0.999997
60.576246977 0.014605 1.004686 0.000000 0.000000 0.000000 -0.002621 0.999997
60.661265135 0.014643 1.005490 0.000000 0.000000 0.000000 -0.002651 0.999996
60.720116138 0.014024 1.006066 0.000000 0.000000 0.000000 -0.002656 0.999996
60.806773424 0.013047 1.005004 0.000000 0.000000 0.000000 -0.002553 0.999997
60.856551170 0.013657 1.004938 0.000000 0.000000 0.000000 -0.002556 0.999997
60.954911470 0.015115 1.006253 0.000000 0.000000 0.000000 -0.002377 0.999997
61.012297630 0.016151 1.006966 0.000000 0.000000 0.000000 -0.002264 0.999997
61.109639168 0.015747 1.007643 0.000000 0.000000 0.000000 -0.002036 0.999998
61.157109976 0.015019 1.006069 0.000000 0.000000 0.000000 -0.001919 0.999998
61.239634752 0.014141 1.005624 0.000000 0.000000 0.000000 -0.001718 0.999999
61.291578770 0.014164 1.005162 0.000000 0.000000 0.000000 -0.001505 0.999999
61.377224922 0.014010 1.005295 0.000000 0.000000 0.000000 -0.001616 0.999999
61.424571276 0.012021 1.004656 0.000000 0.000000 0.000000 -0.001317 0.999999
61.517945051 0.010826 1.004689 0.000000 0.000000 0.000000 -0.001578 0.999999
61.571182013 0.011209 1.005390 0.000000 0.000000 0.000000 -0.002277 0.999997
61.674693108 0.011248 1.004810 0.000000 0.000000 0.000000 -0.002538 0.999997
61.731230259 0.010434 1.004900 0.000000 0.000000 0.000000 -0.002448 0.999997
61.823836803 0.010703 1.006045 0.000000 0.000000 0.000000 -0.002113 0.999998
61.867137194 0.010966 1.006040 0.000000 0.000000 0.000000 -0.001878 0.999998
61.957184315 0.011561 1.007438 0.000000 0.000000 0.000000 -0.001853 0.999998
62.007257462 0.011778 1.007066 0.000000 0.000000 0.000000 -0.001779 0.999998
62.096065044 0.011544 1.006706 0.000000 0.000000 0.000000 -0.001678 0.999999
62.149833441 0.010798 1.006046 0.000000 0.000000 0.000000 -0.001576 0.999999
62.231528997 0.024514 1.005603 0.000000 0.000000 0.000000 -0.001580 0.999999
62.288254261 0.035397 1.005378 0.000000 0.000000 0.000000 -0.001333 0.999999
62.372793436 0.050092 1.003995 0.000000 0.000000 0.000000 -0.000974 1.000000
62.437046528 0.059462 1.003644 0.000000 0.000000 0.000000 -0.000729 1.000000
62.518205643 0.071642 1.003203 0.000000 0.000000 0.000000 -0.000731 1.000000
62.573649645 0.079461 1.002351 0.000000 0.000000 0.000000 -0.000444 1.000000
62.658019066 0.092295 1.001720 0.000000 0.000000 0.000000 -0.000376 1.000000
62.708748341 0.100242 1.002806 0.000000 0.000000 0.000000 -0.000120 1.000000
62.802901506 0.115896 1.002936 0.000000 0.000000 0.000000 0.000012 1.000000
62.862125397 0.124929 1.002773 0.000000 0.000000 0.000000 0.000013 1.000000
62.944721937 0.137535 1.004106 0.000000 0.000000 0.000000 0.000236 1.000000
63.001682520 0.147513 1.003630 0.000000 0.000000 0.000000 0.000095 1.000000
63.096352816 0.163594 1.003944 0.000000 0.000000 0.000000 0.000290 1.000000
63.140980959 0.171922 1.005734 0.000000 0.000000 0.000000 0.000058 1.000000
63.224403381 0.185863 1.005738 0.000000 0.000000 0.000000 0.000152 1.000000
63.278097630 0.194950 1.007304 0.000000 0.000000 0.000000 0.000519 1.000000
63.378735542 0.212098 1.008184 0.000000 0.000000 0.000000 0.000720 1.000000
63.429337263 0.220708 1.008558 0.000000 0.000000 0.000000 0.000783 1.000000
63.507558107 0.233261 1.008274 0.000000 0.000000 0.000000 0.000891 1.000000
63.561244726 0.242252 1.008800 0.000000 0.000000 0.000000 0.001200 0.999999
63.651183605 0.258774 1.007769 0.000000 0.000000 0.000000 0.001405 0.999999
63.722069025 0.271247 1.007119 0.000000 0.000000 0.000000 0.001618 0.999999
63.818211794 0.287922 1.006897 0.000000 0.000000 0.000000 0.001814 0.999998
63.867984533 0.296669 1.007535 0.000000 0.000000 0.000000 0.002094 0.999998
63.954170942 0.311671 1.006880 0.000000 0.000000 0.000000 0.002441 0.999997
64.007827759 0.319026 1.007452 0.000000 0.000000 0.000000 0.002445 0.999997
64.098969221 0.335133 1.005562 0.000000 0.000000 0.000000 0.002582 0.999997
64.150251389 0.344198 1.004400 0.000000 0.000000 0.000000 0.002598 0.999997
64.240028858 0.359198 1.003590 0.000000 0.000000 0.000000 0.002909 0.999996
64.291742325 0.367800 1.004064 0.000000 0.000000 0.000000 0.003249 0.999995
64.384911537 0.382897 1.005598 0.000000 0.000000 0.000000 0.003455 0.999994
64.438662767 0.390208 1.006648 0.000000 0.000000 0.000000 0.003810 0.999993
64.529100657 0.404865 1.006558 0.000000 0.000000 0.000000 0.003844 0.999993
64.581606388 0.414052 1.006415 0.000000 0.000000 0.000000 0.004165 0.999991
64.666499376 0.429095 1.007204 0.000000 0.000000 0.000000 0.004277 0.999991
64.719514608 0.438705 1.006715 0.000000 0.000000 0.000000 0.004439 0.999990
64.801486015 0.450818 1.006353 0.000000 0.000000 0.000000 0.004313 0.999991
64.853920698 0.459653 1.007247 0.000000 0.000000 0.000000 0.004409 0.999990
64.943417788 0.475830 1.007657 0.000000 0.000000 0.000000 0.004515 0.999990
64.995023489 0.485683 1.007910 0.000000 0.000000 0.000000 0.004492 0.999990
65.076430798 0.499617 1.008202 0.000000 0.000000 0.000000 0.004664 0.999989
65.137303352 0.509863 1.008397 0.000000 0.000000 0.000000 0.004773 0.999989
65.235720634 0.526308 1.009071 0.000000 0.000000 0.000000 0.004908 0.999988
65.286878586 0.533722 1.009458 0.000000 0.000000 0.000000 0.004928 0.999988
65.388996363 0.551204 1.008024 0.000000 0.000000 0.000000 0.005130 0.999987
65.443364143 0.561503 1.009390 0.000000 0.000000 0.000000 0.005243 0.999986
65.533442974 0.577506 1.009705 0.000000 0.000000 0.000000 0.005547 0.999985
65.583643198 0.586421 1.009125 0.000000 0.000000 0.000000 0.005781 0.999983
65.666572094 0.599157 1.009929 0.000000 0.000000 0.000000 0.005712 0.999984
65.718314648 0.605872 1.009823 0.000000 0.000000 0.000000 0.005697 0.999984
65.813969851 0.619292 1.010001 0.000000 0.000000 0.000000 0.005631 0.999984
65.860479355 0.626907 1.009145 0.000000 0.000000 0.000000 0.005849 0.999983
65.949100494 0.641329 1.008607 0.000000 0.000000 0.000000 0.006069 0.999982
66.006313324 0.651508 1.008362 0.000000 0.000000 0.000000 0.006106 0.999981
66.091695070 0.665757 1.008930 0.000000 0.000000 0.000000 0.005946 0.999982
66.150105000 0.674952 1.009627 0.000000 0.000000 0.000000 0.006104 0.999981
66.245607138 0.691365 1.011387 0.000000 0.000000 0.000000 0.006092 0.999981
66.289936066 0.699479 1.011924 0.000000 0.000000 0.000000 0.006076 0.999982
66.374847174 0.713737 1.013673 0.000000 0.000000 0.000000 0.006145 0.999981
66.427448988 0.721943 1.014997 0.000000 0.000000 0.000000 0.006332 0.999980
66.515174389 0.736110 1.015637 0.000000 0.000000 0.000000 0.006276 0.999980
66.565155268 0.744211 1.018523 0.000000 0.000000 0.000000 0.006112 0.999981
66.668905973 0.761694 1.018989 0.000000 0.000000 0.000000 0.006059 0.999982
66.720251560 0.770519 1.018261 0.000000 0.000000 0.000000 0.005891 0.999983
66.818524122 0.787242 1.020434 0.000000 0.000000 0.000000 0.005836 0.999983
66.862034321 0.794916 1.021452 0.000000 0.000000 0.000000 0.005955 0.999982
66.948162079 0.808321 1.020330 0.000000 0.000000 0.000000 0.005903 0.999983
66.998103142 0.816489 1.021676 0.000000 0.000000 0.000000 0.006205 0.999981
67.100195885 0.834417 1.022441 0.000000 0.000000 0.000000 0.006564 0.999978
67.157076359 0.845206 1.022556 0.000000 0.000000 0.000000 0.006612 0.999978
67.269846916 0.865683 1.022075 0.000000 0.000000 0.000000 0.006941 0.999976
67.325706720 0.876291 1.021256 0.000000 0.000000 0.000000 0.007153 0.999974
67.417520761 0.891737 1.020495 0.000000 0.000000 0.000000 0.007378 0.999973
67.475314379 0.900547 1.018915 0.000000 0.000000 0.000000 0.007396 0.999973
67.587245464 0.920173 1.020321 0.000000 0.000000 0.000000 0.007449 0.999972
67.657504320 0.932896 1.020461 0.000000 0.000000 0.000000 0.007681 0.999970
67.744100571 0.948739 1.021784 0.000000 0.000000 0.000000 0.007821 0.999969
67.809964418 0.960570 1.021753 0.000000 0.000000 0.000000 0.008175 0.999967
67.907867193 0.977717 1.021833 0.000000 0.000000 0.000000 0.008385 0.999965
67.955658197 0.986646 1.022113 0.000000 0.000000 0.000000 0.008273 0.999966
68.043772697 1.000954 1.024513 0.000000 0.000000 0.000000 0.008546 0.999963
68.092056751 1.009569 1.025173 0.000000 0.000000 0.000000 0.008607 0.999963
68.198954105 1.028727 1.026520 0.000000 0.000000 0.000000 0.008725 0.999962
68.239401817 1.035872 1.029147 0.000000 0.000000 0.000000 0.008803 0.999961
68.334116697 1.051030 1.030172 0.000000 0.000000 0.000000 0.009008 0.999959
68.393169165 1.061465 1.030477 0.000000 0.000000 0.000000 0.009258 0.999957
68.488315105 1.078837 1.031609 0.000000 0.000000 0.000000 0.009555 0.999954
68.548655272 1.089617 1.031670 0.000000 0.000000 0.000000 0.009337 0.999956
68.628951550 1.104559 1.033196 0.000000 0.000000 0.000000 0.009096 0.999959
68.688163757 1.116277 1.032977 0.000000 0.000000 0.000000 0.009382 0.999956
68.771270037 1.129608 1.034225 0.000000 0.000000 0.000000 0.009600 0.999954
68.824939728 1.137849 1.035775 0.000000 0.000000 0.000000 0.009463 0.999955
68.927378178 1.154349 1.037783 0.000000 0.000000 0.000000 0.009558 0.999954
68.988554239 1.164045 1.036930 0.000000 0.000000 0.000000 0.009473 0.999955
69.091393948 1.181346 1.036561 0.000000 0.000000 0.000000 0.009420 0.999956
69.142657280 1.188962 1.036737 0.000000 0.000000 0.000000 0.009334 0.999956
69.226943970 1.202674 1.036892 0.000000 0.000000 0.000000 0.009489 0.999955
69.291504383 1.212363 1.036389 0.000000 0.000000 0.000000 0.009584 0.999954
69.395749092 1.230666 1.035823 0.000000 0.000000 0.000000 0.009486 0.999955
69.444655418 1.240470 1.037667 0.000000 0.000000 0.000000 0.009452 0.999955
69.543005466 1.258014 1.036555 0.000000 0.000000 0.000000 0.009523 0.999955
69.595045090 1.268212 1.034645 0.000000 0.000000 0.000000 0.009642 0.999954
69.695927858 1.284830 1.034401 0.000000 0.000000 0.000000 0.009592 0.999954
69.753221989 1.292895 1.034191 0.000000 0.000000 0.000000 0.009708 0.999953
69.852281094 1.310344 1.034760 0.000000 0.000000 0.000000 0.009920 0.999951
69.909631014 1.320871 1.033442 0.000000 0.000000 0.000000 0.009712 0.999953
70.003495455 1.337360 1.034207 0.000000 0.000000 0.000000 0.009878 0.999951
70.055417776 1.346487 1.035067 0.000000 0.000000 0.000000 0.010186 0.999948
70.137858391 1.360995 1.036124 0.000000 0.000000 0.000000 0.010178 0.999948
70.199167728 1.370084 1.036783 0.000000 0.000000 0.000000 0.010175 0.999948
70.302878618 1.389273 1.036573 0.000000 0.000000 0.000000 0.010418 0.999946
70.369396687 1.402067 1.036559 0.000000 0.000000 0.000000 0.010203 0.999948
70.461210728 1.418993 1.036832 0.000000 0.000000 0.000000 0.010379 0.999946
70.509778738 1.428369 1.036846 0.000000 0.000000 0.000000 0.010322 0.999947
70.599387646 1.443304 1.037125 0.000000 0.000000 0.000000 0.010300 0.999947
70.656033039 1.452862 1.038964 0.000000 0.000000 0.000000 0.010242 0.999948
70.768153429 1.472252 1.039297 0.000000 0.000000 0.000000 0.010354 0.999946
70.815999985 1.480540 1.040098 0.000000 0.000000 0.000000 0.010392 0.999946
70.900581121 1.495972 1.041631 0.000000 0.000000 0.000000 0.010642 0.999943
70.955633402 1.508545 1.043330 0.000000 0.000000 0.000000 0.010566 0.999944
71.042252779 1.523574 1.043929 0.000000 0.000000 0.000000 0.010763 0.999942
71.103641987 1.533532 1.044761 0.000000 0.000000 0.000000 0.010873 0.999941
71.186776161 1.548272 1.045251 0.000000 0.000000 0.000000 0.011015 0.999939
71.250498533 1.561708 1.046884 0.000000 0.000000 0.000000 0.011189 0.999937
71.341936827 1.568843 1.048007 0.000000 0.000000 0.000000 0.017283 0.999851
71.393325806 1.571198 1.049987 0.000000 0.000000 0.000000 0.020710 0.999786
71.487019539 1.575742 1.050112 0.000000 0.000000 0.000000 0.026791 0.999641
71.537977695 1.575454 1.048505 0.000000 0.000000 0.000000 0.029829 0.999555
71.626116753 1.577861 1.046112 0.000000 0.000000 0.000000 0.035021 0.999387
71.682151079 1.578209 1.044188 0.000000 0.000000 0.000000 0.037918 0.999281
71.763496399 1.582112 1.043248 0.000000 0.000000 0.000000 0.043856 0.999038
71.820455313 1.581687 1.042355 0.000000 0.000000 0.000000 0.047442 0.998874
71.918866396 1.586112 1.041226 0.000000 0.000000 0.000000 0.054685 0.998504
71.975845575 1.585461 1.039948 0.000000 0.000000 0.000000 0.058320 0.998298
72.068582535 1.582056 1.042969 0.000000 0.000000 0.000000 0.062421 0.998050
72.122643709 1.582024 1.042235 0.000000 0.000000 0.000000 0.066216 0.997805
72.217851877 1.597105 1.044622 0.000000 0.000000 0.000000 0.066252 0.997803
72.265589714 1.604534 1.045871 0.000000 0.000000 0.000000 0.066227 0.997805
72.354194641 1.620011 1.046584 0.000000 0.000000 0.000000 0.066344 0.997797
72.403216600 1.627939 1.049743 0.000000 0.000000 0.000000 0.066313 0.997799
72.504085302 1.645213 1.052006 0.000000 0.000000 0.000000 0.066598 0.997780
72.559812546 1.655449 1.055126 0.000000 0.000000 0.000000 0.066315 0.997799
72.641114473 1.670702 1.057526 0.000000 0.000000 0.000000 0.066228 0.997805
72.695553064 1.682719 1.059156 0.000000 0.000000 0.000000 0.066029 0.997818
72.784453154 1.699782 1.061184 0.000000 0.000000 0.000000 0.066072 0.997815
72.839464188 1.702759 1.059866 0.000000 0.000000 0.000000 0.069837 0.997558
72.931765556 1.705586 1.058619 0.000000 0.000000 0.000000 0.075196 0.997169
72.986810684 1.707506 1.058231 0.000000 0.000000 0.000000 0.079407 0.996842
73.071648121 1.711906 1.057871 0.000000 0.000000 0.000000 0.084804 0.996398
73.129702330 1.711110 1.056085 0.000000 0.000000 0.000000 0.088581 0.996069
73.227200508 1.713132 1.055430 0.000000 0.000000 0.000000 0.095506 0.995429
73.271549940 1.710223 1.053764 0.000000 0.000000 0.000000 0.097915 0.995195
73.365193605 1.723850 1.057475 0.000000 0.000000 0.000000 0.097942 0.995192
73.410813332 1.728612 1.057906 0.000000 0.000000 0.000000 0.097908 0.995195
73.495560646 1.741955 1.060589 0.000000 0.000000 0.000000 0.097775 0.995209
73.549853325 1.751720 1.063672 0.000000 0.000000 0.000000 0.097838 0.995202
73.635336399 1.765728 1.067132 0.000000 0.000000 0.000000 0.097732 0.995213
73.700213671 1.775233 1.071173 0.000000 0.000000 0.000000 0.097617 0.995224
73.794411182 1.789611 1.075966 0.000000 0.000000 0.000000 0.097732 0.995213
73.851395130 1.799726 1.079136 0.000000 0.000000 0.000000 0.097907 0.995196
73.934927464 1.814497 1.082671 0.000000 0.000000 0.000000 0.098135 0.995173
73.994324923 1.818684 1.083596 0.000000 0.000000 0.000000 0.102049 0.994779
74.076428652 1.822766 1.083993 0.000000 0.000000 0.000000 0.107610 0.994193
74.138641834 1.824680 1.085383 0.000000 0.000000 0.000000 0.111246 0.993793
74.232690811 1.827108 1.086144 0.000000 0.000000 0.000000 0.117559 0.993066
74.284757137 1.827498 1.085478 0.000000 0.000000 0.000000 0.120506 0.992713
74.368963718 1.829429 1.084141 0.000000 0.000000 0.000000 0.125796 0.992056
74.424954653 1.830435 1.082777 0.000000 0.000000 0.000000 0.129436 0.991588
74.512892008 1.832269 1.081621 0.000000 0.000000 0.000000 0.135429 0.990787
74.568120718 1.838284 1.084141 0.000000 0.000000 0.000000 0.135042 0.990840
74.659038782 1.850348 1.088753 0.000000 0.000000 0.000000 0.135155 0.990824
74.720528126 1.860496 1.090994 0.000000 0.000000 0.000000 0.135093 0.990833
74.807915449 1.873920 1.098184 0.000000 0.000000 0.000000 0.134946 0.990853
74.867791891 1.884858 1.100788 0.000000 0.000000 0.000000 0.135038 0.990840
74.956265450 1.900789 1.105599 0.000000 0.000000 0.000000 0.135191 0.990820
75.006022692 1.910371 1.108739 0.000000 0.000000 0.000000 0.134969 0.990850
75.093890429 1.926957 1.112124 0.000000 0.000000 0.000000 0.134952 0.990852
75.151803017 1.938236 1.115825 0.000000 0.000000 0.000000 0.135124 0.990829
75.237923384 1.953536 1.119183 0.000000 0.000000 0.000000 0.135196 0.990819
75.289012432 1.963394 1.122979 0.000000 0.000000 0.000000 0.135504 0.990777
75.377345324 1.980565 1.127468 0.000000 0.000000 0.000000 0.135693 0.990751
75.433693886 1.989562 1.130198 0.000000 0.000000 0.000000 0.135763 0.990741
75.537194490 2.007384 1.133792 0.000000 0.000000 0.000000 0.135618 0.990761
75.586070776 2.015395 1.135709 0.000000 0.000000 0.000000 0.135931 0.990718
75.689361572 2.032917 1.139269 0.000000 0.000000 0.000000 0.135957 0.990715
75.744805098 2.043237 1.142497 0.000000 0.000000 0.000000 0.136306 0.990667
75.826009274 2.054927 1.145865 0.000000 0.000000 0.000000 0.136014 0.990707
75.899021864 2.058709 1.148418 0.000000 0.000000 0.000000 0.140960 0.990015
75.992537260 2.061694 1.148517 0.000000 0.000000 0.000000 0.147443 0.989071
76.056124210 2.062786 1.151413 0.000000 0.000000 0.000000 0.151960 0.988387
76.141805172 2.062908 1.149227 0.000000 0.000000 0.000000 0.157005 0.987598
76.196712971 2.063814 1.149072 0.000000 0.000000 0.000000 0.161103 0.986938
76.279946327 2.066260 1.148730 0.000000 0.000000 0.000000 0.165733 0.986171
76.336917877 2.068852 1.148907 0.000000 0.000000 0.000000 0.169992 0.985445
76.431858301 2.071556 1.147735 0.000000 0.000000 0.000000 0.175989 0.984392
76.487337351 2.076961 1.149545 0.000000 0.000000 0.000000 0.176060 0.984379
76.576975346 2.088968 1.156238 0.000000 0.000000 0.000000 0.175982 0.984393
76.635664701 2.098406 1.160112 0.000000 0.000000 0.000000 0.176096 0.984373
76.736702204 2.116389 1.167552 0.000000 0.000000 0.000000 0.176101 0.984372
76.784813404 2.126721 1.171216 0.000000 0.000000 0.000000 0.176046 0.984382
76.872728825 2.143392 1.175982 0.000000 0.000000 0.000000 0.175877 0.984412
76.940669060 2.153565 1.178463 0.000000 0.000000 0.000000 0.176101 0.984372
77.039191484 2.169596 1.184167 0.000000 0.000000 0.000000 0.176309 0.984335
77.091496944 2.180526 1.188559 0.000000 0.000000 0.000000 0.176234 0.984348
77.178045034 2.187046 1.190167 0.000000 0.000000 0.000000 0.182238 0.983254
77.233334064 2.191655 1.191453 0.000000 0.000000 0.000000 0.185774 0.982592
77.321522951 2.193418 1.190746 0.000000 0.000000 0.000000 0.191420 0.981508
77.385615587 2.192738 1.189335 0.000000 0.000000 0.000000 0.195410 0.980722
77.482558012 2.203126 1.192420 0.000000 0.000000 0.000000 0.195441 0.980716
77.535058022 2.211593 1.195059 0.000000 0.000000 0.000000 0.195504 0.980703
77.635596514 2.227575 1.202473 0.000000 0.000000 0.000000 0.195740 0.980656
77.687636852 2.237163 1.207655 0.000000 0.000000 0.000000 0.195746 0.980655
77.783472538 2.252793 1.215170 0.000000 0.000000 0.000000 0.195742 0.980655
77.833787918 2.259353 1.217835 0.000000 0.000000 0.000000 0.195943 0.980615
77.940711260 2.276365 1.224911 0.000000 0.000000 0.000000 0.196074 0.980589
77.985099792 2.284796 1.228410 0.000000 0.000000 0.000000 0.196033 0.980597
78.074628830 2.300530 1.236444 0.000000 0.000000 0.000000 0.196067 0.980590
78.126539230 2.308645 1.240670 0.000000 0.000000 0.000000 0.196073 0.980589
78.225707769 2.314807 1.242291 0.000000 0.000000 0.000000 0.203047 0.979169
78.287621975 2.316596 1.240638 0.000000 0.000000 0.000000 0.206897 0.978363
78.371752024 2.327398 1.243620 0.000000 0.000000 0.000000 0.207034 0.978334
78.425225496 2.336142 1.246233 0.000000 0.000000 0.000000 0.207039 0.978333
78.525620699 2.352537 1.253270 0.000000 0.000000 0.000000 0.206864 0.978370
78.588539600 2.362137 1.257545 0.000000 0.000000 0.000000 0.207030 0.978334
78.670593977 2.376327 1.265018 0.000000 0.000000 0.000000 0.207075 0.978325
78.735427380 2.386017 1.269359 0.000000 0.000000 0.000000 0.207164 0.978306
78.827690363 2.400798 1.277420 0.000000 0.000000 0.000000 0.207255 0.978287
78.889282465 2.410208 1.284817 0.000000 0.000000 0.000000 0.207047 0.978331
78.986895561 2.426804 1.293593 0.000000 0.000000 0.000000 0.207219 0.978295
79.038242817 2.435338 1.299382 0.000000 0.000000 0.000000 0.207276 0.978282
79.133278370 2.440921 1.300900 0.000000 0.000000 0.000000 0.213750 0.976888
79.188038111 2.441957 1.303027 0.000000 0.000000 0.000000 0.216929 0.976187
79.274859905 2.445922 1.303947 0.000000 0.000000 0.000000 0.222928 0.974835
79.325020790 2.451825 1.302096 0.000000 0.000000 0.000000 0.223432 0.974720
79.419587612 2.468210 1.308273 0.000000 0.000000 0.000000 0.223767 0.974643
79.476016521 2.477822 1.311994 0.000000 0.000000 0.000000 0.223982 0.974593
79.572896481 2.491264 1.318818 0.000000 0.000000 0.000000 0.224025 0.974583
79.625355482 2.499442 1.323097 0.000000 0.000000 0.000000 0.224192 0.974545
79.715934038 2.516095 1.329251 0.000000 0.000000 0.000000 0.224087 0.974569
79.766192913 2.524245 1.334171 0.000000 0.000000 0.000000 0.224283 0.974524
79.851100206 2.538586 1.340410 0.000000 0.000000 0.000000 0.224360 0.974506
79.911969662 2.549115 1.345963 0.000000 0.000000 0.000000 0.224177 0.974549
80.005322218 2.564703 1.353904 0.000000 0.000000 0.000000 0.224862 0.974391
80.049822092 2.573600 1.355957 0.000000 0.000000 0.000000 0.225163 0.974321
80.144307137 2.588233 1.363017 0.000000 0.000000 0.000000 0.225192 0.974314
80.194717646 2.596979 1.368737 0.000000 0.000000 0.000000 0.224973 0.974365
80.283586025 2.601936 1.371748 0.000000 0.000000 0.000000 0.230471 0.973079
80.339012861 2.605333 1.373923 0.000000 0.000000 0.000000 0.234193 0.972190
80.432806969 2.608794 1.373431 0.000000 0.000000 0.000000 0.240370 0.970681
80.481657505 2.609785 1.370112 0.000000 0.000000 0.000000 0.243711 0.969848
80.570667744 2.612374 1.370197 0.000000 0.000000 0.000000 0.249916 0.968268
80.629180193 2.612669 1.371328 0.000000 0.000000 0.000000 0.253723 0.967277
80.725515127 2.615808 1.374193 0.000000 0.000000 0.000000 0.259553 0.965729
80.785824299 2.617748 1.373393 0.000000 0.000000 0.000000 0.263631 0.964624
80.885531425 2.619328 1.373775 0.000000 0.000000 0.000000 0.270182 0.962809
80.931448936 2.618878 1.372852 0.000000 0.000000 0.000000 0.273257 0.961941
81.023196459 2.628097 1.378109 0.000000 0.000000 0.000000 0.273577 0.961850
81.074112654 2.635465 1.379096 0.000000 0.000000 0.000000 0.273483 0.961877
81.169610262 2.648720 1.388259 0.000000 0.000000 0.000000 0.273533 0.961863
81.221564293 2.655917 1.394401 0.000000 0.000000 0.000000 0.273537 0.961861
81.317089081 2.670860 1.403716 0.000000 0.000000 0.000000 0.273741 0.961804
81.373459816 2.680297 1.408953 0.000000 0.000000 0.000000 0.273671 0.961823
81.468533754 2.695729 1.417319 0.000000 0.000000 0.000000 0.273556 0.961856
81.523016691 2.704607 1.422442 0.000000 0.000000 0.000000 0.273916 0.961754
81.598726511 2.715897 1.430314 0.000000 0.000000 0.000000 0.273913 0.961754
81.657386780 2.719995 1.431902 0.000000 0.000000 0.000000 0.277479 0.960732
81.743980408 2.724755 1.432783 0.000000 0.000000 0.000000 0.283150 0.959076
81.802433014 2.724520 1.430783 0.000000 0.000000 0.000000 0.286265 0.958150
81.892469883 2.727243 1.428651 0.000000 0.000000 0.000000 0.291779 0.956486
81.951400280 2.728114 1.425487 0.000000 0.000000 0.000000 0.295209 0.955433
82.051398516 2.734109 1.426143 0.000000 0.000000 0.000000 0.301993 0.953310
82.098116398 2.735451 1.424945 0.000000 0.000000 0.000000 0.304993 0.952355
82.188131332 2.745180 1.432675 0.000000 0.000000 0.000000 0.304857 0.952398
82.248149872 2.752040 1.437111 0.000000 0.000000 0.000000 0.304893 0.952387
82.336132288 2.763458 1.444401 0.000000 0.000000 0.000000 0.305258 0.952270
82.396090031 2.771243 1.451593 0.000000 0.000000 0.000000 0.305455 0.952206
82.493404388 2.785901 1.461763 0.000000 0.000000 0.000000 0.305475 0.952200
82.545469284 2.795421 1.467224 0.000000 0.000000 0.000000 0.305577 0.952167
82.645762682 2.809999 1.477190 0.000000 0.000000 0.000000 0.305621 0.952153
82.703368902 2.819565 1.482062 0.000000 0.000000 0.000000 0.305709 0.952125
82.786747932 2.832562 1.489232 0.000000 0.000000 0.000000 0.305884 0.952069
82.854153395 2.843409 1.496104 0.000000 0.000000 0.000000 0.306136 0.951988
82.943068027 2.857466 1.505796 0.000000 0.000000 0.000000 0.306191 0.951970
83.009804964 2.869626 1.513259 0.000000 0.000000 0.000000 0.306183 0.951973
83.085191727 2.882025 1.521006 0.000000 0.000000 0.000000 0.306034 0.952020
83.153803349 2.893457 1.526059 0.000000 0.000000 0.000000 0.305799 0.952096
83.241653681 2.905847 1.533095 0.000000 0.000000 0.000000 0.305623 0.952153
83.297069788 2.907796 1.534877 0.000000 0.000000 0.000000 0.308337 0.951277
83.389735460 2.910708 1.537205 0.000000 0.000000 0.000000 0.314725 0.949183
83.453119040 2.909964 1.534212 0.000000 0.000000 0.000000 0.318652 0.947872
83.537900448 2.908259 1.532871 0.000000 0.000000 0.000000 0.323849 0.946109
83.597048283 2.908729 1.532511 0.000000 0.000000 0.000000 0.327665 0.944794
83.717325926 2.909586 1.533083 0.000000 0.000000 0.000000 0.335415 0.942071
83.749479055 2.908018 1.527855 0.000000 0.000000 0.000000 0.337257 0.941412
83.838826418 2.909541 1.527550 0.000000 0.000000 0.000000 0.342767 0.939421
83.901724577 2.910980 1.527251 0.000000 0.000000 0.000000 0.346919 0.937895
83.992516994 2.912969 1.527749 0.000000 0.000000 0.000000 0.352572 0.935785
84.051721573 2.914872 1.526303 0.000000 0.000000 0.000000 0.355910 0.934520
84.156426907 2.918094 1.526723 0.000000 0.000000 0.000000 0.362915 0.931822
84.200500965 2.920664 1.525234 0.000000 0.000000 0.000000 0.365749 0.930714
84.283172131 2.929851 1.531443 0.000000 0.000000 0.000000 0.365515 0.930806
84.341853619 2.937081 1.540476 0.000000 0.000000 0.000000 0.364869 0.931059
84.440338135 2.949751 1.552460 0.000000 0.000000 0.000000 0.364728 0.931114
84.490278244 2.956940 1.558249 0.000000 0.000000 0.000000 0.364621 0.931156
84.590413809 2.970206 1.570650 0.000000 0.000000 0.000000 0.364804 0.931084
84.637861252 2.973109 1.574064 0.000000 0.000000 0.000000 0.367857 0.929882
84.731191397 2.976824 1.578143 0.000000 0.000000 0.000000 0.374013 0.927423
84.795961142 2.977286 1.575968 0.000000 0.000000 0.000000 0.377979 0.925814
84.885035038 2.979375 1.571831 0.000000 0.000000 0.000000 0.382760 0.923848
84.942189693 2.985960 1.576224 0.000000 0.000000 0.000000 0.382625 0.923904
85.035698891 2.993644 1.582850 0.000000 0.000000 0.000000 0.382508 0.923952
85.087255955 2.999987 1.587564 0.000000 0.000000 0.000000 0.382441 0.923980
85.177431345 3.009780 1.599250 0.000000 0.000000 0.000000 0.382362 0.924013
85.234461546 3.017157 1.608151 0.000000 0.000000 0.000000 0.382527 0.923944
85.317269802 3.027856 1.618221 0.000000 0.000000 0.000000 0.382417 0.923990
85.371974707 3.034901 1.625003 0.000000 0.000000 0.000000 0.382710 0.923868
85.478625298 3.037488 1.627625 0.000000 0.000000 0.000000 0.389320 0.921103
85.528799295 3.038286 1.626083 0.000000 0.000000 0.000000 0.392301 0.919837
85.623463392 3.039526 1.625582 0.000000 0.000000 0.000000 0.397618 0.917551
85.673765659 3.040342 1.625696 0.000000 0.000000 0.000000 0.401067 0.916049
85.763669968 3.048351 1.633300 0.000000 0.000000 0.000000 0.400947 0.916101
85.820935726 3.055000 1.637668 0.000000 0.000000 0.000000 0.400791 0.916169
85.910727024 3.066513 1.647776 0.000000 0.000000 0.000000 0.400820 0.916157
85.964876890 3.074768 1.654549 0.000000 0.000000 0.000000 0.401221 0.915981
86.051109076 3.084679 1.668196 0.000000 0.000000 0.000000 0.401367 0.915917
86.103527308 3.091544 1.675962 0.000000 0.000000 0.000000 0.401307 0.915943
86.201452255 3.103336 1.689192 0.000000 0.000000 0.000000 0.401308 0.915943
86.242657185 3.109763 1.696313 0.000000 0.000000 0.000000 0.401558 0.915834
86.334985495 3.121190 1.710322 0.000000 0.000000 0.000000 0.401656 0.915791
86.382092714 3.124406 1.710960 0.000000 0.000000 0.000000 0.404486 0.914544
86.472083092 3.128304 1.712312 0.000000 0.000000 0.000000 0.409557 0.912284
86.523828268 3.130984 1.711285 0.000000 0.000000 0.000000 0.412072 0.911151
86.615870237 3.131721 1.710369 0.000000 0.000000 0.000000 0.417655 0.908606
86.670076370 3.131583 1.709031 0.000000 0.000000 0.000000 0.420871 0.907121
86.774803400 3.142134 1.718539 0.000000 0.000000 0.000000 0.420808 0.907150
86.820199966 3.144850 1.722193 0.000000 0.000000 0.000000 0.421020 0.907051
86.919469357 3.154589 1.733654 0.000000 0.000000 0.000000 0.420943 0.907087
86.967871189 3.160265 1.740949 0.000000 0.000000 0.000000 0.420819 0.907145
87.056761026 3.169130 1.753112 0.000000 0.000000 0.000000 0.420708 0.907196
87.109259605 3.173208 1.761220 0.000000 0.000000 0.000000 0.420463 0.907310
87.192007065 3.183426 1.772334 0.000000 0.000000 0.000000 0.420338 0.907368
87.253980637 3.190278 1.779429 0.000000 0.000000 0.000000 0.420456 0.907313
87.349741697 3.196045 1.780979 0.000000 0.000000 0.000000 0.426458 0.904507
87.405018091 3.198481 1.782330 0.000000 0.000000 0.000000 0.429102 0.903256
87.485984564 3.201271 1.783147 0.000000 0.000000 0.000000 0.434176 0.900828
87.543567896 3.201141 1.780843 0.000000 0.000000 0.000000 0.437696 0.899123
87.634330273 3.200930 1.780083 0.000000 0.000000 0.000000 0.443107 0.896469
87.686902761 3.200905 1.779224 0.000000 0.000000 0.000000 0.446419 0.894824
87.787247896 3.200761 1.779342 0.000000 0.000000 0.000000 0.452089 0.891973
87.837472916 3.205199 1.780658 0.000000 0.000000 0.000000 0.451707 0.892167
87.916748285 3.212686 1.789941 0.000000 0.000000 0.000000 0.451640 0.892200
87.986268759 3.219492 1.800465 0.000000 0.000000 0.000000 0.451655 0.892193
88.086726427 3.229980 1.813835 0.000000 0.000000 0.000000 0.451789 0.892125
88.150101423 3.236211 1.820835 0.000000 0.000000 0.000000 0.451624 0.892209
88.240933418 3.236662 1.821162 0.000000 0.000000 0.000000 0.456428 0.889760
88.297403812 3.238913 1.823242 0.000000 0.000000 0.000000 0.459567 0.888143
88.386169910 3.239113 1.823360 0.000000 0.000000 0.000000 0.464873 0.885377
88.450335503 3.240429 1.821919 0.000000 0.000000 0.000000 0.468614 0.883403
88.535275698 3.242325 1.822544 0.000000 0.000000 0.000000 0.473924 0.880566
88.605426788 3.240805 1.819821 0.000000 0.000000 0.000000 0.477127 0.878835
88.683759212 3.242386 1.819569 0.000000 0.000000 0.000000 0.481694 0.876339
88.750116110 3.247358 1.826694 0.000000 0.000000 0.000000 0.481534 0.876427
88.851769447 3.254981 1.840190 0.000000 0.000000 0.000000 0.481557 0.876415
88.916266441 3.257404 1.851947 0.000000 0.000000 0.000000 0.481740 0.876314
89.002526760 3.264350 1.864116 0.000000 0.000000 0.000000 0.481782 0.876291
89.057895184 3.268900 1.872677 0.000000 0.000000 0.000000 0.481797 0.876283
89.140100241 3.276113 1.884912 0.000000 0.000000 0.000000 0.481688 0.876343
89.195465088 3.277314 1.887005 0.000000 0.000000 0.000000 0.484924 0.874556
89.289087772 3.279589 1.889637 0.000000 0.000000 0.000000 0.489850 0.871806
89.344048738 3.281618 1.889822 0.000000 0.000000 0.000000 0.492765 0.870162
89.440391302 3.283593 1.888661 0.000000 0.000000 0.000000 0.498374 0.866962
89.492968559 3.284811 1.887539 0.000000 0.000000 0.000000 0.501031 0.865429
89.607647657 3.292758 1.898875 0.000000 0.000000 0.000000 0.500996 0.865449
89.672281504 3.297018 1.908093 0.000000 0.000000 0.000000 0.500934 0.865486
89.768073082 3.305233 1.922772 0.000000 0.000000 0.000000 0.500873 0.865521
89.829360723 3.311909 1.932329 0.000000 0.000000 0.000000 0.501032 0.865429
89.918611765 3.321519 1.944592 0.000000 0.000000 0.000000 0.501216 0.865322
89.983339548 3.329073 1.953339 0.000000 0.000000 0.000000 0.501240 0.865308
90.075467348 3.336550 1.967574 0.000000 0.000000 0.000000 0.501067 0.865409
90.136802912 3.345289 1.979007 0.000000 0.000000 0.000000 0.500925 0.865491
90.217718840 3.354531 1.991150 0.000000 0.000000 0.000000 0.501017 0.865437
90.282570362 3.360980 2.000727 0.000000 0.000000 0.000000 0.500975 0.865462
90.377734184 3.368696 2.013121 0.000000 0.000000 0.000000 0.500785 0.865571
90.428593874 3.374120 2.019143 0.000000 0.000000 0.000000 0.500571 0.865696
90.510604858 3.381457 2.031883 0.000000 0.000000 0.000000 0.500592 0.865684
90.568803549 3.387615 2.043269 0.000000 0.000000 0.000000 0.500687 0.865628
90.669097900 3.397332 2.058947 0.000000 0.000000 0.000000 0.500966 0.865467
90.734403133 3.401395 2.069052 0.000000 0.000000 0.000000 0.500838 0.865541
90.817264557 3.409087 2.081977 0.000000 0.000000 0.000000 0.500811 0.865557
90.874949217 3.415008 2.090283 0.000000 0.000000 0.000000 0.500810 0.865557
90.977848291 3.425264 2.106524 0.000000 0.000000 0.000000 0.500553 0.865706
91.038990498 3.431828 2.118199 0.000000 0.000000 0.000000 0.500480 0.865748
91.132968187 3.439992 2.132917 0.000000 0.000000 0.000000 0.500348 0.865824
91.184181929 3.445833 2.140996 0.000000 0.000000 0.000000 0.500179 0.865922
91.277483940 3.454236 2.154541 0.000000 0.000000 0.000000 0.500367 0.865814
91.333750963 3.459683 2.162022 0.000000 0.000000 0.000000 0.500422 0.865782
91.435931683 3.468718 2.178059 0.000000 0.000000 0.000000 0.500209 0.865905
91.490885019 3.475253 2.187630 0.000000 0.000000 0.000000 0.499946 0.866056
91.596405983 3.485594 2.203973 0.000000 0.000000 0.000000 0.499456 0.866339
91.657889366 3.493906 2.212396 0.000000 0.000000 0.000000 0.499336 0.866409
91.744920015 3.501141 2.224565 0.000000 0.000000 0.000000 0.499386 0.866380
91.803375244 3.506483 2.232473 0.000000 0.000000 0.000000 0.499188 0.866494
91.889576912 3.512604 2.245086 0.000000 0.000000 0.000000 0.499134 0.866525
91.950321198 3.518494 2.255958 0.000000 0.000000 0.000000 0.498925 0.866645
92.040585995 3.526327 2.268843 0.000000 0.000000 0.000000 0.498923 0.866646
92.095539570 3.530880 2.277405 0.000000 0.000000 0.000000 0.498622 0.866820
92.180634975 3.538546 2.289238 0.000000 0.000000 0.000000 0.498631 0.866814
92.233907700 3.542581 2.296625 0.000000 0.000000 0.000000 0.498577 0.866845
92.324627161 3.548957 2.310453 0.000000 0.000000 0.000000 0.498491 0.866895
92.377721786 3.554246 2.318952 0.000000 0.000000 0.000000 0.498536 0.866869
92.477380037 3.563823 2.333129 0.000000 0.000000 0.000000 0.498111 0.867113
92.527386665 3.569120 2.341124 0.000000 0.000000 0.000000 0.498022 0.867165
92.615924358 3.577297 2.354249 0.000000 0.000000 0.000000 0.498141 0.867096
92.672314167 3.582387 2.360472 0.000000 0.000000 0.000000 0.498141 0.867096
92.773890257 3.591666 2.376178 0.000000 0.000000 0.000000 0.498339 0.866982
92.833395958 3.599708 2.387993 0.000000 0.000000 0.000000 0.498347 0.866978
92.924817085 3.606365 2.402265 0.000000 0.000000 0.000000 0.498814 0.866709
92.988978386 3.611908 2.411791 0.000000 0.000000 0.000000 0.498902 0.866658
93.100240469 3.621416 2.427492 0.000000 0.000000 0.000000 0.499071 0.866561
93.152472734 3.624490 2.434720 0.000000 0.000000 0.000000 0.499074 0.866560
93.248969555 3.633593 2.449607 0.000000 0.000000 0.000000 0.499092 0.866549
93.302347898 3.637602 2.460834 0.000000 0.000000 0.000000 0.499259 0.866453
93.402684212 3.647011 2.476390 0.000000 0.000000 0.000000 0.499249 0.866458
93.454676867 3.651387 2.484617 0.000000 0.000000 0.000000 0.499361 0.866394
93.552758694 3.659717 2.497907 0.000000 0.000000 0.000000 0.499430 0.866354
93.613630056 3.664938 2.506058 0.000000 0.000000 0.000000 0.499523 0.866301
93.707502604 3.674078 2.520211 0.000000 0.000000 0.000000 0.499394 0.866375
93.764230251 3.679019 2.530033 0.000000 0.000000 0.000000 0.498899 0.866660
93.873910427 3.689980 2.546155 0.000000 0.000000 0.000000 0.498079 0.867132
93.914932251 3.695376 2.552863 0.000000 0.000000 0.000000 0.498134 0.867100
94.005584240 3.702927 2.563506 0.000000 0.000000 0.000000 0.498384 0.866956
94.060539484 3.708049 2.571395 0.000000 0.000000 0.000000 0.498187 0.867070
94.156020403 3.717079 2.586895 0.000000 0.000000 0.000000 0.497949 0.867206
94.210253716 3.722035 2.596844 0.000000 0.000000 0.000000 0.497965 0.867197
94.306135893 3.730476 2.611798 0.000000 0.000000 0.000000 0.497894 0.867238
94.372974396 3.736419 2.622016 0.000000 0.000000 0.000000 0.497849 0.867264
94.471097946 3.743899 2.635717 0.000000 0.000000 0.000000 0.498102 0.867118
94.529613972 3.749752 2.645514 0.000000 0.000000 0.000000 0.498006 0.867174
94.627149820 3.758866 2.661075 0.000000 0.000000 0.000000 0.498041 0.867154
94.671769142 3.763181 2.667604 0.000000 0.000000 0.000000 0.497978 0.867190
94.763330460 3.771676 2.680659 0.000000 0.000000 0.000000 0.497750 0.867321
94.822440624 3.778370 2.687819 0.000000 0.000000 0.000000 0.497717 0.867339
94.912670851 3.786190 2.699349 0.000000 0.000000 0.000000 0.497751 0.867320
94.978972197 3.792646 2.707772 0.000000 0.000000 0.000000 0.497623 0.867393
95.068254471 3.801652 2.722152 0.000000 0.000000 0.000000 0.497644 0.867382
95.123470068 3.806874 2.731008 0.000000 0.000000 0.000000 0.497814 0.867284
95.210581541 3.814125 2.743624 0.000000 0.000000 0.000000 0.498059 0.867143
95.261231899 3.817242 2.751592 0.000000 0.000000 0.000000 0.498145 0.867094
95.358219862 3.826373 2.765625 0.000000 0.000000 0.000000 0.498496 0.866892
95.405269146 3.829526 2.773366 0.000000 0.000000 0.000000 0.498699 0.866775
95.495450497 3.829400 2.773887 0.000000 0.000000 0.000000 0.498709 0.866770
95.556711435 3.829968 2.775609 0.000000 0.000000 0.000000 0.498518 0.866880
95.654532194 3.830975 2.775623 0.000000 0.000000 0.000000 0.498679 0.866787
95.718507051 3.831248 2.774114 0.000000 0.000000 0.000000 0.498668 0.866793
95.809733868 3.832275 2.772009 0.000000 0.000000 0.000000 0.498832 0.866699
95.869915009 3.832470 2.770099 0.000000 0.000000 0.000000 0.498817 0.866707
95.968504429 3.832617 2.769870 0.000000 0.000000 0.000000 0.498926 0.866644
96.013655424 3.832597 2.770404 0.000000 0.000000 0.000000 0.499142 0.866520
96.105460644 3.831169 2.770880 0.000000 0.000000 0.000000 0.498980 0.866614
96.151817083 3.831367 2.769367 0.000000 0.000000 0.000000 0.498896 0.866662
96.249305487 3.830766 2.768334 0.000000 0.000000 0.000000 0.498648 0.866805
96.313171148 3.831326 2.766754 0.000000 0.000000 0.000000 0.498732 0.866756
96.411842108 3.831414 2.767268 0.000000 0.000000 0.000000 0.498962 0.866624
96.483254194 3.830469 2.767194 0.000000 0.000000 0.000000 0.499031 0.866584
96.576039553 3.828933 2.767136 0.000000 0.000000 0.000000 0.498913 0.866652
96.634468794 3.829846 2.766153 0.000000 0.000000 0.000000 0.499177 0.866500
96.723625898 3.830189 2.765877 0.000000 0.000000 0.000000 0.499367 0.866391
96.781600475 3.831031 2.766512 0.000000 0.000000 0.000000 0.499296 0.866432
96.866395235 3.830218 2.765159 0.000000 0.000000 0.000000 0.499330 0.866412
96.921135187 3.830209 2.765812 0.000000 0.000000 0.000000 0.499319 0.866418
97.019036293 3.830275 2.764591 0.000000 0.000000 0.000000 0.499485 0.866323
97.060910940 3.830147 2.765330 0.000000 0.000000 0.000000 0.499415 0.866363
97.153807163 3.829627 2.764934 0.000000 0.000000 0.000000 0.499366 0.866391
97.211027622 3.830113 2.765515 0.000000 0.000000 0.000000 0.499334 0.866410
97.305245876 3.831399 2.765483 0.000000 0.000000 0.000000 0.499168 0.866505
97.364989996 3.831271 2.765375 0.000000 0.000000 0.000000 0.498912 0.866653
97.465471268 3.832594 2.765762 0.000000 0.000000 0.000000 0.498946 0.866633
97.531141281 3.832326 2.765138 0.000000 0.000000 0.000000 0.499084 0.866554
97.607466698 3.832534 2.766516 0.000000 0.000000 0.000000 0.498962 0.866624
97.670571327 3.831795 2.765423 0.000000 0.000000 0.000000 0.498861 0.866682
97.761371374 3.832859 2.765491 0.000000 0.000000 0.000000 0.498799 0.866718
97.826786518 3.833213 2.765096 0.000000 0.000000 0.000000 0.499013 0.866594
97.904732704 3.833802 2.765438 0.000000 0.000000 0.000000 0.498930 0.866642
97.972033739 3.833909 2.764701 0.000000 0.000000 0.000000 0.498714 0.866767
98.065672398 3.834436 2.764670 0.000000 0.000000 0.000000 0.498840 0.866694
98.120881319 3.835444 2.764247 0.000000 0.000000 0.000000 0.498808 0.866713
98.209275961 3.837640 2.763520 0.000000 0.000000 0.000000 0.498639 0.866810
98.266049623 3.839479 2.763484 0.000000 0.000000 0.000000 0.498690 0.866781
98.353181839 3.841140 2.763543 0.000000 0.000000 0.000000 0.498871 0.866676
98.403073549 3.840707 2.763942 0.000000 0.000000 0.000000 0.498763 0.866738
98.490382910 3.840448 2.763060 0.000000 0.000000 0.000000 0.498953 0.866629
98.542252064 3.839501 2.763178 0.000000 0.000000 0.000000 0.499124 0.866531
98.624454260 3.839734 2.762066 0.000000 0.000000 0.000000 0.499091 0.866550
98.685510397 3.839367 2.760935 0.000000 0.000000 0.000000 0.499100 0.866545
98.779605627 3.838114 2.760461 0.000000 0.000000 0.000000 0.498756 0.866742
98.838194609 3.837972 2.760221 0.000000 0.000000 0.000000 0.498620 0.866821
98.929908276 3.836500 2.758784 0.000000 0.000000 0.000000 0.498624 0.866818
98.986426353 3.836472 2.758553 0.000000 0.000000 0.000000 0.498560 0.866855
99.090990067 3.838099 2.758510 0.000000 0.000000 0.000000 0.498830 0.866700
99.137984037 3.837917 2.757327 0.000000 0.000000 0.000000 0.498811 0.866711
99.222180128 3.838634 2.757386 0.000000 0.000000 0.000000 0.498859 0.866683
99.274515629 3.838004 2.757249 0.000000 0.000000 0.000000 0.498624 0.866818
99.372492313 3.837421 2.756942 0.000000 0.000000 0.000000 0.498267 0.867024
99.430688858 3.839076 2.756695 0.000000 0.000000 0.000000 0.498065 0.867140
99.544572830 3.839593 2.756595 0.000000 0.000000 0.000000 0.498120 0.867108
99.586899042 3.839249 2.756173 0.000000 0.000000 0.000000 0.497926 0.867219
99.684531927 3.837558 2.755808 0.000000 0.000000 0.000000 0.497902 0.867233
99.732462883 3.836518 2.755919 0.000000 0.000000 0.000000 0.497721 0.867337
99.817482233 3.836647 2.756682 0.000000 0.000000 0.000000 0.497411 0.867515
99.865893364 3.836911 2.756526 0.000000 0.000000 0.000000 0.497385 0.867530
99.974117994 3.837134 2.757838 0.000000 0.000000 0.000000 0.497450 0.867493
100.008396149 3.836983 2.758359 0.000000 0.000000 0.000000 0.497682 0.867360
100.099959850 3.837176 2.758278 0.000000 0.000000 0.000000 0.497565 0.867427
100.157341719 3.837726 2.759237 0.000000 0.000000 0.000000 0.497641 0.867383
100.251402378 3.837571 2.760542 0.000000 0.000000 0.000000 0.497670 0.867366
100.296842813 3.836793 2.758344 0.000000 0.000000 0.000000 0.497473 0.867479
100.386153460 3.836351 2.758762 0.000000 0.000000 0.000000 0.497484 0.867473
100.438560963 3.835889 2.758911 0.000000 0.000000 0.000000 0.497270 0.867596
100.523025513 3.835606 2.758639 0.000000 0.000000 0.000000 0.497041 0.867727
100.578892708 3.836870 2.758121 0.000000 0.000000 0.000000 0.496923 0.867795
100.666844606 3.835945 2.757294 0.000000 0.000000 0.000000 0.497048 0.867723
100.717916250 3.836222 2.759072 0.000000 0.000000 0.000000 0.497332 0.867560
100.814438343 3.836230 2.758376 0.000000 0.000000 0.000000 0.497523 0.867451
100.859156370 3.836389 2.757270 0.000000 0.000000 0.000000 0.497516 0.867455
100.952885628 3.835479 2.756036 0.000000 0.000000 0.000000 0.497375 0.867536
101.000487804 3.834981 2.755793 0.000000 0.000000 0.000000 0.497457 0.867489
101.085479736 3.834091 2.755682 0.000000 0.000000 0.000000 0.497364 0.867542
101.136031866 3.833734 2.755768 0.000000 0.000000 0.000000 0.497386 0.867529
101.229514122 3.832386 2.755376 0.000000 0.000000 0.000000 0.497281 0.867590
101.274351120 3.831950 2.756247 0.000000 0.000000 0.000000 0.497198 0.867637
101.373620749 3.831907 2.757264 0.000000 0.000000 0.000000 0.497055 0.867719
101.426921129 3.831316 2.756795 0.000000 0.000000 0.000000 0.497215 0.867627
101.521782160 3.831019 2.757352 0.000000 0.000000 0.000000 0.497380 0.867533
101.570658922 3.830695 2.757829 0.000000 0.000000 0.000000 0.497370 0.867539
101.657437325 3.829559 2.758813 0.000000 0.000000 0.000000 0.497185 0.867644
101.713495970 3.828344 2.758891 0.000000 0.000000 0.000000 0.497242 0.867612
101.799236774 3.827711 2.759432 0.000000 0.000000 0.000000 0.497216 0.867627
101.849389791 3.829044 2.759709 0.000000 0.000000 0.000000 0.497077 0.867707
101.945839167 3.829118 2.758850 0.000000 0.000000 0.000000 0.496829 0.867848
101.999189854 3.830122 2.758879 0.000000 0.000000 0.000000 0.496859 0.867831
102.086042404 3.829105 2.759340 0.000000 0.000000 0.000000 0.496952 0.867778
102.136522293 3.829028 2.759091 0.000000 0.000000 0.000000 0.496913 0.867800
102.221495152 3.829257 2.757504 0.000000 0.000000 0.000000 0.496694 0.867926
102.276251078 3.828404 2.753838 0.000000 0.000000 0.000000 0.497016 0.867741
102.367645025 3.827696 2.753693 0.000000 0.000000 0.000000 0.496948 0.867781
102.423708200 3.827907 2.753906 0.000000 0.000000 0.000000 0.496574 0.867994
102.525077105 3.828074 2.753720 0.000000 0.000000 0.000000 0.496516 0.868028
102.574762106 3.827817 2.753732 0.000000 0.000000 0.000000 0.496519 0.868026
102.674291134 3.826901 2.754280 0.000000 0.000000 0.000000 0.496407 0.868090
