56.000000000 -0.000721 0.996171 0.000000 0.000000 0.000000 -0.009018 0.999959
56.092626333 -0.005415 0.992710 0.000000 0.000000 0.000000 -0.009519 0.999955
56.136488199 -0.005560 0.992253 0.000000 0.000000 0.000000 -0.009222 0.999957
56.234569073 -0.004646 0.992692 0.000000 0.000000 0.000000 -0.008913 0.999960
56.291095257 -0.004929 0.993891 0.000000 0.000000 0.000000 -0.008891 0.999960
56.384810448 -0.004479 0.993990 0.000000 0.000000 0.000000 -0.008796 0.999961
56.432573795 -0.003866 0.994998 0.000000 0.000000 0.000000 -0.008774 0.999962
56.517774343 -0.003276 0.995916 0.000000 0.000000 0.000000 -0.008789 0.999961
56.566277504 -0.002431 0.996697 0.000000 0.000000 0.000000 -0.008731 0.999962
56.658776283 -0.002293 0.997616 0.000000 0.000000 0.000000 -0.008712 0.999962
56.719421625 -0.002507 0.998776 0.000000 0.000000 0.000000 -0.008607 0.999963
56.806190968 -0.002368 0.999224 0.000000 0.000000 0.000000 -0.008744 0.999962
56.859033823 -0.001833 0.999495 0.000000 0.000000 0.000000 -0.008646 0.999963
56.956225157 -0.002081 0.999668 0.000000 0.000000 0.000000 -0.008578 0.999963
56.992516994 -0.002768 1.000467 0.000000 0.000000 0.000000 -0.008599 0.999963
57.085117579 -0.002958 1.000783 0.000000 0.000000 0.000000 -0.008502 0.999964
57.135342836 -0.002950 1.001344 0.000000 0.000000 0.000000 -0.008589 0.999963
57.226917267 -0.002666 1.002933 0.000000 0.000000 0.000000 -0.008693 0.999962
57.280653477 -0.003123 1.002946 0.000000 0.000000 0.000000 -0.008947 0.999960
57.376023293 -0.003439 1.002657 0.000000 0.000000 0.000000 -0.008973 0.999960
57.421943903 -0.004344 1.002481 0.000000 0.000000 0.000000 -0.008819 0.999961
57.506844759 -0.004287 1.002383 0.000000 0.000000 0.000000 -0.008968 0.999960
57.561612844 -0.004065 1.002519 0.000000 0.000000 0.000000 -0.008967 0.999960
57.661116600 -0.003574 1.001903 0.000000 0.000000 0.000000 -0.008865 0.999961
57.713097334 -0.004420 1.002740 0.000000 0.000000 0.000000 -0.008935 0.999960
57.818692207 -0.004200 1.003245 0.000000 0.000000 0.000000 -0.008814 0.999961
57.857132435 -0.003531 1.003302 0.000000 0.000000 0.000000 -0.008998 0.999960
57.942367077 -0.003278 1.002760 0.000000 0.000000 0.000000 -0.009019 0.999959
57.993121147 -0.003354 1.002299 0.000000 0.000000 0.000000 -0.009164 0.999958
58.084053516 -0.004050 1.001955 0.000000 0.000000 0.000000 -0.009238 0.999957
58.134043932 -0.005568 1.002966 0.000000 0.000000 0.000000 -0.009246 0.999957
58.226578236 -0.004848 1.002569 0.000000 0.000000 0.000000 -0.009416 0.999956
58.278188705 -0.004639 1.002726 0.000000 0.000000 0.000000 -0.009500 0.999955
58.375108480 -0.004209 1.002951 0.000000 0.000000 0.000000 -0.009498 0.999955
58.432198524 -0.003984 1.003408 0.000000 0.000000 0.000000 -0.009598 0.999954
58.513686180 -0.003712 1.003499 0.000000 0.000000 0.000000 -0.009742 0.999953
58.577755451 -0.003664 1.002169 0.000000 0.000000 0.000000 -0.009700 0.999953
58.663658381 -0.004565 1.001963 0.000000 0.000000 0.000000 -0.009559 0.999954
58.721382856 -0.004515 1.001472 0.000000 0.000000 0.000000 -0.009779 0.999952
58.811643362 -0.004363 1.001893 0.000000 0.000000 0.000000 -0.009814 0.999952
58.859117508 -0.003503 1.001891 0.000000 0.000000 0.000000 -0.009854 0.999951
58.954252720 -0.003168 1.001621 0.000000 0.000000 0.000000 -0.010005 0.999950
59.016629219 -0.002792 1.001641 0.000000 0.000000 0.000000 -0.009855 0.999951
59.106379747 -0.002407 1.001683 0.000000 0.000000 0.000000 -0.010087 0.999949
59.158839226 -0.002008 1.001427 0.000000 0.000000 0.000000 -0.009995 0.999950
59.239713192 -0.000334 1.000915 0.000000 0.000000 0.000000 -0.010016 0.999950
59.295119047 -0.000242 1.000536 0.000000 0.000000 0.000000 -0.010110 0.999949
59.400145054 0.000665 0.999751 0.000000 0.000000 0.000000 -0.010264 0.999947
59.447155952 0.001266 1.000423 0.000000 0.000000 0.000000 -0.010278 0.999947
59.543852329 0.001070 1.000998 0.000000 0.000000 0.000000 -0.010274 0.999947
59.590034962 0.002415 1.001709 0.000000 0.000000 0.000000 -0.010271 0.999947
59.665421247 0.003250 1.001746 0.000000 0.000000 0.000000 -0.009919 0.999951
59.720851421 0.004218 1.001791 0.000000 0.000000 0.000000 -0.009983 0.999950
59.805132151 0.005170 1.002002 0.000000 0.000000 0.000000 -0.010083 0.999949
59.860359430 0.004916 1.002493 0.000000 0.000000 0.000000 -0.010066 0.999949
59.957119226 0.005715 1.002711 0.000000 0.000000 0.000000 -0.009981 0.999950
60.005816936 0.005293 1.002236 0.000000 0.000000 0.000000 -0.010002 0.999950
60.089397669 0.005529 1.002225 0.000000 0.000000 0.000000 -0.010181 0.999948
60.138172865 0.005081 1.002095 0.000000 0.000000 0.000000 -0.010114 0.999949
60.220950127 0.006513 1.001188 0.000000 0.000000 0.000000 -0.010474 0.999945
60.272440672 0.006988 1.001131 0.000000 0.000000 0.000000 -0.010365 0.999946
60.365985632 0.007232 1.000728 0.000000 0.000000 0.000000 -0.010332 0.999947
60.419920921 0.007214 1.000784 0.000000 0.000000 0.000000 -0.010339 0.999947
60.517887354 0.008077 1.001391 0.000000 0.000000 0.000000 -0.010394 0.999946
60.576246977 0.007768 1.000815 0.000000 0.000000 0.000000 -0.010436 0.999946
60.661265135 0.007618 1.000379 0.000000 0.000000 0.000000 -0.010467 0.999945
60.720116138 0.008768 1.000219 0.000000 0.000000 0.000000 -0.010350 0.999946
60.806773424 0.008322 1.000883 0.000000 0.000000 0.000000 -0.010477 0.999945
60.856551170 0.008481 1.001526 0.000000 0.000000 0.000000 -0.010621 0.999944
60.954911470 0.008773 1.002102 0.000000 0.000000 0.000000 -0.010587 0.999944
61.012297630 0.008940 1.002838 0.000000 0.000000 0.000000 -0.010777 0.999942
61.109639168 0.009308 1.003271 0.000000 0.000000 0.000000 -0.010524 0.999945
61.157109976 0.008165 1.003176 0.000000 0.000000 0.000000 -0.010382 0.999946
61.239634752 0.007408 1.002897 0.000000 0.000000 0.000000 -0.010485 0.999945
61.291578770 0.007618 1.003100 0.000000 0.000000 0.000000 -0.010388 0.999946
61.377224922 0.007667 1.003572 0.000000 0.000000 0.000000 -0.010326 0.999947
61.424571276 0.006543 1.003128 0.000000 0.000000 0.000000 -0.010013 0.999950
61.517945051 0.006475 1.003267 0.000000 0.000000 0.000000 -0.009883 0.999951
61.571182013 0.005067 1.002932 0.000000 0.000000 0.000000 -0.009856 0.999951
61.674693108 0.005164 1.004151 0.000000 0.000000 0.000000 -0.010098 0.999949
61.731230259 0.004272 1.003657 0.000000 0.000000 0.000000 -0.009860 0.999951
61.823836803 0.003800 1.003520 0.000000 0.000000 0.000000 -0.009773 0.999952
61.867137194 0.004259 1.003471 0.000000 0.000000 0.000000 -0.009875 0.999951
61.957184315 0.004479 1.002744 0.000000 0.000000 0.000000 -0.009641 0.999954
62.007257462 0.005039 1.002324 0.000000 0.000000 0.000000 -0.009677 0.999953
62.096065044 0.005006 1.001958 0.000000 0.000000 0.000000 -0.009762 0.999952
62.149833441 0.005726 1.002858 0.000000 0.000000 0.000000 -0.010083 0.999949
62.231528997 0.020772 1.002708 0.000000 0.000000 0.000000 -0.009952 0.999950
62.288254261 0.030484 1.002327 0.000000 0.000000 0.000000 -0.009736 0.999953
62.372793436 0.045527 1.001791 0.000000 0.000000 0.000000 -0.009580 0.999954
62.437046528 0.056680 1.001367 0.000000 0.000000 0.000000 -0.009556 0.999954
62.518205643 0.071127 1.000848 0.000000 0.000000 0.000000 -0.009485 0.999955
62.573649645 0.080270 0.999944 0.000000 0.000000 0.000000 -0.009705 0.999953
62.658019066 0.094626 1.000058 0.000000 0.000000 0.000000 -0.009513 0.999955
62.708748341 0.103408 1.000766 0.000000 0.000000 0.000000 -0.009492 0.999955
62.802901506 0.119809 1.000488 0.000000 0.000000 0.000000 -0.009490 0.999955
62.862125397 0.130016 1.001051 0.000000 0.000000 0.000000 -0.009129 0.999958
62.944721937 0.145435 1.000988 0.000000 0.000000 0.000000 -0.008894 0.999960
63.001682520 0.155516 1.000588 0.000000 0.000000 0.000000 -0.008762 0.999962
63.096352816 0.173196 1.000573 0.000000 0.000000 0.000000 -0.008826 0.999961
63.140980959 0.181234 1.001091 0.000000 0.000000 0.000000 -0.008866 0.999961
63.224403381 0.196039 0.999925 0.000000 0.000000 0.000000 -0.008826 0.999961
63.278097630 0.205267 0.999503 0.000000 0.000000 0.000000 -0.008837 0.999961
63.378735542 0.223331 0.999828 0.000000 0.000000 0.000000 -0.008567 0.999963
63.429337263 0.231618 0.999962 0.000000 0.000000 0.000000 -0.008415 0.999965
63.507558107 0.245025 0.999895 0.000000 0.000000 0.000000 -0.008167 0.999967
63.561244726 0.255522 0.999787 0.000000 0.000000 0.000000 -0.008038 0.999968
63.651183605 0.272090 1.000305 0.000000 0.000000 0.000000 -0.007851 0.999969
63.722069025 0.285629 1.000830 0.000000 0.000000 0.000000 -0.007556 0.999971
63.818211794 0.303039 1.000923 0.000000 0.000000 0.000000 -0.007321 0.999973
63.867984533 0.311559 1.000655 0.000000 0.000000 0.000000 -0.007214 0.999974
63.954170942 0.326821 0.999986 0.000000 0.000000 0.000000 -0.007192 0.999974
64.007827759 0.336130 1.000217 0.000000 0.000000 0.000000 -0.007336 0.999973
64.098969221 0.352314 1.000052 0.000000 0.000000 0.000000 -0.007320 0.999973
64.150251389 0.361045 0.999083 0.000000 0.000000 0.000000 -0.007182 0.999974
64.240028858 0.376074 0.998495 0.000000 0.000000 0.000000 -0.006885 0.999976
64.291742325 0.385782 0.998009 0.000000 0.000000 0.000000 -0.006820 0.999977
64.384911537 0.403061 0.997761 0.000000 0.000000 0.000000 -0.006712 0.999977
64.438662767 0.412981 0.996882 0.000000 0.000000 0.000000 -0.006618 0.999978
64.529100657 0.429182 0.996241 0.000000 0.000000 0.000000 -0.006624 0.999978
64.581606388 0.440164 0.996027 0.000000 0.000000 0.000000 -0.006521 0.999979
64.666499376 0.455567 0.995038 0.000000 0.000000 0.000000 -0.006447 0.999979
64.719514608 0.466266 0.994209 0.000000 0.000000 0.000000 -0.006276 0.999980
64.801486015 0.480300 0.994031 0.000000 0.000000 0.000000 -0.006158 0.999981
64.853920698 0.488579 0.994462 0.000000 0.000000 0.000000 -0.006115 0.999981
64.943417788 0.503687 0.994158 0.000000 0.000000 0.000000 -0.006260 0.999980
64.995023489 0.511933 0.994582 0.000000 0.000000 0.000000 -0.006312 0.999980
65.076430798 0.526217 0.994050 0.000000 0.000000 0.000000 -0.006013 0.999982
65.137303352 0.537390 0.994667 0.000000 0.000000 0.000000 -0.005768 0.999983
65.235720634 0.554337 0.995712 0.000000 0.000000 0.000000 -0.005698 0.999984
65.286878586 0.562802 0.997402 0.000000 0.000000 0.000000 -0.005554 0.999985
65.388996363 0.580337 0.997394 0.000000 0.000000 0.000000 -0.005386 0.999985
65.443364143 0.589381 0.998464 0.000000 0.000000 0.000000 -0.005273 0.999986
65.533442974 0.604365 0.998812 0.000000 0.000000 0.000000 -0.004919 0.999988
65.583643198 0.612768 0.998744 0.000000 0.000000 0.000000 -0.004935 0.999988
65.666572094 0.626027 0.998723 0.000000 0.000000 0.000000 -0.004896 0.999988
65.718314648 0.635025 0.998663 0.000000 0.000000 0.000000 -0.004822 0.999988
65.813969851 0.652689 0.998530 0.000000 0.000000 0.000000 -0.004555 0.999990
65.860479355 0.661347 0.999433 0.000000 0.000000 0.000000 -0.004420 0.999990
65.949100494 0.677108 0.999709 0.000000 0.000000 0.000000 -0.004220 0.999991
66.006313324 0.687515 0.999824 0.000000 0.000000 0.000000 -0.004211 0.999991
66.091695070 0.702965 1.000060 0.000000 0.000000 0.000000 -0.004035 0.999992
66.150105000 0.713478 1.000581 0.000000 0.000000 0.000000 -0.004060 0.999992
66.245607138 0.730721 1.000385 0.000000 0.000000 0.000000 -0.004168 0.999991
66.289936066 0.737656 1.000349 0.000000 0.000000 0.000000 -0.004138 0.999991
66.374847174 0.751677 1.000818 0.000000 0.000000 0.000000 -0.003794 0.999993
66.427448988 0.760792 1.000644 0.000000 0.000000 0.000000 -0.003672 0.999993
66.515174389 0.776414 1.001815 0.000000 0.000000 0.000000 -0.003541 0.999994
66.565155268 0.784971 1.001716 0.000000 0.000000 0.000000 -0.003576 0.999994
66.668905973 0.802857 1.002323 0.000000 0.000000 0.000000 -0.003439 0.999994
66.720251560 0.812836 1.001686 0.000000 0.000000 0.000000 -0.003352 0.999994
66.818524122 0.830918 1.003323 0.000000 0.000000 0.000000 -0.003146 0.999995
66.862034321 0.838936 1.003670 0.000000 0.000000 0.000000 -0.002797 0.999996
66.948162079 0.854876 1.003639 0.000000 0.000000 0.000000 -0.002705 0.999996
66.998103142 0.863926 1.004305 0.000000 0.000000 0.000000 -0.002409 0.999997
67.100195885 0.881783 1.004415 0.000000 0.000000 0.000000 -0.002333 0.999997
67.157076359 0.892371 1.005403 0.000000 0.000000 0.000000 -0.002392 0.999997
67.269846916 0.914379 1.004266 0.000000 0.000000 0.000000 -0.002087 0.999998
67.325706720 0.924734 1.003483 0.000000 0.000000 0.000000 -0.002066 0.999998
67.417520761 0.941374 1.003304 0.000000 0.000000 0.000000 -0.001877 0.999998
67.475314379 0.951901 1.003721 0.000000 0.000000 0.000000 -0.001670 0.999999
67.587245464 0.972377 1.004277 0.000000 0.000000 0.000000 -0.001483 0.999999
67.657504320 0.986756 1.004159 0.000000 0.000000 0.000000 -0.001613 0.999999
67.744100571 1.004315 1.003752 0.000000 0.000000 0.000000 -0.001725 0.999999
67.809964418 1.016641 1.003611 0.000000 0.000000 0.000000 -0.001731 0.999999
67.907867193 1.035649 1.003667 0.000000 0.000000 0.000000 -0.001394 0.999999
67.955658197 1.045106 1.004152 0.000000 0.000000 0.000000 -0.001307 0.999999
68.043772697 1.062882 1.003916 0.000000 0.000000 0.000000 -0.001422 0.999999
68.092056751 1.072774 1.004749 0.000000 0.000000 0.000000 -0.001402 0.999999
68.198954105 1.093484 1.005512 0.000000 0.000000 0.000000 -0.001558 0.999999
68.239401817 1.101943 1.005274 0.000000 0.000000 0.000000 -0.001214 0.999999
68.334116697 1.121031 1.005092 0.000000 0.000000 0.000000 -0.000727 1.000000
68.393169165 1.131633 1.004991 0.000000 0.000000 0.000000 -0.000661 1.000000
68.488315105 1.148634 1.005025 0.000000 0.000000 0.000000 -0.000597 1.000000
68.548655272 1.160846 1.004591 0.000000 0.000000 0.000000 -0.000930 1.000000
68.628951550 1.176886 1.003617 0.000000 0.000000 0.000000 -0.000663 1.000000
68.688163757 1.189441 1.004217 0.000000 0.000000 0.000000 -0.000698 1.000000
68.771270037 1.204951 1.003897 0.000000 0.000000 0.000000 -0.000415 1.000000
68.824939728 1.214614 1.004492 0.000000 0.000000 0.000000 -0.000208 1.000000
68.927378178 1.234105 1.004456 0.000000 0.000000 0.000000 -0.000230 1.000000
68.988554239 1.246730 1.004176 0.000000 0.000000 0.000000 -0.000310 1.000000
69.091393948 1.266736 1.003857 0.000000 0.000000 0.000000 -0.000237 1.000000
69.142657280 1.277898 1.003345 0.000000 0.000000 0.000000 -0.000334 1.000000
69.226943970 1.294217 1.002851 0.000000 0.000000 0.000000 -0.000238 1.000000
69.291504383 1.306247 1.001870 0.000000 0.000000 0.000000 0.000013 1.000000
69.395749092 1.326185 1.002985 0.000000 0.000000 0.000000 0.000301 1.000000
69.444655418 1.335597 1.003102 0.000000 0.000000 0.000000 0.000142 1.000000
69.543005466 1.354305 1.001958 0.000000 0.000000 0.000000 0.000049 1.000000
69.595045090 1.363997 1.002438 0.000000 0.000000 0.000000 0.000095 1.000000
69.695927858 1.382311 1.003354 0.000000 0.000000 0.000000 0.000168 1.000000
69.753221989 1.394514 1.003829 0.000000 0.000000 0.000000 0.000226 1.000000
69.852281094 1.412612 1.003384 0.000000 0.000000 0.000000 0.000235 1.000000
69.909631014 1.424421 1.004145 0.000000 0.000000 0.000000 0.000033 1.000000
70.003495455 1.441818 1.004026 0.000000 0.000000 0.000000 -0.000171 1.000000
70.055417776 1.452237 1.004418 0.000000 0.000000 0.000000 -0.000285 1.000000
70.137858391 1.468035 1.004645 0.000000 0.000000 0.000000 -0.000174 1.000000
70.199167728 1.480153 1.004322 0.000000 0.000000 0.000000 0.000079 1.000000
70.302878618 1.500517 1.004956 0.000000 0.000000 0.000000 0.000028 1.000000
70.369396687 1.513440 1.004092 0.000000 0.000000 0.000000 -0.000170 1.000000
70.461210728 1.533259 1.003884 0.000000 0.000000 0.000000 -0.000481 1.000000
70.509778738 1.543567 1.002680 0.000000 0.000000 0.000000 -0.000488 1.000000
70.599387646 1.561243 1.001930 0.000000 0.000000 0.000000 -0.000335 1.000000
70.656033039 1.572390 1.002108 0.000000 0.000000 0.000000 -0.000056 1.000000
70.768153429 1.593922 1.001791 0.000000 0.000000 0.000000 0.000090 1.000000
70.815999985 1.604089 1.001554 0.000000 0.000000 0.000000 0.000010 1.000000
70.900581121 1.620795 1.001599 0.000000 0.000000 0.000000 -0.000089 1.000000
70.955633402 1.631623 1.002528 0.000000 0.000000 0.000000 0.000226 1.000000
71.042252779 1.646928 1.003595 0.000000 0.000000 0.000000 0.000040 1.000000
71.103641987 1.658204 1.003825 0.000000 0.000000 0.000000 0.000066 1.000000
71.186776161 1.673997 1.004205 0.000000 0.000000 0.000000 -0.000123 1.000000
71.250498533 1.687297 1.004538 0.000000 0.000000 0.000000 -0.000461 1.000000
71.341936827 1.695242 1.005872 0.000000 0.000000 0.000000 0.006392 0.999980
71.393325806 1.699781 1.005579 0.000000 0.000000 0.000000 0.011122 0.999938
71.487019539 1.703182 1.004713 0.000000 0.000000 0.000000 0.020149 0.999797
71.537977695 1.706183 1.005575 0.000000 0.000000 0.000000 0.025888 0.999665
71.626116753 1.709758 1.005655 0.000000 0.000000 0.000000 0.034994 0.999388
71.682151079 1.711667 1.004622 0.000000 0.000000 0.000000 0.040226 0.999191
71.763496399 1.715807 1.005643 0.000000 0.000000 0.000000 0.047897 0.998852
71.820455313 1.716342 1.005032 0.000000 0.000000 0.000000 0.053661 0.998559
71.918866396 1.718850 1.004313 0.000000 0.000000 0.000000 0.062919 0.998019
71.975845575 1.719726 1.004387 0.000000 0.000000 0.000000 0.068521 0.997650
72.068582535 1.722864 1.005561 0.000000 0.000000 0.000000 0.078173 0.996940
72.122643709 1.723654 1.005191 0.000000 0.000000 0.000000 0.083263 0.996528
72.217851877 1.739011 1.009141 0.000000 0.000000 0.000000 0.084092 0.996458
72.265589714 1.746672 1.011169 0.000000 0.000000 0.000000 0.084377 0.996434
72.354194641 1.761946 1.012539 0.000000 0.000000 0.000000 0.084320 0.996439
72.403216600 1.771874 1.013970 0.000000 0.000000 0.000000 0.084873 0.996392
72.504085302 1.789360 1.016978 0.000000 0.000000 0.000000 0.084612 0.996414
72.559812546 1.801228 1.019540 0.000000 0.000000 0.000000 0.083895 0.996475
72.641114473 1.817251 1.023345 0.000000 0.000000 0.000000 0.083510 0.996507
72.695553064 1.827566 1.026502 0.000000 0.000000 0.000000 0.083047 0.996546
72.784453154 1.843511 1.029338 0.000000 0.000000 0.000000 0.083045 0.996546
72.839464188 1.848107 1.029793 0.000000 0.000000 0.000000 0.088097 0.996112
72.931765556 1.852745 1.032419 0.000000 0.000000 0.000000 0.096749 0.995309
72.986810684 1.855717 1.033411 0.000000 0.000000 0.000000 0.102082 0.994776
73.071648121 1.860097 1.034058 0.000000 0.000000 0.000000 0.109864 0.993947
73.129702330 1.863483 1.034774 0.000000 0.000000 0.000000 0.116083 0.993240
73.227200508 1.866823 1.036188 0.000000 0.000000 0.000000 0.125321 0.992116
73.271549940 1.867468 1.038094 0.000000 0.000000 0.000000 0.129772 0.991544
73.365193605 1.883508 1.042177 0.000000 0.000000 0.000000 0.131143 0.991363
73.410813332 1.889787 1.044549 0.000000 0.000000 0.000000 0.131791 0.991278
73.495560646 1.905403 1.048220 0.000000 0.000000 0.000000 0.131372 0.991333
73.549853325 1.915051 1.052509 0.000000 0.000000 0.000000 0.131145 0.991363
73.635336399 1.930771 1.057315 0.000000 0.000000 0.000000 0.130987 0.991384
73.700213671 1.942809 1.059542 0.000000 0.000000 0.000000 0.130910 0.991394
73.794411182 1.960527 1.064108 0.000000 0.000000 0.000000 0.130976 0.991386
73.851395130 1.971838 1.067300 0.000000 0.000000 0.000000 0.130845 0.991403
73.934927464 1.988350 1.071761 0.000000 0.000000 0.000000 0.130686 0.991424
73.994324923 1.993587 1.072955 0.000000 0.000000 0.000000 0.135505 0.990777
74.076428652 1.998299 1.073883 0.000000 0.000000 0.000000 0.142414 0.989807
74.138641834 2.002033 1.074897 0.000000 0.000000 0.000000 0.148491 0.988914
74.232690811 2.005887 1.075778 0.000000 0.000000 0.000000 0.157778 0.987475
74.284757137 2.007002 1.076374 0.000000 0.000000 0.000000 0.163566 0.986532
74.368963718 2.009848 1.076851 0.000000 0.000000 0.000000 0.171519 0.985181
74.424954653 2.011636 1.077976 0.000000 0.000000 0.000000 0.176763 0.984253
74.512892008 2.014371 1.078738 0.000000 0.000000 0.000000 0.185022 0.982734
74.568120718 2.021797 1.082077 0.000000 0.000000 0.000000 0.186055 0.982539
74.659038782 2.036002 1.088443 0.000000 0.000000 0.000000 0.186606 0.982435
74.720528126 2.046239 1.092809 0.000000 0.000000 0.000000 0.186634 0.982429
74.807915449 2.061361 1.099549 0.000000 0.000000 0.000000 0.186626 0.982431
74.867791891 2.072917 1.104411 0.000000 0.000000 0.000000 0.186288 0.982495
74.956265450 2.089330 1.110225 0.000000 0.000000 0.000000 0.186050 0.982540
75.006022692 2.098909 1.113385 0.000000 0.000000 0.000000 0.185830 0.982582
75.093890429 2.113785 1.119145 0.000000 0.000000 0.000000 0.185887 0.982571
75.151803017 2.124606 1.122853 0.000000 0.000000 0.000000 0.185705 0.982606
75.237923384 2.140906 1.128759 0.000000 0.000000 0.000000 0.185776 0.982592
75.289012432 2.151611 1.133116 0.000000 0.000000 0.000000 0.185764 0.982594
75.377345324 2.168016 1.138952 0.000000 0.000000 0.000000 0.185446 0.982655
75.433693886 2.179055 1.143477 0.000000 0.000000 0.000000 0.185687 0.982609
75.537194490 2.198077 1.151477 0.000000 0.000000 0.000000 0.186063 0.982538
75.586070776 2.206015 1.154574 0.000000 0.000000 0.000000 0.185892 0.982570
75.689361572 2.222903 1.162248 0.000000 0.000000 0.000000 0.185957 0.982558
75.744805098 2.232665 1.167116 0.000000 0.000000 0.000000 0.185603 0.982625
75.826009274 2.247321 1.172107 0.000000 0.000000 0.000000 0.185466 0.982651
75.899021864 2.252266 1.173586 0.000000 0.000000 0.000000 0.191581 0.981477
75.992537260 2.257615 1.176445 0.000000 0.000000 0.000000 0.200002 0.979796
76.056124210 2.260499 1.177342 0.000000 0.000000 0.000000 0.206203 0.978509
76.141805172 2.264818 1.178884 0.000000 0.000000 0.000000 0.214554 0.976712
76.196712971 2.265977 1.179512 0.000000 0.000000 0.000000 0.219784 0.975549
76.279946327 2.269343 1.180541 0.000000 0.000000 0.000000 0.227162 0.973857
76.336917877 2.271186 1.181920 0.000000 0.000000 0.000000 0.233415 0.972377
76.431858301 2.274545 1.183095 0.000000 0.000000 0.000000 0.242169 0.970234
76.487337351 2.282523 1.186590 0.000000 0.000000 0.000000 0.242884 0.970055
76.576975346 2.295181 1.193353 0.000000 0.000000 0.000000 0.243121 0.969996
76.635664701 2.305365 1.198638 0.000000 0.000000 0.000000 0.243156 0.969987
76.736702204 2.322850 1.207709 0.000000 0.000000 0.000000 0.242708 0.970099
76.784813404 2.332432 1.212578 0.000000 0.000000 0.000000 0.242433 0.970168
76.872728825 2.348112 1.220928 0.000000 0.000000 0.000000 0.242500 0.970151
76.940669060 2.359004 1.227348 0.000000 0.000000 0.000000 0.242658 0.970112
77.039191484 2.375944 1.235685 0.000000 0.000000 0.000000 0.242675 0.970108
77.091496944 2.385225 1.240558 0.000000 0.000000 0.000000 0.242485 0.970155
77.178045034 2.391208 1.243658 0.000000 0.000000 0.000000 0.249283 0.968431
77.233334064 2.394643 1.246126 0.000000 0.000000 0.000000 0.254081 0.967183
77.321522951 2.398498 1.249447 0.000000 0.000000 0.000000 0.262244 0.965002
77.385615587 2.399859 1.250172 0.000000 0.000000 0.000000 0.268295 0.963337
77.482558012 2.414085 1.258083 0.000000 0.000000 0.000000 0.269282 0.963061
77.535058022 2.422284 1.262176 0.000000 0.000000 0.000000 0.269465 0.963010
77.635596514 2.438434 1.272139 0.000000 0.000000 0.000000 0.269433 0.963019
77.687636852 2.446606 1.276143 0.000000 0.000000 0.000000 0.269451 0.963014
77.783472538 2.461091 1.284930 0.000000 0.000000 0.000000 0.269898 0.962889
77.833787918 2.469494 1.289595 0.000000 0.000000 0.000000 0.269702 0.962944
77.940711260 2.486093 1.299843 0.000000 0.000000 0.000000 0.269598 0.962973
77.985099792 2.494592 1.305179 0.000000 0.000000 0.000000 0.269367 0.963038
78.074628830 2.508325 1.315048 0.000000 0.000000 0.000000 0.269189 0.963087
78.126539230 2.517084 1.320298 0.000000 0.000000 0.000000 0.269439 0.963017
78.225707769 2.522748 1.324640 0.000000 0.000000 0.000000 0.277857 0.960622
78.287621975 2.525604 1.326843 0.000000 0.000000 0.000000 0.283926 0.958846
78.371752024 2.537474 1.334001 0.000000 0.000000 0.000000 0.284762 0.958598
78.425225496 2.546154 1.337602 0.000000 0.000000 0.000000 0.285254 0.958452
78.525620699 2.561008 1.347252 0.000000 0.000000 0.000000 0.285216 0.958463
78.588539600 2.570693 1.352370 0.000000 0.000000 0.000000 0.284800 0.958587
78.670593977 2.583320 1.360229 0.000000 0.000000 0.000000 0.284970 0.958536
78.735427380 2.593241 1.367108 0.000000 0.000000 0.000000 0.285222 0.958462
78.827690363 2.607749 1.377088 0.000000 0.000000 0.000000 0.284946 0.958544
78.889282465 2.617828 1.384149 0.000000 0.000000 0.000000 0.284898 0.958558
78.986895561 2.632457 1.393706 0.000000 0.000000 0.000000 0.284660 0.958628
79.038242817 2.640850 1.399494 0.000000 0.000000 0.000000 0.284635 0.958636
79.133278370 2.646331 1.402902 0.000000 0.000000 0.000000 0.292481 0.956271
79.188038111 2.649773 1.406435 0.000000 0.000000 0.000000 0.297358 0.954766
79.274859905 2.653527 1.409029 0.000000 0.000000 0.000000 0.305557 0.952174
79.325020790 2.660588 1.413341 0.000000 0.000000 0.000000 0.305997 0.952032
79.419587612 2.675300 1.423208 0.000000 0.000000 0.000000 0.306405 0.951901
79.476016521 2.683424 1.428844 0.000000 0.000000 0.000000 0.306307 0.951933
79.572896481 2.696813 1.438216 0.000000 0.000000 0.000000 0.306357 0.951917
79.625355482 2.706094 1.443167 0.000000 0.000000 0.000000 0.306440 0.951890
79.715934038 2.719227 1.452937 0.000000 0.000000 0.000000 0.306224 0.951960
79.766192913 2.726459 1.458710 0.000000 0.000000 0.000000 0.306080 0.952006
79.851100206 2.740597 1.468675 0.000000 0.000000 0.000000 0.306015 0.952027
79.911969662 2.750746 1.475561 0.000000 0.000000 0.000000 0.306145 0.951985
80.005322218 2.764501 1.486953 0.000000 0.000000 0.000000 0.306451 0.951887
80.049822092 2.772072 1.493579 0.000000 0.000000 0.000000 0.307121 0.951670
80.144307137 2.786342 1.504114 0.000000 0.000000 0.000000 0.307164 0.951656
80.194717646 2.794485 1.510878 0.000000 0.000000 0.000000 0.307248 0.951630
80.283586025 2.800444 1.516297 0.000000 0.000000 0.000000 0.314280 0.949330
80.339012861 2.802141 1.520000 0.000000 0.000000 0.000000 0.318424 0.947948
80.432806969 2.806548 1.524465 0.000000 0.000000 0.000000 0.326509 0.945194
80.481657505 2.808682 1.525549 0.000000 0.000000 0.000000 0.331406 0.943488
80.570667744 2.811288 1.527170 0.000000 0.000000 0.000000 0.339396 0.940644
80.629180193 2.813303 1.529438 0.000000 0.000000 0.000000 0.345042 0.938587
80.725515127 2.816207 1.532268 0.000000 0.000000 0.000000 0.353063 0.935599
80.785824299 2.817844 1.533128 0.000000 0.000000 0.000000 0.358709 0.933449
80.885531425 2.821015 1.536187 0.000000 0.000000 0.000000 0.367661 0.929960
80.931448936 2.822168 1.536476 0.000000 0.000000 0.000000 0.372163 0.928167
81.023196459 2.832103 1.544539 0.000000 0.000000 0.000000 0.373201 0.927751
81.074112654 2.837836 1.550393 0.000000 0.000000 0.000000 0.373852 0.927488
81.169610262 2.849498 1.562753 0.000000 0.000000 0.000000 0.373534 0.927617
81.221564293 2.857017 1.571115 0.000000 0.000000 0.000000 0.373282 0.927718
81.317089081 2.869710 1.583160 0.000000 0.000000 0.000000 0.373050 0.927811
81.373459816 2.877910 1.590650 0.000000 0.000000 0.000000 0.372956 0.927849
81.468533754 2.890580 1.602946 0.000000 0.000000 0.000000 0.372762 0.927927
81.523016691 2.899005 1.611339 0.000000 0.000000 0.000000 0.372734 0.927938
81.598726511 2.910345 1.622761 0.000000 0.000000 0.000000 0.372510 0.928028
81.657386780 2.914157 1.626021 0.000000 0.000000 0.000000 0.376763 0.926310
81.743980408 2.916668 1.631692 0.000000 0.000000 0.000000 0.383943 0.923357
81.802433014 2.918119 1.634463 0.000000 0.000000 0.000000 0.389259 0.921128
81.892469883 2.921303 1.639351 0.000000 0.000000 0.000000 0.397711 0.917511
81.951400280 2.921854 1.639005 0.000000 0.000000 0.000000 0.402909 0.915240
82.051398516 2.924337 1.642224 0.000000 0.000000 0.000000 0.411321 0.911491
82.098116398 2.925758 1.644902 0.000000 0.000000 0.000000 0.415841 0.909437
82.188131332 2.935527 1.655682 0.000000 0.000000 0.000000 0.416732 0.909029
82.248149872 2.941819 1.663577 0.000000 0.000000 0.000000 0.417153 0.908836
82.336132288 2.952213 1.675170 0.000000 0.000000 0.000000 0.417216 0.908807
82.396090031 2.959000 1.683929 0.000000 0.000000 0.000000 0.417093 0.908864
82.493404388 2.971974 1.697969 0.000000 0.000000 0.000000 0.416968 0.908921
82.545469284 2.979375 1.706478 0.000000 0.000000 0.000000 0.416722 0.909034
82.645762682 2.992982 1.721599 0.000000 0.000000 0.000000 0.416747 0.909023
82.703368902 3.001695 1.730070 0.000000 0.000000 0.000000 0.416782 0.909007
82.786747932 3.013932 1.741850 0.000000 0.000000 0.000000 0.416843 0.908979
82.854153395 3.024134 1.751902 0.000000 0.000000 0.000000 0.416829 0.908985
82.943068027 3.036621 1.764707 0.000000 0.000000 0.000000 0.416440 0.909163
83.009804964 3.046400 1.774483 0.000000 0.000000 0.000000 0.416286 0.909234
83.085191727 3.056000 1.785237 0.000000 0.000000 0.000000 0.416608 0.909086
83.153803349 3.065394 1.794897 0.000000 0.000000 0.000000 0.416898 0.908953
83.241653681 3.077265 1.807292 0.000000 0.000000 0.000000 0.416879 0.908962
83.297069788 3.079813 1.811406 0.000000 0.000000 0.000000 0.420506 0.907290
83.389735460 3.082670 1.816011 0.000000 0.000000 0.000000 0.428412 0.903583
83.453119040 3.085289 1.817284 0.000000 0.000000 0.000000 0.433488 0.901159
83.537900448 3.087150 1.819251 0.000000 0.000000 0.000000 0.440750 0.897630
83.597048283 3.087868 1.822090 0.000000 0.000000 0.000000 0.445985 0.895041
83.717325926 3.090735 1.826617 0.000000 0.000000 0.000000 0.456063 0.889948
83.749479055 3.090765 1.825781 0.000000 0.000000 0.000000 0.459381 0.888239
83.838826418 3.092643 1.830796 0.000000 0.000000 0.000000 0.466845 0.884339
83.901724577 3.093671 1.833206 0.000000 0.000000 0.000000 0.471903 0.881651
83.992516994 3.094985 1.836447 0.000000 0.000000 0.000000 0.479385 0.877604
84.051721573 3.095292 1.837416 0.000000 0.000000 0.000000 0.484591 0.874741
84.156426907 3.097870 1.842014 0.000000 0.000000 0.000000 0.492934 0.870067
84.200500965 3.098622 1.842156 0.000000 0.000000 0.000000 0.496901 0.867807
84.283172131 3.106435 1.852678 0.000000 0.000000 0.000000 0.497589 0.867413
84.341853619 3.113406 1.863089 0.000000 0.000000 0.000000 0.497131 0.867675
84.440338135 3.123105 1.878267 0.000000 0.000000 0.000000 0.497015 0.867742
84.490278244 3.128399 1.885631 0.000000 0.000000 0.000000 0.496782 0.867875
84.590413809 3.137874 1.900589 0.000000 0.000000 0.000000 0.497204 0.867633
84.637861252 3.138905 1.904433 0.000000 0.000000 0.000000 0.500567 0.865698
84.731191397 3.141703 1.909552 0.000000 0.000000 0.000000 0.507605 0.861590
84.795961142 3.143301 1.911569 0.000000 0.000000 0.000000 0.512840 0.858484
84.885035038 3.145186 1.916390 0.000000 0.000000 0.000000 0.520271 0.854001
84.942189693 3.149293 1.924241 0.000000 0.000000 0.000000 0.520939 0.853594
85.035698891 3.156308 1.939215 0.000000 0.000000 0.000000 0.521377 0.853326
85.087255955 3.160029 1.946958 0.000000 0.000000 0.000000 0.521369 0.853331
85.177431345 3.167791 1.961855 0.000000 0.000000 0.000000 0.521319 0.853362
85.234461546 3.172495 1.971327 0.000000 0.000000 0.000000 0.521109 0.853490
85.317269802 3.180695 1.986686 0.000000 0.000000 0.000000 0.520772 0.853696
85.371974707 3.186297 1.996812 0.000000 0.000000 0.000000 0.520614 0.853792
85.478625298 3.190242 2.003260 0.000000 0.000000 0.000000 0.528674 0.848825
85.528799295 3.191898 2.005869 0.000000 0.000000 0.000000 0.532994 0.846119
85.623463392 3.194250 2.009307 0.000000 0.000000 0.000000 0.540173 0.841554
85.673765659 3.195466 2.011506 0.000000 0.000000 0.000000 0.544033 0.839064
85.763669968 3.202575 2.024755 0.000000 0.000000 0.000000 0.544869 0.838521
85.820935726 3.207345 2.032146 0.000000 0.000000 0.000000 0.545383 0.838187
85.910727024 3.213330 2.046217 0.000000 0.000000 0.000000 0.545313 0.838233
85.964876890 3.218162 2.054826 0.000000 0.000000 0.000000 0.545223 0.838291
86.051109076 3.223128 2.068953 0.000000 0.000000 0.000000 0.545215 0.838296
86.103527308 3.226025 2.078719 0.000000 0.000000 0.000000 0.545015 0.838426
86.201452255 3.232807 2.097462 0.000000 0.000000 0.000000 0.544649 0.838664
86.242657185 3.236133 2.105738 0.000000 0.000000 0.000000 0.544750 0.838599
86.334985495 3.242925 2.122601 0.000000 0.000000 0.000000 0.545026 0.838419
86.382092714 3.243223 2.125533 0.000000 0.000000 0.000000 0.548394 0.836220
86.472083092 3.245569 2.129846 0.000000 0.000000 0.000000 0.555567 0.831472
86.523828268 3.247462 2.133056 0.000000 0.000000 0.000000 0.559077 0.829116
86.615870237 3.248327 2.136795 0.000000 0.000000 0.000000 0.565759 0.824571
86.670076370 3.249929 2.138238 0.000000 0.000000 0.000000 0.570331 0.821415
86.774803400 3.255993 2.153800 0.000000 0.000000 0.000000 0.571001 0.820949
86.820199966 3.258645 2.160220 0.000000 0.000000 0.000000 0.571311 0.820734
86.919469357 3.264255 2.177282 0.000000 0.000000 0.000000 0.571460 0.820630
86.967871189 3.267538 2.186280 0.000000 0.000000 0.000000 0.571477 0.820618
87.056761026 3.273856 2.202422 0.000000 0.000000 0.000000 0.571387 0.820681
87.109259605 3.278151 2.213068 0.000000 0.000000 0.000000 0.571405 0.820668
87.192007065 3.284294 2.228806 0.000000 0.000000 0.000000 0.571418 0.820659
87.253980637 3.288475 2.239968 0.000000 0.000000 0.000000 0.571492 0.820608
87.349741697 3.290702 2.245861 0.000000 0.000000 0.000000 0.578258 0.815854
87.405018091 3.292656 2.251244 0.000000 0.000000 0.000000 0.582249 0.813010
87.485984564 3.293707 2.255452 0.000000 0.000000 0.000000 0.588123 0.808772
87.543567896 3.295752 2.257354 0.000000 0.000000 0.000000 0.592694 0.805428
87.634330273 3.297223 2.261332 0.000000 0.000000 0.000000 0.599683 0.800238
87.686902761 3.296495 2.262859 0.000000 0.000000 0.000000 0.603748 0.797175
87.787247896 3.297173 2.266244 0.000000 0.000000 0.000000 0.611181 0.791491
87.837472916 3.299338 2.274135 0.000000 0.000000 0.000000 0.612054 0.790816
87.916748285 3.302597 2.286841 0.000000 0.000000 0.000000 0.612124 0.790762
87.986268759 3.305960 2.298510 0.000000 0.000000 0.000000 0.612004 0.790855
88.086726427 3.309661 2.314462 0.000000 0.000000 0.000000 0.612144 0.790746
88.150101423 3.313365 2.324671 0.000000 0.000000 0.000000 0.612112 0.790771
88.240933418 3.315114 2.329418 0.000000 0.000000 0.000000 0.618084 0.786112
88.297403812 3.316092 2.334291 0.000000 0.000000 0.000000 0.621503 0.783412
88.386169910 3.316386 2.338871 0.000000 0.000000 0.000000 0.627477 0.778635
88.450335503 3.317421 2.341064 0.000000 0.000000 0.000000 0.632597 0.774481
88.535275698 3.317288 2.344755 0.000000 0.000000 0.000000 0.638709 0.769449
88.605426788 3.316566 2.347260 0.000000 0.000000 0.000000 0.643909 0.765102
88.683759212 3.317919 2.349871 0.000000 0.000000 0.000000 0.649697 0.760194
88.750116110 3.319066 2.359635 0.000000 0.000000 0.000000 0.650194 0.759768
88.851769447 3.321835 2.377983 0.000000 0.000000 0.000000 0.650165 0.759793
88.916266441 3.323644 2.389515 0.000000 0.000000 0.000000 0.650021 0.759916
89.002526760 3.326648 2.404586 0.000000 0.000000 0.000000 0.650271 0.759703
89.057895184 3.329099 2.412874 0.000000 0.000000 0.000000 0.650177 0.759783
89.140100241 3.331417 2.428087 0.000000 0.000000 0.000000 0.650381 0.759608
89.195465088 3.331600 2.432933 0.000000 0.000000 0.000000 0.653916 0.756567
89.289087772 3.332188 2.437789 0.000000 0.000000 0.000000 0.659946 0.751313
89.344048738 3.332472 2.439690 0.000000 0.000000 0.000000 0.663628 0.748063
89.440391302 3.332863 2.444563 0.000000 0.000000 0.000000 0.670581 0.741836
89.492968559 3.332408 2.446265 0.000000 0.000000 0.000000 0.674565 0.738216
89.607647657 3.334610 2.465926 0.000000 0.000000 0.000000 0.675378 0.737471
89.672281504 3.336088 2.476498 0.000000 0.000000 0.000000 0.675259 0.737580
89.768073082 3.336892 2.494255 0.000000 0.000000 0.000000 0.675175 0.737657
89.829360723 3.338032 2.505499 0.000000 0.000000 0.000000 0.675104 0.737722
89.918611765 3.338823 2.521441 0.000000 0.000000 0.000000 0.675259 0.737580
89.983339548 3.341352 2.532098 0.000000 0.000000 0.000000 0.675088 0.737737
90.075467348 3.342660 2.549270 0.000000 0.000000 0.000000 0.675129 0.737699
90.136802912 3.344353 2.563030 0.000000 0.000000 0.000000 0.674738 0.738057
90.217718840 3.346584 2.578391 0.000000 0.000000 0.000000 0.674526 0.738251
90.282570362 3.346394 2.591312 0.000000 0.000000 0.000000 0.674481 0.738292
90.377734184 3.347569 2.609229 0.000000 0.000000 0.000000 0.674553 0.738226
90.428593874 3.348242 2.617877 0.000000 0.000000 0.000000 0.674513 0.738263
90.510604858 3.349959 2.633790 0.000000 0.000000 0.000000 0.674579 0.738203
90.568803549 3.350102 2.646876 0.000000 0.000000 0.000000 0.674624 0.738161
90.669097900 3.352327 2.665532 0.000000 0.000000 0.000000 0.674495 0.738279
90.734403133 3.353438 2.679183 0.000000 0.000000 0.000000 0.674552 0.738228
90.817264557 3.354539 2.693946 0.000000 0.000000 0.000000 0.674887 0.737921
90.874949217 3.354510 2.704974 0.000000 0.000000 0.000000 0.675084 0.737741
90.977848291 3.355967 2.724933 0.000000 0.000000 0.000000 0.675086 0.737739
91.038990498 3.356998 2.737504 0.000000 0.000000 0.000000 0.675069 0.737755
91.132968187 3.358692 2.755519 0.000000 0.000000 0.000000 0.674858 0.737948
91.184181929 3.359455 2.766872 0.000000 0.000000 0.000000 0.674628 0.738157
91.277483940 3.361392 2.785244 0.000000 0.000000 0.000000 0.674440 0.738330
91.333750963 3.363139 2.794699 0.000000 0.000000 0.000000 0.674713 0.738080
91.435931683 3.365307 2.813396 0.000000 0.000000 0.000000 0.674759 0.738038
91.490885019 3.365974 2.825340 0.000000 0.000000 0.000000 0.674539 0.738240
91.596405983 3.367081 2.846439 0.000000 0.000000 0.000000 0.674590 0.738193
91.657889366 3.368823 2.858650 0.000000 0.000000 0.000000 0.674740 0.738056
91.744920015 3.370529 2.876158 0.000000 0.000000 0.000000 0.674819 0.737983
91.803375244 3.372279 2.887320 0.000000 0.000000 0.000000 0.674806 0.737995
91.889576912 3.373613 2.903037 0.000000 0.000000 0.000000 0.674926 0.737886
91.950321198 3.374777 2.916071 0.000000 0.000000 0.000000 0.674715 0.738078
92.040585995 3.376248 2.933778 0.000000 0.000000 0.000000 0.674691 0.738100
92.095539570 3.377858 2.944244 0.000000 0.000000 0.000000 0.674559 0.738221
92.180634975 3.378733 2.960372 0.000000 0.000000 0.000000 0.674790 0.738010
92.233907700 3.380449 2.971707 0.000000 0.000000 0.000000 0.674993 0.737824
92.324627161 3.381402 2.988787 0.000000 0.000000 0.000000 0.675146 0.737684
92.377721786 3.381711 3.001301 0.000000 0.000000 0.000000 0.675237 0.737601
92.477380037 3.383808 3.021054 0.000000 0.000000 0.000000 0.675245 0.737594
92.527386665 3.384910 3.031632 0.000000 0.000000 0.000000 0.675126 0.737702
92.615924358 3.388067 3.049138 0.000000 0.000000 0.000000 0.675264 0.737576
92.672314167 3.388231 3.060212 0.000000 0.000000 0.000000 0.675445 0.737410
92.773890257 3.390124 3.078769 0.000000 0.000000 0.000000 0.675521 0.737341
92.833395958 3.391302 3.091976 0.000000 0.000000 0.000000 0.675145 0.737685
92.924817085 3.393447 3.109521 0.000000 0.000000 0.000000 0.675076 0.737748
92.988978386 3.394266 3.122350 0.000000 0.000000 0.000000 0.674802 0.737999
93.100240469 3.396363 3.143412 0.000000 0.000000 0.000000 0.675119 0.737709
93.152472734 3.397420 3.153167 0.000000 0.000000 0.000000 0.675359 0.737489
93.248969555 3.399284 3.171871 0.000000 0.000000 0.000000 0.675390 0.737461
93.302347898 3.401719 3.183770 0.000000 0.000000 0.000000 0.675219 0.737617
93.402684212 3.403339 3.202207 0.000000 0.000000 0.000000 0.675230 0.737607
93.454676867 3.404242 3.213237 0.000000 0.000000 0.000000 0.675242 0.737596
93.552758694 3.406688 3.231131 0.000000 0.000000 0.000000 0.675323 0.737522
93.613630056 3.408634 3.241382 0.000000 0.000000 0.000000 0.675205 0.737630
93.707502604 3.409509 3.260443 0.000000 0.000000 0.000000 0.675211 0.737624
93.764230251 3.409764 3.272218 0.000000 0.000000 0.000000 0.675095 0.737731
93.873910427 3.410700 3.293239 0.000000 0.000000 0.000000 0.675049 0.737773
93.914932251 3.411730 3.301396 0.000000 0.000000 0.000000 0.674887 0.737921
94.005584240 3.412238 3.316335 0.000000 0.000000 0.000000 0.675026 0.737794
94.060539484 3.413630 3.325990 0.000000 0.000000 0.000000 0.675159 0.737673
94.156020403 3.415827 3.344067 0.000000 0.000000 0.000000 0.675030 0.737790
94.210253716 3.417431 3.355561 0.000000 0.000000 0.000000 0.675039 0.737782
94.306135893 3.418988 3.374006 0.000000 0.000000 0.000000 0.675146 0.737685
94.372974396 3.419701 3.387452 0.000000 0.000000 0.000000 0.675353 0.737494
94.471097946 3.422212 3.405496 0.000000 0.000000 0.000000 0.675582 0.737285
94.529613972 3.423750 3.416927 0.000000 0.000000 0.000000 0.675722 0.737157
94.627149820 3.424706 3.435935 0.000000 0.000000 0.000000 0.675805 0.737080
94.671769142 3.425376 3.445644 0.000000 0.000000 0.000000 0.675740 0.737140
94.763330460 3.427400 3.462270 0.000000 0.000000 0.000000 0.675606 0.737263
94.822440624 3.428950 3.473572 0.000000 0.000000 0.000000 0.675598 0.737270
94.912670851 3.431505 3.491097 0.000000 0.000000 0.000000 0.675661 0.737212
94.978972197 3.432932 3.503194 0.000000 0.000000 0.000000 0.675739 0.737141
95.068254471 3.434967 3.521565 0.000000 0.000000 0.000000 0.675518 0.737343
95.123470068 3.436019 3.532330 0.000000 0.000000 0.000000 0.675619 0.737251
95.210581541 3.437709 3.549408 0.000000 0.000000 0.000000 0.675693 0.737183
95.261231899 3.438429 3.559314 0.000000 0.000000 0.000000 0.675583 0.737284
95.358219862 3.439479 3.577651 0.000000 0.000000 0.000000 0.675731 0.737149
95.405269146 3.440579 3.586761 0.000000 0.000000 0.000000 0.675785 0.737099
95.495450497 3.440869 3.589086 0.000000 0.000000 0.000000 0.675699 0.737178
95.556711435 3.441056 3.590480 0.000000 0.000000 0.000000 0.675263 0.737577
95.654532194 3.442004 3.591907 0.000000 0.000000 0.000000 0.675188 0.737645
95.718507051 3.441500 3.591180 0.000000 0.000000 0.000000 0.675112 0.737715
95.809733868 3.441793 3.590925 0.000000 0.000000 0.000000 0.675211 0.737625
95.869915009 3.441948 3.590644 0.000000 0.000000 0.000000 0.675321 0.737524
95.968504429 3.441953 3.590613 0.000000 0.000000 0.000000 0.675404 0.737448
96.013655424 3.442490 3.592177 0.000000 0.000000 0.000000 0.675226 0.737611
96.105460644 3.442684 3.593287 0.000000 0.000000 0.000000 0.675230 0.737607
96.151817083 3.443204 3.594277 0.000000 0.000000 0.000000 0.675351 0.737497
96.249305487 3.443756 3.593746 0.000000 0.000000 0.000000 0.675655 0.737218
96.313171148 3.443284 3.592935 0.000000 0.000000 0.000000 0.675890 0.737002
96.411842108 3.444412 3.593769 0.000000 0.000000 0.000000 0.675995 0.736906
96.483254194 3.443999 3.594453 0.000000 0.000000 0.000000 0.676030 0.736874
96.576039553 3.444106 3.594161 0.000000 0.000000 0.000000 0.676187 0.736730
96.634468794 3.444523 3.594536 0.000000 0.000000 0.000000 0.676149 0.736765
96.723625898 3.443213 3.594686 0.000000 0.000000 0.000000 0.676424 0.736512
96.781600475 3.443574 3.595300 0.000000 0.000000 0.000000 0.676629 0.736324
96.866395235 3.443509 3.595196 0.000000 0.000000 0.000000 0.676787 0.736179
96.921135187 3.443809 3.595835 0.000000 0.000000 0.000000 0.676885 0.736089
97.019036293 3.443819 3.595548 0.000000 0.000000 0.000000 0.676996 0.735987
97.060910940 3.444015 3.596295 0.000000 0.000000 0.000000 0.677079 0.735911
97.153807163 3.444020 3.596019 0.000000 0.000000 0.000000 0.676982 0.735999
97.211027622 3.443879 3.596120 0.000000 0.000000 0.000000 0.676949 0.736030
97.305245876 3.443385 3.595042 0.000000 0.000000 0.000000 0.676940 0.736038
97.364989996 3.444047 3.594302 0.000000 0.000000 0.000000 0.676826 0.736143
97.465471268 3.443696 3.593390 0.000000 0.000000 0.000000 0.676877 0.736096
97.531141281 3.442862 3.592679 0.000000 0.000000 0.000000 0.676965 0.736015
97.607466698 3.442749 3.593344 0.000000 0.000000 0.000000 0.677038 0.735948
97.670571327 3.443221 3.594070 0.000000 0.000000 0.000000 0.677362 0.735650
97.761371374 3.443015 3.595062 0.000000 0.000000 0.000000 0.677439 0.735579
97.826786518 3.442964 3.595326 0.000000 0.000000 0.000000 0.677544 0.735482
97.904732704 3.442860 3.595031 0.000000 0.000000 0.000000 0.677573 0.735456
97.972033739 3.444205 3.594554 0.000000 0.000000 0.000000 0.677449 0.735570
98.065672398 3.443814 3.595002 0.000000 0.000000 0.000000 0.677513 0.735511
98.120881319 3.443983 3.595009 0.000000 0.000000 0.000000 0.677556 0.735471
98.209275961 3.444910 3.596439 0.000000 0.000000 0.000000 0.677505 0.735518
98.266049623 3.445126 3.596527 0.000000 0.000000 0.000000 0.677403 0.735612
98.353181839 3.446049 3.596449 0.000000 0.000000 0.000000 0.677471 0.735549
98.403073549 3.445879 3.596371 0.000000 0.000000 0.000000 0.677417 0.735599
98.490382910 3.445864 3.596559 0.000000 0.000000 0.000000 0.677226 0.735775
98.542252064 3.446397 3.596538 0.000000 0.000000 0.000000 0.677158 0.735837
98.624454260 3.445906 3.596963 0.000000 0.000000 0.000000 0.677055 0.735932
98.685510397 3.445943 3.597069 0.000000 0.000000 0.000000 0.677201 0.735798
98.779605627 3.446510 3.597810 0.000000 0.000000 0.000000 0.677227 0.735774
98.838194609 3.445881 3.597133 0.000000 0.000000 0.000000 0.677160 0.735835
98.929908276 3.445470 3.597363 0.000000 0.000000 0.000000 0.677080 0.735909
98.986426353 3.445084 3.597874 0.000000 0.000000 0.000000 0.677080 0.735910
99.090990067 3.444743 3.597392 0.000000 0.000000 0.000000 0.676965 0.736016
99.137984037 3.443191 3.597082 0.000000 0.000000 0.000000 0.676828 0.736141
99.222180128 3.443026 3.597424 0.000000 0.000000 0.000000 0.676861 0.736111
99.274515629 3.443251 3.597079 0.000000 0.000000 0.000000 0.676775 0.736190
99.372492313 3.443541 3.596439 0.000000 0.000000 0.000000 0.676705 0.736254
99.430688858 3.443658 3.595981 0.000000 0.000000 0.000000 0.676628 0.736325
99.544572830 3.444250 3.596255 0.000000 0.000000 0.000000 0.676645 0.736310
99.586899042 3.444743 3.595536 0.000000 0.000000 0.000000 0.676616 0.736336
99.684531927 3.445963 3.595781 0.000000 0.000000 0.000000 0.676534 0.736412
99.732462883 3.445490 3.595624 0.000000 0.000000 0.000000 0.676521 0.736424
99.817482233 3.446021 3.596081 0.000000 0.000000 0.000000 0.676392 0.736542
99.865893364 3.444910 3.595787 0.000000 0.000000 0.000000 0.676385 0.736548
99.974117994 3.444837 3.595832 0.000000 0.000000 0.000000 0.676370 0.736562
100.008396149 3.444211 3.596056 0.000000 0.000000 0.000000 0.676393 0.736541
100.099959850 3.444370 3.596480 0.000000 0.000000 0.000000 0.676507 0.736436
100.157341719 3.444395 3.595690 0.000000 0.000000 0.000000 0.676339 0.736590
100.251402378 3.445081 3.595490 0.000000 0.000000 0.000000 0.676383 0.736550
100.296842813 3.444171 3.596010 0.000000 0.000000 0.000000 0.676369 0.736563
100.386153460 3.443235 3.596344 0.000000 0.000000 0.000000 0.676320 0.736608
100.438560963 3.443539 3.596591 0.000000 0.000000 0.000000 0.676281 0.736644
100.523025513 3.441899 3.595448 0.000000 0.000000 0.000000 0.676121 0.736791
100.578892708 3.441396 3.596672 0.000000 0.000000 0.000000 0.676056 0.736850
100.666844606 3.441374 3.596421 0.000000 0.000000 0.000000 0.676086 0.736823
100.717916250 3.440740 3.596818 0.000000 0.000000 0.000000 0.676078 0.736830
100.814438343 3.440617 3.596856 0.000000 0.000000 0.000000 0.676113 0.736798
100.859156370 3.439797 3.597187 0.000000 0.000000 0.000000 0.676252 0.736671
100.952885628 3.439739 3.596819 0.000000 0.000000 0.000000 0.676307 0.736620
101.000487804 3.439754 3.595802 0.000000 0.000000 0.000000 0.676255 0.736667
101.085479736 3.439160 3.596431 0.000000 0.000000 0.000000 0.676359 0.736572
101.136031866 3.438711 3.597502 0.000000 0.000000 0.000000 0.676505 0.736438
101.229514122 3.437437 3.598047 0.000000 0.000000 0.000000 0.676546 0.736400
101.274351120 3.437171 3.598341 0.000000 0.000000 0.000000 0.676529 0.736416
101.373620749 3.436762 3.599223 0.000000 0.000000 0.000000 0.676391 0.736542
101.426921129 3.436750 3.599264 0.000000 0.000000 0.000000 0.676301 0.736625
101.521782160 3.435893 3.600043 0.000000 0.000000 0.000000 0.676315 0.736613
101.570658922 3.435726 3.599389 0.000000 0.000000 0.000000 0.676230 0.736691
101.657437325 3.435684 3.598883 0.000000 0.000000 0.000000 0.676153 0.736762
101.713495970 3.435799 3.598902 0.000000 0.000000 0.000000 0.676156 0.736758
101.799236774 3.436049 3.599682 0.000000 0.000000 0.000000 0.676243 0.736679
101.849389791 3.436274 3.599762 0.000000 0.000000 0.000000 0.676290 0.736635
101.945839167 3.437213 3.600059 0.000000 0.000000 0.000000 0.676246 0.736676
101.999189854 3.436013 3.600832 0.000000 0.000000 0.000000 0.676212 0.736707
102.086042404 3.436106 3.600630 0.000000 0.000000 0.000000 0.676115 0.736797
102.136522293 3.435676 3.600548 0.000000 0.000000 0.000000 0.676026 0.736878
102.221495152 3.435309 3.600687 0.000000 0.000000 0.000000 0.676059 0.736847
102.276251078 3.434830 3.602017 0.000000 0.000000 0.000000 0.676027 0.736876
102.367645025 3.435129 3.602095 0.000000 0.000000 0.000000 0.676054 0.736852
102.423708200 3.434818 3.601737 0.000000 0.000000 0.000000 0.675895 0.736998
102.525077105 3.434958 3.602094 0.000000 0.000000 0.000000 0.675853 0.737037
102.574762106 3.434484 3.601462 0.000000 0.000000 0.000000 0.675944 0.736953
102.674291134 3.434633 3.602268 0.000000 0.000000 0.000000 0.676045 0.736860
