56.000000000 0.002368 0.998616 0.000000 0.000000 0.000000 0.002542 0.999997
56.092626333 0.000351 0.999028 0.000000 0.000000 0.000000 -0.002366 0.999997
56.136488199 -0.001706 0.999977 0.000000 0.000000 0.000000 -0.003202 0.999995
56.234569073 -0.003103 1.000503 0.000000 0.000000 0.000000 -0.002939 0.999996
56.291095257 -0.002307 1.001587 0.000000 0.000000 0.000000 -0.002720 0.999996
56.384810448 -0.003230 1.000935 0.000000 0.000000 0.000000 -0.003055 0.999995
56.432573795 -0.003234 1.000958 0.000000 0.000000 0.000000 -0.003100 0.999995
56.517774343 -0.001060 1.002514 0.000000 0.000000 0.000000 -0.002521 0.999997
56.566277504 -0.002201 1.002757 0.000000 0.000000 0.000000 -0.002865 0.999996
56.658776283 -0.003050 1.002376 0.000000 0.000000 0.000000 -0.003366 0.999994
56.719421625 -0.002566 1.001982 0.000000 0.000000 0.000000 -0.003652 0.999993
56.806190968 -0.002913 1.002150 0.000000 0.000000 0.000000 -0.003483 0.999994
56.859033823 -0.002799 1.002442 0.000000 0.000000 0.000000 -0.003676 0.999993
56.956225157 -0.002478 1.001718 0.000000 0.000000 0.000000 -0.003756 0.999993
56.992516994 -0.000914 1.003216 0.000000 0.000000 0.000000 -0.003707 0.999993
57.085117579 0.000134 1.002865 0.000000 0.000000 0.000000 -0.003442 0.999994
57.135342836 -0.000215 1.003846 0.000000 0.000000 0.000000 -0.003438 0.999994
57.226917267 0.001777 1.003615 0.000000 0.000000 0.000000 -0.003349 0.999994
57.280653477 0.002969 1.002471 0.000000 0.000000 0.000000 -0.003068 0.999995
57.376023293 0.002999 1.002461 0.000000 0.000000 0.000000 -0.003121 0.999995
57.421943903 0.003021 1.001942 0.000000 0.000000 0.000000 -0.002984 0.999996
57.506844759 0.003363 1.002091 0.000000 0.000000 0.000000 -0.002870 0.999996
57.561612844 0.003779 1.001067 0.000000 0.000000 0.000000 -0.002900 0.999996
57.661116600 0.005082 1.000426 0.000000 0.000000 0.000000 -0.002995 0.999996
57.713097334 0.006142 1.000404 0.000000 0.000000 0.000000 -0.002927 0.999996
57.818692207 0.006958 0.999993 0.000000 0.000000 0.000000 -0.002838 0.999996
57.857132435 0.007536 1.000051 0.000000 0.000000 0.000000 -0.002887 0.999996
57.942367077 0.006289 0.999093 0.000000 0.000000 0.000000 -0.002997 0.999996
57.993121147 0.007381 1.000028 0.000000 0.000000 0.000000 -0.003361 0.999994
58.084053516 0.007067 0.999719 0.000000 0.000000 0.000000 -0.003495 0.999994
58.134043932 0.007390 0.999030 0.000000 0.000000 0.000000 -0.003865 0.999993
58.226578236 0.007795 1.002399 0.000000 0.000000 0.000000 -0.003321 0.999994
58.278188705 0.007514 1.002856 0.000000 0.000000 0.000000 -0.003102 0.999995
58.375108480 0.008116 1.002352 0.000000 0.000000 0.000000 -0.003085 0.999995
58.432198524 0.007735 1.002562 0.000000 0.000000 0.000000 -0.003005 0.999995
58.513686180 0.008387 1.002471 0.000000 0.000000 0.000000 -0.002981 0.999996
58.577755451 0.008464 1.001612 0.000000 0.000000 0.000000 -0.003046 0.999995
58.663658381 0.008980 1.001806 0.000000 0.000000 0.000000 -0.002728 0.999996
58.721382856 0.008587 1.002574 0.000000 0.000000 0.000000 -0.002620 0.999997
58.811643362 0.009353 1.002178 0.000000 0.000000 0.000000 -0.002770 0.999996
58.859117508 0.010090 1.001856 0.000000 0.000000 0.000000 -0.002666 0.999996
58.954252720 0.010754 1.003935 0.000000 0.000000 0.000000 -0.003163 0.999995
59.016629219 0.010178 1.004625 0.000000 0.000000 0.000000 -0.003106 0.999995
59.106379747 0.009999 1.005282 0.000000 0.000000 0.000000 -0.002639 0.999997
59.158839226 0.009504 1.004018 0.000000 0.000000 0.000000 -0.002585 0.999997
59.239713192 0.010491 1.003359 0.000000 0.000000 0.000000 -0.002389 0.999997
59.295119047 0.012909 1.000979 0.000000 0.000000 0.000000 -0.002850 0.999996
59.400145054 0.012290 1.001596 0.000000 0.000000 0.000000 -0.002655 0.999996
59.447155952 0.013029 1.001142 0.000000 0.000000 0.000000 -0.002593 0.999997
59.543852329 0.013103 1.001325 0.000000 0.000000 0.000000 -0.002690 0.999996
59.590034962 0.014037 1.000944 0.000000 0.000000 0.000000 -0.002518 0.999997
59.665421247 0.015497 1.002575 0.000000 0.000000 0.000000 -0.002703 0.999996
59.720851421 0.016051 1.003332 0.000000 0.000000 0.000000 -0.002573 0.999997
59.805132151 0.016884 1.002534 0.000000 0.000000 0.000000 -0.002537 0.999997
59.860359430 0.017330 1.001954 0.000000 0.000000 0.000000 -0.002408 0.999997
59.957119226 0.017489 1.000621 0.000000 0.000000 0.000000 -0.002572 0.999997
60.005816936 0.018290 1.000962 0.000000 0.000000 0.000000 -0.002279 0.999997
60.089397669 0.019891 1.000067 0.000000 0.000000 0.000000 -0.002172 0.999998
60.138172865 0.019999 0.999487 0.000000 0.000000 0.000000 -0.002319 0.999997
60.220950127 0.019568 0.998450 0.000000 0.000000 0.000000 -0.002541 0.999997
60.272440672 0.021081 0.998325 0.000000 0.000000 0.000000 -0.002541 0.999997
60.365985632 0.021692 0.995032 0.000000 0.000000 0.000000 -0.002333 0.999997
60.419920921 0.022007 0.994633 0.000000 0.000000 0.000000 -0.002601 0.999997
60.517887354 0.022243 0.994119 0.000000 0.000000 0.000000 -0.002553 0.999997
60.576246977 0.022198 0.993589 0.000000 0.000000 0.000000 -0.002534 0.999997
60.661265135 0.022638 0.993915 0.000000 0.000000 0.000000 -0.002426 0.999997
60.720116138 0.020975 0.993311 0.000000 0.000000 0.000000 -0.002498 0.999997
60.806773424 0.021377 0.991968 0.000000 0.000000 0.000000 -0.002507 0.999997
60.856551170 0.020861 0.991299 0.000000 0.000000 0.000000 -0.002378 0.999997
60.954911470 0.020089 0.992440 0.000000 0.000000 0.000000 -0.002123 0.999998
61.012297630 0.020591 0.992280 0.000000 0.000000 0.000000 -0.001998 0.999998
61.109639168 0.019938 0.994401 0.000000 0.000000 0.000000 -0.001931 0.999998
61.157109976 0.020717 0.994087 0.000000 0.000000 0.000000 -0.001835 0.999998
61.239634752 0.021015 0.994075 0.000000 0.000000 0.000000 -0.001860 0.999998
61.291578770 0.021997 0.994636 0.000000 0.000000 0.000000 -0.001777 0.999998
61.377224922 0.021177 0.995581 0.000000 0.000000 0.000000 -0.001868 0.999998
61.424571276 0.020436 0.996226 0.000000 0.000000 0.000000 -0.001783 0.999998
61.517945051 0.020139 0.996155 0.000000 0.000000 0.000000 -0.001462 0.999999
61.571182013 0.020741 0.994569 0.000000 0.000000 0.000000 -0.001457 0.999999
61.674693108 0.021564 0.994807 0.000000 0.000000 0.000000 -0.001530 0.999999
61.731230259 0.021210 0.994099 0.000000 0.000000 0.000000 -0.001240 0.999999
61.823836803 0.021810 0.992381 0.000000 0.000000 0.000000 -0.001239 0.999999
61.867137194 0.021569 0.992159 0.000000 0.000000 0.000000 -0.001158 0.999999
61.957184315 0.021656 0.992319 0.000000 0.000000 0.000000 -0.001117 0.999999
62.007257462 0.022210 0.992454 0.000000 0.000000 0.000000 -0.001232 0.999999
62.096065044 0.022346 0.991723 0.000000 0.000000 0.000000 -0.001351 0.999999
62.149833441 0.021764 0.991735 0.000000 0.000000 0.000000 -0.001075 0.999999
62.231528997 0.037635 0.991189 0.000000 0.000000 0.000000 -0.001168 0.999999
62.288254261 0.049131 0.991327 0.000000 0.000000 0.000000 -0.000654 1.000000
62.372793436 0.065444 0.990908 0.000000 0.000000 0.000000 -0.000262 1.000000
62.437046528 0.078476 0.991666 0.000000 0.000000 0.000000 -0.000190 1.000000
62.518205643 0.094309 0.992951 0.000000 0.000000 0.000000 -0.000006 1.000000
62.573649645 0.104244 0.992872 0.000000 0.000000 0.000000 0.000280 1.000000
62.658019066 0.120194 0.994029 0.000000 0.000000 0.000000 0.000471 1.000000
62.708748341 0.130045 0.994959 0.000000 0.000000 0.000000 0.000466 1.000000
62.802901506 0.147002 0.994951 0.000000 0.000000 0.000000 0.000435 1.000000
62.862125397 0.158171 0.995149 0.000000 0.000000 0.000000 0.000585 1.000000
62.944721937 0.174692 0.995768 0.000000 0.000000 0.000000 0.000637 1.000000
63.001682520 0.186339 0.995981 0.000000 0.000000 0.000000 0.000808 1.000000
63.096352816 0.203567 0.996339 0.000000 0.000000 0.000000 0.001314 0.999999
63.140980959 0.212613 0.996486 0.000000 0.000000 0.000000 0.001455 0.999999
63.224403381 0.228842 0.997523 0.000000 0.000000 0.000000 0.001469 0.999999
63.278097630 0.237613 0.997123 0.000000 0.000000 0.000000 0.001566 0.999999
63.378735542 0.256736 0.997524 0.000000 0.000000 0.000000 0.001999 0.999998
63.429337263 0.266503 0.997157 0.000000 0.000000 0.000000 0.002125 0.999998
63.507558107 0.281600 0.996850 0.000000 0.000000 0.000000 0.002062 0.999998
63.561244726 0.290683 0.997158 0.000000 0.000000 0.000000 0.002022 0.999998
63.651183605 0.308152 0.996718 0.000000 0.000000 0.000000 0.002047 0.999998
63.722069025 0.320457 0.997391 0.000000 0.000000 0.000000 0.002135 0.999998
63.818211794 0.339193 0.998890 0.000000 0.000000 0.000000 0.002162 0.999998
63.867984533 0.348760 0.999864 0.000000 0.000000 0.000000 0.002263 0.999997
63.954170942 0.366156 0.999802 0.000000 0.000000 0.000000 0.002465 0.999997
64.007827759 0.375679 0.999651 0.000000 0.000000 0.000000 0.002505 0.999997
64.098969221 0.393028 0.998541 0.000000 0.000000 0.000000 0.002710 0.999996
64.150251389 0.401306 0.998310 0.000000 0.000000 0.000000 0.002666 0.999996
64.240028858 0.418044 0.998856 0.000000 0.000000 0.000000 0.002832 0.999996
64.291742325 0.428062 0.999316 0.000000 0.000000 0.000000 0.002497 0.999997
64.384911537 0.445288 0.999620 0.000000 0.000000 0.000000 0.002310 0.999997
64.438662767 0.455916 0.999327 0.000000 0.000000 0.000000 0.002336 0.999997
64.529100657 0.473323 0.999575 0.000000 0.000000 0.000000 0.002428 0.999997
64.581606388 0.483870 1.000136 0.000000 0.000000 0.000000 0.002580 0.999997
64.666499376 0.500877 0.999605 0.000000 0.000000 0.000000 0.002881 0.999996
64.719514608 0.510258 0.999141 0.000000 0.000000 0.000000 0.002596 0.999997
64.801486015 0.525768 0.998766 0.000000 0.000000 0.000000 0.002805 0.999996
64.853920698 0.536000 0.998414 0.000000 0.000000 0.000000 0.003178 0.999995
64.943417788 0.552681 0.998841 0.000000 0.000000 0.000000 0.003001 0.999995
64.995023489 0.561048 0.998581 0.000000 0.000000 0.000000 0.003446 0.999994
65.076430798 0.575845 1.000056 0.000000 0.000000 0.000000 0.003394 0.999994
65.137303352 0.587856 1.000393 0.000000 0.000000 0.000000 0.003386 0.999994
65.235720634 0.605209 1.001125 0.000000 0.000000 0.000000 0.003770 0.999993
65.286878586 0.617319 1.001687 0.000000 0.000000 0.000000 0.003871 0.999993
65.388996363 0.635940 1.000961 0.000000 0.000000 0.000000 0.004020 0.999992
65.443364143 0.645578 1.000470 0.000000 0.000000 0.000000 0.003883 0.999992
65.533442974 0.662022 0.998738 0.000000 0.000000 0.000000 0.003834 0.999993
65.583643198 0.672108 0.998313 0.000000 0.000000 0.000000 0.004290 0.999991
65.666572094 0.687668 0.997477 0.000000 0.000000 0.000000 0.004345 0.999991
65.718314648 0.696645 0.998135 0.000000 0.000000 0.000000 0.004627 0.999989
65.813969851 0.714518 0.998391 0.000000 0.000000 0.000000 0.004815 0.999988
65.860479355 0.723791 1.000260 0.000000 0.000000 0.000000 0.005085 0.999987
65.949100494 0.741601 0.999578 0.000000 0.000000 0.000000 0.005359 0.999986
66.006313324 0.753267 0.999880 0.000000 0.000000 0.000000 0.005267 0.999986
66.091695070 0.768538 0.999728 0.000000 0.000000 0.000000 0.005288 0.999986
66.150105000 0.779528 0.999411 0.000000 0.000000 0.000000 0.005455 0.999985
66.245607138 0.797531 0.998379 0.000000 0.000000 0.000000 0.005635 0.999984
66.289936066 0.805180 0.998224 0.000000 0.000000 0.000000 0.005904 0.999983
66.374847174 0.821510 0.998357 0.000000 0.000000 0.000000 0.005746 0.999983
66.427448988 0.831815 0.998222 0.000000 0.000000 0.000000 0.005564 0.999985
66.515174389 0.849258 0.998181 0.000000 0.000000 0.000000 0.005890 0.999983
66.565155268 0.859004 0.998055 0.000000 0.000000 0.000000 0.005919 0.999982
66.668905973 0.879229 0.997973 0.000000 0.000000 0.000000 0.006240 0.999981
66.720251560 0.888898 0.999276 0.000000 0.000000 0.000000 0.006187 0.999981
66.818524122 0.907962 1.000875 0.000000 0.000000 0.000000 0.006158 0.999981
66.862034321 0.914992 1.002799 0.000000 0.000000 0.000000 0.006459 0.999979
66.948162079 0.931806 1.003471 0.000000 0.000000 0.000000 0.006526 0.999979
66.998103142 0.941120 1.003206 0.000000 0.000000 0.000000 0.006824 0.999977
67.100195885 0.960379 1.004540 0.000000 0.000000 0.000000 0.007047 0.999975
67.157076359 0.970719 1.006107 0.000000 0.000000 0.000000 0.006879 0.999976
67.269846916 0.993046 1.007141 0.000000 0.000000 0.000000 0.006737 0.999977
67.325706720 1.005082 1.006865 0.000000 0.000000 0.000000 0.006769 0.999977
67.417520761 1.022413 1.006101 0.000000 0.000000 0.000000 0.006865 0.999976
67.475314379 1.032658 1.006839 0.000000 0.000000 0.000000 0.006780 0.999977
67.587245464 1.055229 1.006667 0.000000 0.000000 0.000000 0.006750 0.999977
67.657504320 1.069223 1.007777 0.000000 0.000000 0.000000 0.006831 0.999977
67.744100571 1.087081 1.008228 0.000000 0.000000 0.000000 0.006392 0.999980
67.809964418 1.099710 1.007378 0.000000 0.000000 0.000000 0.006439 0.999979
67.907867193 1.119308 1.008244 0.000000 0.000000 0.000000 0.006583 0.999978
67.955658197 1.128322 1.008825 0.000000 0.000000 0.000000 0.006598 0.999978
68.043772697 1.146652 1.009424 0.000000 0.000000 0.000000 0.006562 0.999978
68.092056751 1.155705 1.011046 0.000000 0.000000 0.000000 0.006300 0.999980
68.198954105 1.175720 1.011611 0.000000 0.000000 0.000000 0.006412 0.999979
68.239401817 1.183937 1.010824 0.000000 0.000000 0.000000 0.006479 0.999979
68.334116697 1.203072 1.011595 0.000000 0.000000 0.000000 0.006782 0.999977
68.393169165 1.215130 1.009693 0.000000 0.000000 0.000000 0.007024 0.999975
68.488315105 1.233676 1.009935 0.000000 0.000000 0.000000 0.006708 0.999978
68.548655272 1.245596 1.009102 0.000000 0.000000 0.000000 0.006669 0.999978
68.628951550 1.261424 1.010379 0.000000 0.000000 0.000000 0.006420 0.999979
68.688163757 1.272959 1.010260 0.000000 0.000000 0.000000 0.006562 0.999978
68.771270037 1.289648 1.009781 0.000000 0.000000 0.000000 0.006671 0.999978
68.824939728 1.300073 1.009528 0.000000 0.000000 0.000000 0.006803 0.999977
68.927378178 1.319398 1.008928 0.000000 0.000000 0.000000 0.006817 0.999977
68.988554239 1.331589 1.010447 0.000000 0.000000 0.000000 0.006805 0.999977
69.091393948 1.351226 1.012587 0.000000 0.000000 0.000000 0.007158 0.999974
69.142657280 1.361287 1.012940 0.000000 0.000000 0.000000 0.007047 0.999975
69.226943970 1.377793 1.012627 0.000000 0.000000 0.000000 0.006964 0.999976
69.291504383 1.390437 1.012528 0.000000 0.000000 0.000000 0.007251 0.999974
69.395749092 1.408741 1.013797 0.000000 0.000000 0.000000 0.007078 0.999975
69.444655418 1.419162 1.015301 0.000000 0.000000 0.000000 0.007207 0.999974
69.543005466 1.439809 1.016828 0.000000 0.000000 0.000000 0.007186 0.999974
69.595045090 1.449960 1.017522 0.000000 0.000000 0.000000 0.007156 0.999974
69.695927858 1.470364 1.018604 0.000000 0.000000 0.000000 0.007010 0.999975
69.753221989 1.481678 1.019452 0.000000 0.000000 0.000000 0.007008 0.999975
69.852281094 1.499995 1.020278 0.000000 0.000000 0.000000 0.007209 0.999974
69.909631014 1.510853 1.019439 0.000000 0.000000 0.000000 0.007154 0.999974
70.003495455 1.528559 1.019977 0.000000 0.000000 0.000000 0.007463 0.999972
70.055417776 1.538924 1.020368 0.000000 0.000000 0.000000 0.007460 0.999972
70.137858391 1.555329 1.019750 0.000000 0.000000 0.000000 0.007330 0.999973
70.199167728 1.566305 1.019751 0.000000 0.000000 0.000000 0.007213 0.999974
70.302878618 1.585343 1.019856 0.000000 0.000000 0.000000 0.007584 0.999971
70.369396687 1.599845 1.020637 0.000000 0.000000 0.000000 0.007747 0.999970
70.461210728 1.619979 1.021945 0.000000 0.000000 0.000000 0.007579 0.999971
70.509778738 1.629480 1.021881 0.000000 0.000000 0.000000 0.007346 0.999973
70.599387646 1.646977 1.022504 0.000000 0.000000 0.000000 0.007547 0.999972
70.656033039 1.658140 1.021752 0.000000 0.000000 0.000000 0.007277 0.999974
70.768153429 1.680279 1.022655 0.000000 0.000000 0.000000 0.007172 0.999974
70.815999985 1.690535 1.022463 0.000000 0.000000 0.000000 0.007377 0.999973
70.900581121 1.707038 1.023062 0.000000 0.000000 0.000000 0.007248 0.999974
70.955633402 1.718722 1.023540 0.000000 0.000000 0.000000 0.007255 0.999974
71.042252779 1.736570 1.023701 0.000000 0.000000 0.000000 0.007320 0.999973
71.103641987 1.748625 1.023632 0.000000 0.000000 0.000000 0.007445 0.999972
71.186776161 1.765960 1.024342 0.000000 0.000000 0.000000 0.007771 0.999970
71.250498533 1.779339 1.025100 0.000000 0.000000 0.000000 0.007589 0.999971
71.341936827 1.785283 1.027478 0.000000 0.000000 0.000000 0.016721 0.999860
71.393325806 1.791147 1.028224 0.000000 0.000000 0.000000 0.021390 0.999771
71.487019539 1.796550 1.028560 0.000000 0.000000 0.000000 0.030794 0.999526
71.537977695 1.800255 1.029029 0.000000 0.000000 0.000000 0.035833 0.999358
71.626116753 1.804668 1.029885 0.000000 0.000000 0.000000 0.044397 0.999014
71.682151079 1.806029 1.030967 0.000000 0.000000 0.000000 0.049855 0.998756
71.763496399 1.808894 1.032267 0.000000 0.000000 0.000000 0.057510 0.998345
71.820455313 1.811466 1.032925 0.000000 0.000000 0.000000 0.062563 0.998041
71.918866396 1.815964 1.034550 0.000000 0.000000 0.000000 0.072357 0.997379
71.975845575 1.819589 1.035253 0.000000 0.000000 0.000000 0.077900 0.996961
72.068582535 1.823796 1.035232 0.000000 0.000000 0.000000 0.086779 0.996228
72.122643709 1.826611 1.037426 0.000000 0.000000 0.000000 0.091456 0.995809
72.217851877 1.844655 1.041833 0.000000 0.000000 0.000000 0.091664 0.995790
72.265589714 1.854602 1.044888 0.000000 0.000000 0.000000 0.091489 0.995806
72.354194641 1.871739 1.045774 0.000000 0.000000 0.000000 0.091494 0.995806
72.403216600 1.880723 1.050626 0.000000 0.000000 0.000000 0.091643 0.995792
72.504085302 1.899903 1.055275 0.000000 0.000000 0.000000 0.091648 0.995791
72.559812546 1.911366 1.058340 0.000000 0.000000 0.000000 0.091494 0.995806
72.641114473 1.927459 1.062755 0.000000 0.000000 0.000000 0.091502 0.995805
72.695553064 1.937051 1.063782 0.000000 0.000000 0.000000 0.091337 0.995820
72.784453154 1.954638 1.067152 0.000000 0.000000 0.000000 0.091403 0.995814
72.839464188 1.958155 1.067104 0.000000 0.000000 0.000000 0.096341 0.995348
72.931765556 1.963990 1.068505 0.000000 0.000000 0.000000 0.104567 0.994518
72.986810684 1.966892 1.070234 0.000000 0.000000 0.000000 0.109594 0.993976
73.071648121 1.971602 1.071460 0.000000 0.000000 0.000000 0.117414 0.993083
73.129702330 1.974415 1.072181 0.000000 0.000000 0.000000 0.123111 0.992393
73.227200508 1.979186 1.072616 0.000000 0.000000 0.000000 0.132304 0.991209
73.271549940 1.979537 1.074543 0.000000 0.000000 0.000000 0.136593 0.990627
73.365193605 1.996850 1.081074 0.000000 0.000000 0.000000 0.136790 0.990600
73.410813332 2.004235 1.084983 0.000000 0.000000 0.000000 0.136678 0.990616
73.495560646 2.019255 1.089245 0.000000 0.000000 0.000000 0.136568 0.990631
73.549853325 2.030557 1.093034 0.000000 0.000000 0.000000 0.136350 0.990661
73.635336399 2.046257 1.099697 0.000000 0.000000 0.000000 0.136138 0.990690
73.700213671 2.058538 1.101821 0.000000 0.000000 0.000000 0.136080 0.990698
73.794411182 2.075373 1.107031 0.000000 0.000000 0.000000 0.136097 0.990695
73.851395130 2.085900 1.108934 0.000000 0.000000 0.000000 0.136102 0.990695
73.934927464 2.102790 1.112490 0.000000 0.000000 0.000000 0.135985 0.990711
73.994324923 2.106668 1.112893 0.000000 0.000000 0.000000 0.141287 0.989969
74.076428652 2.112398 1.114009 0.000000 0.000000 0.000000 0.148991 0.988839
74.138641834 2.116400 1.114726 0.000000 0.000000 0.000000 0.155049 0.987907
74.232690811 2.121582 1.116192 0.000000 0.000000 0.000000 0.164323 0.986407
74.284757137 2.124787 1.115944 0.000000 0.000000 0.000000 0.169805 0.985478
74.368963718 2.125797 1.118403 0.000000 0.000000 0.000000 0.177861 0.984056
74.424954653 2.128134 1.118805 0.000000 0.000000 0.000000 0.183311 0.983055
74.512892008 2.131665 1.120548 0.000000 0.000000 0.000000 0.191287 0.981534
74.568120718 2.141218 1.124548 0.000000 0.000000 0.000000 0.191497 0.981493
74.659038782 2.157407 1.131472 0.000000 0.000000 0.000000 0.191765 0.981441
74.720528126 2.168817 1.136635 0.000000 0.000000 0.000000 0.191395 0.981513
74.807915449 2.184301 1.142705 0.000000 0.000000 0.000000 0.191198 0.981552
74.867791891 2.195176 1.146716 0.000000 0.000000 0.000000 0.191177 0.981556
74.956265450 2.210438 1.153287 0.000000 0.000000 0.000000 0.190988 0.981592
75.006022692 2.218920 1.157545 0.000000 0.000000 0.000000 0.190919 0.981606
75.093890429 2.235178 1.164620 0.000000 0.000000 0.000000 0.191106 0.981569
75.151803017 2.244975 1.170193 0.000000 0.000000 0.000000 0.191213 0.981549
75.237923384 2.261873 1.178184 0.000000 0.000000 0.000000 0.191140 0.981563
75.289012432 2.271691 1.182932 0.000000 0.000000 0.000000 0.191301 0.981531
75.377345324 2.288319 1.189667 0.000000 0.000000 0.000000 0.191392 0.981514
75.433693886 2.299562 1.193835 0.000000 0.000000 0.000000 0.191515 0.981490
75.537194490 2.318441 1.201948 0.000000 0.000000 0.000000 0.191351 0.981522
75.586070776 2.327339 1.206256 0.000000 0.000000 0.000000 0.191487 0.981495
75.689361572 2.346250 1.213189 0.000000 0.000000 0.000000 0.191604 0.981472
75.744805098 2.355504 1.217924 0.000000 0.000000 0.000000 0.191502 0.981492
75.826009274 2.369978 1.223288 0.000000 0.000000 0.000000 0.191809 0.981432
75.899021864 2.374162 1.225460 0.000000 0.000000 0.000000 0.198478 0.980105
75.992537260 2.377819 1.227849 0.000000 0.000000 0.000000 0.207076 0.978325
76.056124210 2.379841 1.229367 0.000000 0.000000 0.000000 0.212675 0.977123
76.141805172 2.384112 1.231173 0.000000 0.000000 0.000000 0.220175 0.975460
76.196712971 2.384786 1.231305 0.000000 0.000000 0.000000 0.225009 0.974357
76.279946327 2.387298 1.235260 0.000000 0.000000 0.000000 0.232464 0.972605
76.336917877 2.391208 1.235576 0.000000 0.000000 0.000000 0.237443 0.971401
76.431858301 2.396519 1.238257 0.000000 0.000000 0.000000 0.246226 0.969212
76.487337351 2.405324 1.244188 0.000000 0.000000 0.000000 0.246164 0.969228
76.576975346 2.419337 1.253715 0.000000 0.000000 0.000000 0.246179 0.969224
76.635664701 2.428204 1.259887 0.000000 0.000000 0.000000 0.246141 0.969234
76.736702204 2.444908 1.269405 0.000000 0.000000 0.000000 0.245963 0.969279
76.784813404 2.454211 1.274639 0.000000 0.000000 0.000000 0.245834 0.969312
76.872728825 2.468848 1.283187 0.000000 0.000000 0.000000 0.245694 0.969347
76.940669060 2.479946 1.290945 0.000000 0.000000 0.000000 0.245658 0.969357
77.039191484 2.496727 1.299888 0.000000 0.000000 0.000000 0.245245 0.969461
77.091496944 2.506403 1.306794 0.000000 0.000000 0.000000 0.245060 0.969508
77.178045034 2.511577 1.310220 0.000000 0.000000 0.000000 0.252673 0.967552
77.233334064 2.514870 1.312079 0.000000 0.000000 0.000000 0.257576 0.966258
77.321522951 2.519132 1.314260 0.000000 0.000000 0.000000 0.265397 0.964139
77.385615587 2.522074 1.313934 0.000000 0.000000 0.000000 0.271567 0.962420
77.482558012 2.535919 1.323082 0.000000 0.000000 0.000000 0.271430 0.962458
77.535058022 2.544724 1.328465 0.000000 0.000000 0.000000 0.271465 0.962448
77.635596514 2.561460 1.339943 0.000000 0.000000 0.000000 0.271252 0.962508
77.687636852 2.569275 1.345625 0.000000 0.000000 0.000000 0.271234 0.962514
77.783472538 2.585451 1.356125 0.000000 0.000000 0.000000 0.271279 0.962501
77.833787918 2.594107 1.362098 0.000000 0.000000 0.000000 0.271353 0.962480
77.940711260 2.610980 1.374145 0.000000 0.000000 0.000000 0.271575 0.962417
77.985099792 2.619872 1.380122 0.000000 0.000000 0.000000 0.271617 0.962405
78.074628830 2.633414 1.390064 0.000000 0.000000 0.000000 0.271352 0.962480
78.126539230 2.642289 1.396451 0.000000 0.000000 0.000000 0.271502 0.962438
78.225707769 2.647019 1.398456 0.000000 0.000000 0.000000 0.280070 0.959980
78.287621975 2.652897 1.401257 0.000000 0.000000 0.000000 0.285402 0.958408
78.371752024 2.668791 1.409194 0.000000 0.000000 0.000000 0.285717 0.958314
78.425225496 2.678356 1.414194 0.000000 0.000000 0.000000 0.286072 0.958208
78.525620699 2.694531 1.423910 0.000000 0.000000 0.000000 0.286202 0.958169
78.588539600 2.705664 1.430730 0.000000 0.000000 0.000000 0.286254 0.958154
78.670593977 2.718891 1.438838 0.000000 0.000000 0.000000 0.286099 0.958200
78.735427380 2.729614 1.444521 0.000000 0.000000 0.000000 0.286279 0.958146
78.827690363 2.743794 1.453647 0.000000 0.000000 0.000000 0.286085 0.958204
78.889282465 2.753686 1.461350 0.000000 0.000000 0.000000 0.286103 0.958199
78.986895561 2.771251 1.472681 0.000000 0.000000 0.000000 0.285945 0.958246
79.038242817 2.779948 1.478537 0.000000 0.000000 0.000000 0.285787 0.958293
79.133278370 2.785134 1.481461 0.000000 0.000000 0.000000 0.294352 0.955697
79.188038111 2.788953 1.482904 0.000000 0.000000 0.000000 0.298958 0.954266
79.274859905 2.793865 1.486604 0.000000 0.000000 0.000000 0.306574 0.951847
79.325020790 2.800738 1.492318 0.000000 0.000000 0.000000 0.307184 0.951650
79.419587612 2.815590 1.502867 0.000000 0.000000 0.000000 0.307199 0.951645
79.476016521 2.824276 1.508339 0.000000 0.000000 0.000000 0.307126 0.951669
79.572896481 2.840047 1.519098 0.000000 0.000000 0.000000 0.307086 0.951682
79.625355482 2.848899 1.524519 0.000000 0.000000 0.000000 0.307181 0.951651
79.715934038 2.862151 1.535642 0.000000 0.000000 0.000000 0.307108 0.951675
79.766192913 2.870499 1.542212 0.000000 0.000000 0.000000 0.307236 0.951633
79.851100206 2.884112 1.551324 0.000000 0.000000 0.000000 0.307244 0.951631
79.911969662 2.894165 1.557407 0.000000 0.000000 0.000000 0.307072 0.951686
80.005322218 2.909365 1.569284 0.000000 0.000000 0.000000 0.307387 0.951584
80.049822092 2.916332 1.574939 0.000000 0.000000 0.000000 0.307436 0.951569
80.144307137 2.930276 1.583789 0.000000 0.000000 0.000000 0.307104 0.951676
80.194717646 2.938233 1.589899 0.000000 0.000000 0.000000 0.306958 0.951723
80.283586025 2.942360 1.593515 0.000000 0.000000 0.000000 0.314524 0.949249
80.339012861 2.944493 1.595652 0.000000 0.000000 0.000000 0.319144 0.947706
80.432806969 2.948532 1.599078 0.000000 0.000000 0.000000 0.327938 0.944699
80.481657505 2.949676 1.599861 0.000000 0.000000 0.000000 0.332514 0.943098
80.570667744 2.952309 1.602620 0.000000 0.000000 0.000000 0.340366 0.940293
80.629180193 2.954463 1.603468 0.000000 0.000000 0.000000 0.345586 0.938387
80.725515127 2.956257 1.605693 0.000000 0.000000 0.000000 0.353917 0.935277
80.785824299 2.957775 1.607969 0.000000 0.000000 0.000000 0.359057 0.933315
80.885531425 2.959711 1.610721 0.000000 0.000000 0.000000 0.368278 0.929716
80.931448936 2.960396 1.612005 0.000000 0.000000 0.000000 0.372249 0.928133
81.023196459 2.973671 1.622523 0.000000 0.000000 0.000000 0.372584 0.927999
81.074112654 2.979506 1.628188 0.000000 0.000000 0.000000 0.372323 0.928103
81.169610262 2.991403 1.640989 0.000000 0.000000 0.000000 0.371982 0.928240
81.221564293 2.998577 1.648136 0.000000 0.000000 0.000000 0.371798 0.928314
81.317089081 3.010960 1.661224 0.000000 0.000000 0.000000 0.371969 0.928245
81.373459816 3.019005 1.668797 0.000000 0.000000 0.000000 0.372291 0.928116
81.468533754 3.032072 1.681769 0.000000 0.000000 0.000000 0.372204 0.928151
81.523016691 3.040341 1.689536 0.000000 0.000000 0.000000 0.372080 0.928201
81.598726511 3.051678 1.700583 0.000000 0.000000 0.000000 0.372032 0.928220
81.657386780 3.054259 1.701386 0.000000 0.000000 0.000000 0.376599 0.926376
81.743980408 3.056729 1.703931 0.000000 0.000000 0.000000 0.384271 0.923220
81.802433014 3.058011 1.704477 0.000000 0.000000 0.000000 0.389642 0.920966
81.892469883 3.059410 1.707125 0.000000 0.000000 0.000000 0.397423 0.917636
81.951400280 3.061722 1.707858 0.000000 0.000000 0.000000 0.402641 0.915358
82.051398516 3.065052 1.711918 0.000000 0.000000 0.000000 0.411111 0.911585
82.098116398 3.066603 1.714120 0.000000 0.000000 0.000000 0.415090 0.909780
82.188131332 3.078223 1.726184 0.000000 0.000000 0.000000 0.415268 0.909699
82.248149872 3.086548 1.734235 0.000000 0.000000 0.000000 0.415480 0.909602
82.336132288 3.097650 1.747230 0.000000 0.000000 0.000000 0.415392 0.909642
82.396090031 3.105280 1.757046 0.000000 0.000000 0.000000 0.415364 0.909655
82.493404388 3.116783 1.770896 0.000000 0.000000 0.000000 0.415274 0.909696
82.545469284 3.124332 1.779363 0.000000 0.000000 0.000000 0.415330 0.909671
82.645762682 3.137956 1.795262 0.000000 0.000000 0.000000 0.415213 0.909724
82.703368902 3.146153 1.803041 0.000000 0.000000 0.000000 0.415108 0.909772
82.786747932 3.157060 1.815797 0.000000 0.000000 0.000000 0.415185 0.909737
82.854153395 3.165301 1.823262 0.000000 0.000000 0.000000 0.415055 0.909796
82.943068027 3.177621 1.835893 0.000000 0.000000 0.000000 0.415038 0.909804
83.009804964 3.187639 1.846859 0.000000 0.000000 0.000000 0.415174 0.909742
83.085191727 3.197346 1.857463 0.000000 0.000000 0.000000 0.415178 0.909740
83.153803349 3.207800 1.867248 0.000000 0.000000 0.000000 0.415303 0.909683
83.241653681 3.220021 1.879657 0.000000 0.000000 0.000000 0.415181 0.909739
83.297069788 3.222045 1.882461 0.000000 0.000000 0.000000 0.419540 0.907737
83.389735460 3.226316 1.885942 0.000000 0.000000 0.000000 0.427265 0.904126
83.453119040 3.227234 1.888000 0.000000 0.000000 0.000000 0.432856 0.901463
83.537900448 3.230279 1.890777 0.000000 0.000000 0.000000 0.440291 0.897855
83.597048283 3.231943 1.893233 0.000000 0.000000 0.000000 0.445416 0.895324
83.717325926 3.234108 1.897588 0.000000 0.000000 0.000000 0.455693 0.890137
83.749479055 3.234383 1.897097 0.000000 0.000000 0.000000 0.458529 0.888680
83.838826418 3.238110 1.897857 0.000000 0.000000 0.000000 0.465514 0.885041
83.901724577 3.239379 1.899806 0.000000 0.000000 0.000000 0.470627 0.882332
83.992516994 3.242886 1.903808 0.000000 0.000000 0.000000 0.478120 0.878294
84.051721573 3.243807 1.905012 0.000000 0.000000 0.000000 0.482875 0.875690
84.156426907 3.246852 1.906961 0.000000 0.000000 0.000000 0.491559 0.870845
84.200500965 3.247019 1.907825 0.000000 0.000000 0.000000 0.495102 0.868835
84.283172131 3.255599 1.919394 0.000000 0.000000 0.000000 0.495188 0.868786
84.341853619 3.261294 1.930073 0.000000 0.000000 0.000000 0.495067 0.868855
84.440338135 3.271418 1.946888 0.000000 0.000000 0.000000 0.494979 0.868905
84.490278244 3.277522 1.955047 0.000000 0.000000 0.000000 0.494937 0.868929
84.590413809 3.287159 1.971086 0.000000 0.000000 0.000000 0.494659 0.869087
84.637861252 3.290268 1.974134 0.000000 0.000000 0.000000 0.497945 0.867209
84.731191397 3.293659 1.979781 0.000000 0.000000 0.000000 0.505568 0.862787
84.795961142 3.296194 1.982217 0.000000 0.000000 0.000000 0.510685 0.859768
84.885035038 3.298623 1.984645 0.000000 0.000000 0.000000 0.517861 0.855465
84.942189693 3.304048 1.993498 0.000000 0.000000 0.000000 0.517726 0.855546
85.035698891 3.312539 2.008325 0.000000 0.000000 0.000000 0.517739 0.855539
85.087255955 3.317182 2.016353 0.000000 0.000000 0.000000 0.517635 0.855602
85.177431345 3.324783 2.031689 0.000000 0.000000 0.000000 0.517757 0.855528
85.234461546 3.330400 2.041792 0.000000 0.000000 0.000000 0.517613 0.855615
85.317269802 3.337164 2.056338 0.000000 0.000000 0.000000 0.517521 0.855671
85.371974707 3.341136 2.066803 0.000000 0.000000 0.000000 0.517595 0.855626
85.478625298 3.342825 2.073457 0.000000 0.000000 0.000000 0.525957 0.850511
85.528799295 3.343503 2.074041 0.000000 0.000000 0.000000 0.529904 0.848058
85.623463392 3.343229 2.077232 0.000000 0.000000 0.000000 0.537624 0.843185
85.673765659 3.342492 2.078618 0.000000 0.000000 0.000000 0.541358 0.840792
85.763669968 3.348116 2.092742 0.000000 0.000000 0.000000 0.541685 0.840581
85.820935726 3.352797 2.101598 0.000000 0.000000 0.000000 0.541517 0.840690
85.910727024 3.359088 2.116328 0.000000 0.000000 0.000000 0.541251 0.840861
85.964876890 3.362729 2.126197 0.000000 0.000000 0.000000 0.541161 0.840919
86.051109076 3.370225 2.141983 0.000000 0.000000 0.000000 0.540992 0.841027
86.103527308 3.373776 2.152017 0.000000 0.000000 0.000000 0.540798 0.841152
86.201452255 3.381063 2.169182 0.000000 0.000000 0.000000 0.540742 0.841189
86.242657185 3.385482 2.177414 0.000000 0.000000 0.000000 0.540813 0.841143
86.334985495 3.392644 2.193875 0.000000 0.000000 0.000000 0.540974 0.841039
86.382092714 3.393545 2.196754 0.000000 0.000000 0.000000 0.544963 0.838460
86.472083092 3.396474 2.200685 0.000000 0.000000 0.000000 0.552283 0.833656
86.523828268 3.398066 2.203827 0.000000 0.000000 0.000000 0.556376 0.830930
86.615870237 3.402751 2.210217 0.000000 0.000000 0.000000 0.563676 0.825996
86.670076370 3.404633 2.212720 0.000000 0.000000 0.000000 0.567732 0.823214
86.774803400 3.410625 2.231433 0.000000 0.000000 0.000000 0.567709 0.823230
86.820199966 3.412587 2.239857 0.000000 0.000000 0.000000 0.567816 0.823155
86.919469357 3.420120 2.257369 0.000000 0.000000 0.000000 0.567730 0.823215
86.967871189 3.423928 2.267009 0.000000 0.000000 0.000000 0.567801 0.823166
87.056761026 3.429766 2.283558 0.000000 0.000000 0.000000 0.567582 0.823317
87.109259605 3.434284 2.293617 0.000000 0.000000 0.000000 0.567413 0.823433
87.192007065 3.438782 2.308935 0.000000 0.000000 0.000000 0.567603 0.823302
87.253980637 3.444230 2.320371 0.000000 0.000000 0.000000 0.567695 0.823239
87.349741697 3.447728 2.324837 0.000000 0.000000 0.000000 0.574868 0.818246
87.405018091 3.448746 2.329661 0.000000 0.000000 0.000000 0.579418 0.815031
87.485984564 3.450460 2.333318 0.000000 0.000000 0.000000 0.585386 0.810755
87.543567896 3.449607 2.335136 0.000000 0.000000 0.000000 0.589917 0.807464
87.634330273 3.450414 2.337338 0.000000 0.000000 0.000000 0.596718 0.802451
87.686902761 3.452004 2.339171 0.000000 0.000000 0.000000 0.600706 0.799470
87.787247896 3.452886 2.344283 0.000000 0.000000 0.000000 0.608355 0.793665
87.837472916 3.454495 2.351729 0.000000 0.000000 0.000000 0.608642 0.793445
87.916748285 3.457494 2.365922 0.000000 0.000000 0.000000 0.608508 0.793548
87.986268759 3.460171 2.378753 0.000000 0.000000 0.000000 0.608596 0.793480
88.086726427 3.465087 2.396389 0.000000 0.000000 0.000000 0.608322 0.793691
88.150101423 3.468105 2.407918 0.000000 0.000000 0.000000 0.608606 0.793473
88.240933418 3.468539 2.413576 0.000000 0.000000 0.000000 0.615617 0.788046
88.297403812 3.471277 2.415840 0.000000 0.000000 0.000000 0.619459 0.785029
88.386169910 3.474383 2.419469 0.000000 0.000000 0.000000 0.625906 0.779899
88.450335503 3.474255 2.419762 0.000000 0.000000 0.000000 0.630599 0.776109
88.535275698 3.478100 2.423116 0.000000 0.000000 0.000000 0.637060 0.770814
88.605426788 3.478754 2.425271 0.000000 0.000000 0.000000 0.642105 0.766617
88.683759212 3.479805 2.428065 0.000000 0.000000 0.000000 0.647653 0.761935
88.750116110 3.482795 2.438418 0.000000 0.000000 0.000000 0.647495 0.762070
88.851769447 3.486923 2.457006 0.000000 0.000000 0.000000 0.647299 0.762236
88.916266441 3.489181 2.469027 0.000000 0.000000 0.000000 0.647245 0.762282
89.002526760 3.491672 2.485152 0.000000 0.000000 0.000000 0.646987 0.762501
89.057895184 3.493439 2.494153 0.000000 0.000000 0.000000 0.646857 0.762611
89.140100241 3.496469 2.508841 0.000000 0.000000 0.000000 0.647057 0.762442
89.195465088 3.496764 2.513015 0.000000 0.000000 0.000000 0.650910 0.759155
89.289087772 3.497283 2.518172 0.000000 0.000000 0.000000 0.657350 0.753586
89.344048738 3.498886 2.520121 0.000000 0.000000 0.000000 0.661361 0.750067
89.440391302 3.497612 2.524768 0.000000 0.000000 0.000000 0.668134 0.744041
89.492968559 3.497496 2.524015 0.000000 0.000000 0.000000 0.671453 0.741047
89.607647657 3.500136 2.545453 0.000000 0.000000 0.000000 0.671563 0.740948
89.672281504 3.501458 2.557119 0.000000 0.000000 0.000000 0.671389 0.741105
89.768073082 3.504505 2.575444 0.000000 0.000000 0.000000 0.671421 0.741077
89.829360723 3.506635 2.587775 0.000000 0.000000 0.000000 0.671533 0.740975
89.918611765 3.509236 2.604253 0.000000 0.000000 0.000000 0.671732 0.740795
89.983339548 3.510494 2.617240 0.000000 0.000000 0.000000 0.671723 0.740803
90.075467348 3.512316 2.634156 0.000000 0.000000 0.000000 0.671664 0.740856
90.136802912 3.512832 2.645320 0.000000 0.000000 0.000000 0.671676 0.740845
90.217718840 3.513741 2.660653 0.000000 0.000000 0.000000 0.671978 0.740571
90.282570362 3.514792 2.673016 0.000000 0.000000 0.000000 0.671737 0.740789
90.377734184 3.517155 2.689431 0.000000 0.000000 0.000000 0.671595 0.740918
90.428593874 3.517548 2.698415 0.000000 0.000000 0.000000 0.671535 0.740973
90.510604858 3.519804 2.714781 0.000000 0.000000 0.000000 0.671653 0.740866
90.568803549 3.521149 2.726850 0.000000 0.000000 0.000000 0.671639 0.740878
90.669097900 3.523461 2.747319 0.000000 0.000000 0.000000 0.671498 0.741007
90.734403133 3.524418 2.758899 0.000000 0.000000 0.000000 0.671448 0.741052
90.817264557 3.525582 2.774831 0.000000 0.000000 0.000000 0.671740 0.740787
90.874949217 3.526538 2.784946 0.000000 0.000000 0.000000 0.671781 0.740750
90.977848291 3.527967 2.805578 0.000000 0.000000 0.000000 0.671610 0.740905
91.038990498 3.529525 2.818264 0.000000 0.000000 0.000000 0.671549 0.740960
91.132968187 3.530348 2.837198 0.000000 0.000000 0.000000 0.671982 0.740567
91.184181929 3.531622 2.846697 0.000000 0.000000 0.000000 0.671892 0.740649
91.277483940 3.531578 2.865241 0.000000 0.000000 0.000000 0.672101 0.740459
91.333750963 3.532234 2.875435 0.000000 0.000000 0.000000 0.672033 0.740521
91.435931683 3.534008 2.895842 0.000000 0.000000 0.000000 0.672070 0.740488
91.490885019 3.535213 2.907859 0.000000 0.000000 0.000000 0.672017 0.740536
91.596405983 3.537838 2.927987 0.000000 0.000000 0.000000 0.672004 0.740548
91.657889366 3.538972 2.939247 0.000000 0.000000 0.000000 0.671894 0.740648
91.744920015 3.540288 2.955525 0.000000 0.000000 0.000000 0.671921 0.740623
91.803375244 3.542112 2.967323 0.000000 0.000000 0.000000 0.672132 0.740431
91.889576912 3.543785 2.983844 0.000000 0.000000 0.000000 0.672281 0.740296
91.950321198 3.545278 2.996977 0.000000 0.000000 0.000000 0.672212 0.740359
92.040585995 3.546679 3.014256 0.000000 0.000000 0.000000 0.672309 0.740271
92.095539570 3.548178 3.024335 0.000000 0.000000 0.000000 0.672363 0.740222
92.180634975 3.549822 3.040541 0.000000 0.000000 0.000000 0.672461 0.740133
92.233907700 3.550715 3.051645 0.000000 0.000000 0.000000 0.672720 0.739897
92.324627161 3.552544 3.069415 0.000000 0.000000 0.000000 0.672742 0.739877
92.377721786 3.553893 3.081522 0.000000 0.000000 0.000000 0.672669 0.739943
92.477380037 3.555677 3.101496 0.000000 0.000000 0.000000 0.672620 0.739988
92.527386665 3.556095 3.110935 0.000000 0.000000 0.000000 0.672653 0.739958
92.615924358 3.558504 3.127825 0.000000 0.000000 0.000000 0.672747 0.739873
92.672314167 3.559300 3.138543 0.000000 0.000000 0.000000 0.672739 0.739880
92.773890257 3.561007 3.159123 0.000000 0.000000 0.000000 0.672833 0.739794
92.833395958 3.563599 3.171221 0.000000 0.000000 0.000000 0.672840 0.739788
92.924817085 3.562978 3.188996 0.000000 0.000000 0.000000 0.672588 0.740017
92.988978386 3.564333 3.202634 0.000000 0.000000 0.000000 0.672340 0.740242
93.100240469 3.566572 3.224183 0.000000 0.000000 0.000000 0.672452 0.740141
93.152472734 3.566904 3.233162 0.000000 0.000000 0.000000 0.671803 0.740730
93.248969555 3.568756 3.253191 0.000000 0.000000 0.000000 0.671744 0.740783
93.302347898 3.568927 3.264202 0.000000 0.000000 0.000000 0.671626 0.740890
93.402684212 3.571193 3.283844 0.000000 0.000000 0.000000 0.671620 0.740896
93.454676867 3.573750 3.293434 0.000000 0.000000 0.000000 0.671596 0.740918
93.552758694 3.576142 3.311701 0.000000 0.000000 0.000000 0.671669 0.740852
93.613630056 3.577484 3.324487 0.000000 0.000000 0.000000 0.671631 0.740886
93.707502604 3.579818 3.343728 0.000000 0.000000 0.000000 0.671486 0.741017
93.764230251 3.581522 3.355765 0.000000 0.000000 0.000000 0.671549 0.740961
93.873910427 3.584564 3.377788 0.000000 0.000000 0.000000 0.671458 0.741043
93.914932251 3.586778 3.385022 0.000000 0.000000 0.000000 0.671316 0.741171
94.005584240 3.588753 3.401870 0.000000 0.000000 0.000000 0.671074 0.741390
94.060539484 3.591108 3.409808 0.000000 0.000000 0.000000 0.670962 0.741491
94.156020403 3.593172 3.428202 0.000000 0.000000 0.000000 0.670930 0.741521
94.210253716 3.594371 3.439573 0.000000 0.000000 0.000000 0.670729 0.741702
94.306135893 3.596828 3.458088 0.000000 0.000000 0.000000 0.670602 0.741817
94.372974396 3.598564 3.470361 0.000000 0.000000 0.000000 0.670735 0.741697
94.471097946 3.600022 3.488550 0.000000 0.000000 0.000000 0.670953 0.741500
94.529613972 3.600605 3.498930 0.000000 0.000000 0.000000 0.671061 0.741402
94.627149820 3.602513 3.518239 0.000000 0.000000 0.000000 0.671051 0.741411
94.671769142 3.604032 3.526667 0.000000 0.000000 0.000000 0.670958 0.741495
94.763330460 3.606587 3.544013 0.000000 0.000000 0.000000 0.670978 0.741477
94.822440624 3.607850 3.555403 0.000000 0.000000 0.000000 0.670985 0.741471
94.912670851 3.610728 3.572173 0.000000 0.000000 0.000000 0.671099 0.741368
94.978972197 3.612601 3.584058 0.000000 0.000000 0.000000 0.671027 0.741432
95.068254471 3.613786 3.603205 0.000000 0.000000 0.000000 0.670659 0.741765
95.123470068 3.614261 3.614311 0.000000 0.000000 0.000000 0.670744 0.741689
95.210581541 3.614706 3.630214 0.000000 0.000000 0.000000 0.670398 0.742002
95.261231899 3.615626 3.639545 0.000000 0.000000 0.000000 0.670343 0.742051
95.358219862 3.616890 3.657099 0.000000 0.000000 0.000000 0.670481 0.741926
95.405269146 3.616787 3.665899 0.000000 0.000000 0.000000 0.670502 0.741908
95.495450497 3.617267 3.666521 0.000000 0.000000 0.000000 0.670205 0.742176
95.556711435 3.617417 3.665625 0.000000 0.000000 0.000000 0.670041 0.742324
95.654532194 3.617156 3.666916 0.000000 0.000000 0.000000 0.669935 0.742419
95.718507051 3.618186 3.667536 0.000000 0.000000 0.000000 0.670005 0.742356
95.809733868 3.618472 3.664815 0.000000 0.000000 0.000000 0.669982 0.742377
95.869915009 3.616673 3.664380 0.000000 0.000000 0.000000 0.670061 0.742306
95.968504429 3.618736 3.665134 0.000000 0.000000 0.000000 0.669803 0.742539
96.013655424 3.619136 3.665779 0.000000 0.000000 0.000000 0.669510 0.742803
96.105460644 3.619264 3.666060 0.000000 0.000000 0.000000 0.669525 0.742790
96.151817083 3.619713 3.666020 0.000000 0.000000 0.000000 0.669507 0.742806
96.249305487 3.620455 3.665169 0.000000 0.000000 0.000000 0.669414 0.742890
96.313171148 3.620476 3.666146 0.000000 0.000000 0.000000 0.669548 0.742769
96.411842108 3.621162 3.666938 0.000000 0.000000 0.000000 0.669613 0.742710
96.483254194 3.621034 3.667653 0.000000 0.000000 0.000000 0.669630 0.742695
96.576039553 3.621249 3.669286 0.000000 0.000000 0.000000 0.669468 0.742841
96.634468794 3.622842 3.670096 0.000000 0.000000 0.000000 0.669356 0.742942
96.723625898 3.623585 3.669729 0.000000 0.000000 0.000000 0.669329 0.742966
96.781600475 3.625323 3.671963 0.000000 0.000000 0.000000 0.669379 0.742921
96.866395235 3.627131 3.673613 0.000000 0.000000 0.000000 0.669320 0.742974
96.921135187 3.626994 3.675455 0.000000 0.000000 0.000000 0.669866 0.742482
97.019036293 3.627601 3.676153 0.000000 0.000000 0.000000 0.669860 0.742487
97.060910940 3.628303 3.677315 0.000000 0.000000 0.000000 0.669786 0.742555
97.153807163 3.629171 3.677402 0.000000 0.000000 0.000000 0.669869 0.742479
97.211027622 3.629059 3.677626 0.000000 0.000000 0.000000 0.669938 0.742417
97.305245876 3.628635 3.678325 0.000000 0.000000 0.000000 0.670147 0.742228
97.364989996 3.629136 3.677704 0.000000 0.000000 0.000000 0.670427 0.741975
97.465471268 3.628027 3.676885 0.000000 0.000000 0.000000 0.670319 0.742073
97.531141281 3.627645 3.675953 0.000000 0.000000 0.000000 0.670357 0.742038
97.607466698 3.627077 3.675128 0.000000 0.000000 0.000000 0.670207 0.742174
97.670571327 3.626997 3.675189 0.000000 0.000000 0.000000 0.669868 0.742480
97.761371374 3.629171 3.673946 0.000000 0.000000 0.000000 0.669554 0.742764
97.826786518 3.628737 3.674239 0.000000 0.000000 0.000000 0.669625 0.742700
97.904732704 3.629227 3.673298 0.000000 0.000000 0.000000 0.669437 0.742869
97.972033739 3.630410 3.674164 0.000000 0.000000 0.000000 0.669229 0.743056
98.065672398 3.631209 3.674627 0.000000 0.000000 0.000000 0.669238 0.743048
98.120881319 3.631822 3.673904 0.000000 0.000000 0.000000 0.669221 0.743063
98.209275961 3.632190 3.673366 0.000000 0.000000 0.000000 0.669064 0.743205
98.266049623 3.632757 3.673453 0.000000 0.000000 0.000000 0.669223 0.743061
98.353181839 3.631884 3.673390 0.000000 0.000000 0.000000 0.669220 0.743064
98.403073549 3.632373 3.673499 0.000000 0.000000 0.000000 0.669271 0.743018
98.490382910 3.633425 3.674015 0.000000 0.000000 0.000000 0.669024 0.743241
98.542252064 3.632793 3.673851 0.000000 0.000000 0.000000 0.669029 0.743236
98.624454260 3.633453 3.674811 0.000000 0.000000 0.000000 0.669425 0.742880
98.685510397 3.633712 3.676228 0.000000 0.000000 0.000000 0.669628 0.742697
98.779605627 3.633368 3.674898 0.000000 0.000000 0.000000 0.669788 0.742552
98.838194609 3.634435 3.674816 0.000000 0.000000 0.000000 0.669932 0.742423
98.929908276 3.633826 3.675578 0.000000 0.000000 0.000000 0.669829 0.742515
98.986426353 3.632774 3.675463 0.000000 0.000000 0.000000 0.669786 0.742554
99.090990067 3.632430 3.675922 0.000000 0.000000 0.000000 0.669680 0.742650
99.137984037 3.632474 3.677642 0.000000 0.000000 0.000000 0.669599 0.742723
99.222180128 3.632916 3.677706 0.000000 0.000000 0.000000 0.669728 0.742607
99.274515629 3.632877 3.677729 0.000000 0.000000 0.000000 0.669696 0.742635
99.372492313 3.632727 3.677398 0.000000 0.000000 0.000000 0.669922 0.742432
99.430688858 3.634856 3.676991 0.000000 0.000000 0.000000 0.669886 0.742464
99.544572830 3.634601 3.678043 0.000000 0.000000 0.000000 0.669849 0.742497
99.586899042 3.633713 3.677848 0.000000 0.000000 0.000000 0.669694 0.742637
99.684531927 3.634024 3.677099 0.000000 0.000000 0.000000 0.669663 0.742665
99.732462883 3.632916 3.677345 0.000000 0.000000 0.000000 0.669608 0.742715
99.817482233 3.633067 3.678212 0.000000 0.000000 0.000000 0.669226 0.743059
99.865893364 3.632319 3.678078 0.000000 0.000000 0.000000 0.669186 0.743095
99.974117994 3.631791 3.677599 0.000000 0.000000 0.000000 0.669124 0.743151
100.008396149 3.632145 3.678226 0.000000 0.000000 0.000000 0.669097 0.743175
100.099959850 3.632207 3.678590 0.000000 0.000000 0.000000 0.669014 0.743250
100.157341719 3.632338 3.677573 0.000000 0.000000 0.000000 0.668919 0.743335
100.251402378 3.632282 3.676745 0.000000 0.000000 0.000000 0.668760 0.743478
100.296842813 3.632332 3.676968 0.000000 0.000000 0.000000 0.668714 0.743520
100.386153460 3.632412 3.676227 0.000000 0.000000 0.000000 0.668692 0.743540
100.438560963 3.632216 3.676590 0.000000 0.000000 0.000000 0.668987 0.743274
100.523025513 3.632740 3.676342 0.000000 0.000000 0.000000 0.669054 0.743214
100.578892708 3.634193 3.675887 0.000000 0.000000 0.000000 0.669118 0.743156
100.666844606 3.634107 3.675070 0.000000 0.000000 0.000000 0.669490 0.742821
100.717916250 3.633582 3.673101 0.000000 0.000000 0.000000 0.669423 0.742882
100.814438343 3.631985 3.673522 0.000000 0.000000 0.000000 0.669405 0.742897
100.859156370 3.632183 3.672576 0.000000 0.000000 0.000000 0.669446 0.742861
100.952885628 3.632674 3.671942 0.000000 0.000000 0.000000 0.669555 0.742763
101.000487804 3.631581 3.670852 0.000000 0.000000 0.000000 0.669745 0.742591
101.085479736 3.631651 3.671220 0.000000 0.000000 0.000000 0.669772 0.742567
101.136031866 3.632235 3.670568 0.000000 0.000000 0.000000 0.669772 0.742566
101.229514122 3.633756 3.670235 0.000000 0.000000 0.000000 0.669815 0.742528
101.274351120 3.633521 3.669811 0.000000 0.000000 0.000000 0.669794 0.742547
101.373620749 3.633932 3.670317 0.000000 0.000000 0.000000 0.669921 0.742432
101.426921129 3.632906 3.669463 0.000000 0.000000 0.000000 0.669910 0.742443
101.521782160 3.632081 3.669867 0.000000 0.000000 0.000000 0.669871 0.742478
101.570658922 3.631268 3.670847 0.000000 0.000000 0.000000 0.669804 0.742538
101.657437325 3.630059 3.671523 0.000000 0.000000 0.000000 0.669563 0.742755
101.713495970 3.629828 3.671362 0.000000 0.000000 0.000000 0.669228 0.743058
101.799236774 3.628287 3.670850 0.000000 0.000000 0.000000 0.669219 0.743065
101.849389791 3.629294 3.670094 0.000000 0.000000 0.000000 0.669227 0.743058
101.945839167 3.629678 3.670002 0.000000 0.000000 0.000000 0.669330 0.742965
101.999189854 3.630220 3.670471 0.000000 0.000000 0.000000 0.669626 0.742699
102.086042404 3.632095 3.671168 0.000000 0.000000 0.000000 0.669629 0.742696
102.136522293 3.632589 3.673007 0.000000 0.000000 0.000000 0.669751 0.742585
102.221495152 3.632867 3.673009 0.000000 0.000000 0.000000 0.670101 0.742270
102.276251078 3.633133 3.672134 0.000000 0.000000 0.000000 0.670041 0.742324
102.367645025 3.633948 3.672189 0.000000 0.000000 0.000000 0.670122 0.742251
102.423708200 3.635449 3.672204 0.000000 0.000000 0.000000 0.670205 0.742176
102.525077105 3.635628 3.673241 0.000000 0.000000 0.000000 0.670427 0.741976
102.574762106 3.634975 3.672632 0.000000 0.000000 0.000000 0.670270 0.742118
102.674291134 3.636050 3.672935 0.000000 0.000000 0.000000 0.670131 0.742243
