56.000000000 0.000077 0.995141 0.000000 0.000000 0.000000 0.013378 0.999911
56.092626333 0.003262 0.993771 0.000000 0.000000 0.000000 0.008522 0.999964
56.136488199 0.004335 0.995601 0.000000 0.000000 0.000000 0.006765 0.999977
56.234569073 0.004339 0.996162 0.000000 0.000000 0.000000 0.006134 0.999981
56.291095257 0.004549 0.997451 0.000000 0.000000 0.000000 0.005902 0.999983
56.384810448 0.003378 0.997394 0.000000 0.000000 0.000000 0.006022 0.999982
56.432573795 0.003885 0.997176 0.000000 0.000000 0.000000 0.005746 0.999983
56.517774343 0.005176 0.995550 0.000000 0.000000 0.000000 0.005633 0.999984
56.566277504 0.005738 0.996207 0.000000 0.000000 0.000000 0.006033 0.999982
56.658776283 0.004320 0.996875 0.000000 0.000000 0.000000 0.005947 0.999982
56.719421625 0.004965 0.997577 0.000000 0.000000 0.000000 0.006013 0.999982
56.806190968 0.006926 0.997336 0.000000 0.000000 0.000000 0.006063 0.999982
56.859033823 0.006945 0.997220 0.000000 0.000000 0.000000 0.006171 0.999981
56.956225157 0.007477 0.997729 0.000000 0.000000 0.000000 0.006228 0.999981
56.992516994 0.006879 0.998028 0.000000 0.000000 0.000000 0.006090 0.999981
57.085117579 0.007198 0.997635 0.000000 0.000000 0.000000 0.005873 0.999983
57.135342836 0.006334 0.997091 0.000000 0.000000 0.000000 0.005621 0.999984
57.226917267 0.005927 0.997361 0.000000 0.000000 0.000000 0.005460 0.999985
57.280653477 0.005474 0.997277 0.000000 0.000000 0.000000 0.005491 0.999985
57.376023293 0.006393 0.997465 0.000000 0.000000 0.000000 0.005839 0.999983
57.421943903 0.006491 0.997692 0.000000 0.000000 0.000000 0.005676 0.999984
57.506844759 0.006248 0.997662 0.000000 0.000000 0.000000 0.005861 0.999983
57.561612844 0.006847 0.998091 0.000000 0.000000 0.000000 0.005972 0.999982
57.661116600 0.007570 0.997465 0.000000 0.000000 0.000000 0.005666 0.999984
57.713097334 0.007781 0.998510 0.000000 0.000000 0.000000 0.005853 0.999983
57.818692207 0.008952 1.001459 0.000000 0.000000 0.000000 0.005761 0.999983
57.857132435 0.009475 1.001599 0.000000 0.000000 0.000000 0.005503 0.999985
57.942367077 0.008977 1.002212 0.000000 0.000000 0.000000 0.005418 0.999985
57.993121147 0.008206 1.002803 0.000000 0.000000 0.000000 0.005526 0.999985
58.084053516 0.007667 1.003249 0.000000 0.000000 0.000000 0.005469 0.999985
58.134043932 0.008002 1.002196 0.000000 0.000000 0.000000 0.005427 0.999985
58.226578236 0.007440 1.001165 0.000000 0.000000 0.000000 0.005423 0.999985
58.278188705 0.007383 1.001570 0.000000 0.000000 0.000000 0.005120 0.999987
58.375108480 0.006060 1.002004 0.000000 0.000000 0.000000 0.004777 0.999989
58.432198524 0.006683 1.001907 0.000000 0.000000 0.000000 0.004952 0.999988
58.513686180 0.005916 1.000318 0.000000 0.000000 0.000000 0.004757 0.999989
58.577755451 0.006636 1.000694 0.000000 0.000000 0.000000 0.004662 0.999989
58.663658381 0.006147 0.999749 0.000000 0.000000 0.000000 0.004405 0.999990
58.721382856 0.006526 0.998740 0.000000 0.000000 0.000000 0.004187 0.999991
58.811643362 0.006440 0.997727 0.000000 0.000000 0.000000 0.004072 0.999992
58.859117508 0.006363 0.996247 0.000000 0.000000 0.000000 0.003905 0.999992
58.954252720 0.006009 0.996189 0.000000 0.000000 0.000000 0.003791 0.999993
59.016629219 0.006933 0.995923 0.000000 0.000000 0.000000 0.004216 0.999991
59.106379747 0.006617 0.993954 0.000000 0.000000 0.000000 0.003847 0.999993
59.158839226 0.005708 0.994515 0.000000 0.000000 0.000000 0.003816 0.999993
59.239713192 0.005036 0.994682 0.000000 0.000000 0.000000 0.003920 0.999992
59.295119047 0.005823 0.993973 0.000000 0.000000 0.000000 0.003845 0.999993
59.400145054 0.005136 0.993191 0.000000 0.000000 0.000000 0.003661 0.999993
59.447155952 0.004320 0.993915 0.000000 0.000000 0.000000 0.003728 0.999993
59.543852329 0.003574 0.994393 0.000000 0.000000 0.000000 0.003780 0.999993
59.590034962 0.004135 0.993930 0.000000 0.000000 0.000000 0.003822 0.999993
59.665421247 0.003758 0.994728 0.000000 0.000000 0.000000 0.003874 0.999992
59.720851421 0.003243 0.995170 0.000000 0.000000 0.000000 0.003841 0.999993
59.805132151 0.004644 0.995511 0.000000 0.000000 0.000000 0.003806 0.999993
59.860359430 0.004839 0.995136 0.000000 0.000000 0.000000 0.003528 0.999994
59.957119226 0.004256 0.994969 0.000000 0.000000 0.000000 0.003466 0.999994
60.005816936 0.004229 0.994788 0.000000 0.000000 0.000000 0.003513 0.999994
60.089397669 0.003553 0.995388 0.000000 0.000000 0.000000 0.003416 0.999994
60.138172865 0.002563 0.994585 0.000000 0.000000 0.000000 0.003253 0.999995
60.220950127 0.002435 0.995122 0.000000 0.000000 0.000000 0.003029 0.999995
60.272440672 0.001929 0.995946 0.000000 0.000000 0.000000 0.002677 0.999996
60.365985632 0.001504 0.996615 0.000000 0.000000 0.000000 0.002423 0.999997
60.419920921 0.003241 0.996923 0.000000 0.000000 0.000000 0.002454 0.999997
60.517887354 0.003984 0.997929 0.000000 0.000000 0.000000 0.001931 0.999998
60.576246977 0.005533 1.000589 0.000000 0.000000 0.000000 0.002054 0.999998
60.661265135 0.005392 1.001855 0.000000 0.000000 0.000000 0.001837 0.999998
60.720116138 0.004540 1.004956 0.000000 0.000000 0.000000 0.001356 0.999999
60.806773424 0.004879 1.004427 0.000000 0.000000 0.000000 0.001240 0.999999
60.856551170 0.006035 1.004687 0.000000 0.000000 0.000000 0.001357 0.999999
60.954911470 0.006093 1.004336 0.000000 0.000000 0.000000 0.001149 0.999999
61.012297630 0.006843 1.004037 0.000000 0.000000 0.000000 0.001283 0.999999
61.109639168 0.007782 1.003575 0.000000 0.000000 0.000000 0.001174 0.999999
61.157109976 0.007843 1.003256 0.000000 0.000000 0.000000 0.001252 0.999999
61.239634752 0.008134 1.002598 0.000000 0.000000 0.000000 0.001171 0.999999
61.291578770 0.008582 1.002762 0.000000 0.000000 0.000000 0.001249 0.999999
61.377224922 0.008715 1.003130 0.000000 0.000000 0.000000 0.001133 0.999999
61.424571276 0.009807 1.003629 0.000000 0.000000 0.000000 0.001100 0.999999
61.517945051 0.011626 1.004864 0.000000 0.000000 0.000000 0.001071 0.999999
61.571182013 0.010864 1.005333 0.000000 0.000000 0.000000 0.001078 0.999999
61.674693108 0.010365 1.006094 0.000000 0.000000 0.000000 0.001075 0.999999
61.731230259 0.010077 1.007128 0.000000 0.000000 0.000000 0.000943 1.000000
61.823836803 0.009212 1.007983 0.000000 0.000000 0.000000 0.000750 1.000000
61.867137194 0.009025 1.008270 0.000000 0.000000 0.000000 0.000900 1.000000
61.957184315 0.010148 1.007537 0.000000 0.000000 0.000000 0.001149 0.999999
62.007257462 0.009293 1.008433 0.000000 0.000000 0.000000 0.001341 0.999999
62.096065044 0.008222 1.009252 0.000000 0.000000 0.000000 0.001247 0.999999
62.149833441 0.006957 1.009546 0.000000 0.000000 0.000000 0.001324 0.999999
62.231528997 0.022746 1.010090 0.000000 0.000000 0.000000 0.001274 0.999999
62.288254261 0.034777 1.010842 0.000000 0.000000 0.000000 0.001174 0.999999
62.372793436 0.050409 1.011179 0.000000 0.000000 0.000000 0.001287 0.999999
62.437046528 0.062764 1.012041 0.000000 0.000000 0.000000 0.001312 0.999999
62.518205643 0.078352 1.011650 0.000000 0.000000 0.000000 0.001030 0.999999
62.573649645 0.088062 1.011914 0.000000 0.000000 0.000000 0.001146 0.999999
62.658019066 0.104624 1.013713 0.000000 0.000000 0.000000 0.001175 0.999999
62.708748341 0.113677 1.013794 0.000000 0.000000 0.000000 0.001102 0.999999
62.802901506 0.132524 1.013099 0.000000 0.000000 0.000000 0.000895 1.000000
62.862125397 0.143627 1.013018 0.000000 0.000000 0.000000 0.000942 1.000000
62.944721937 0.158936 1.013348 0.000000 0.000000 0.000000 0.001249 0.999999
63.001682520 0.168936 1.012795 0.000000 0.000000 0.000000 0.001169 0.999999
63.096352816 0.187689 1.013704 0.000000 0.000000 0.000000 0.000788 1.000000
63.140980959 0.197450 1.014063 0.000000 0.000000 0.000000 0.000676 1.000000
63.224403381 0.213941 1.014610 0.000000 0.000000 0.000000 0.000499 1.000000
63.278097630 0.224993 1.014084 0.000000 0.000000 0.000000 0.000169 1.000000
63.378735542 0.245235 1.014925 0.000000 0.000000 0.000000 0.000217 1.000000
63.429337263 0.254894 1.014518 0.000000 0.000000 0.000000 0.000006 1.000000
63.507558107 0.270996 1.013796 0.000000 0.000000 0.000000 -0.000617 1.000000
63.561244726 0.279773 1.013380 0.000000 0.000000 0.000000 -0.000704 1.000000
63.651183605 0.296812 1.013150 0.000000 0.000000 0.000000 -0.000922 1.000000
63.722069025 0.310481 1.011461 0.000000 0.000000 0.000000 -0.001107 0.999999
63.818211794 0.329984 1.011452 0.000000 0.000000 0.000000 -0.001176 0.999999
63.867984533 0.339131 1.009602 0.000000 0.000000 0.000000 -0.001451 0.999999
63.954170942 0.355708 1.009556 0.000000 0.000000 0.000000 -0.001362 0.999999
64.007827759 0.365489 1.009536 0.000000 0.000000 0.000000 -0.001264 0.999999
64.098969221 0.383409 1.009444 0.000000 0.000000 0.000000 -0.001389 0.999999
64.150251389 0.392857 1.009118 0.000000 0.000000 0.000000 -0.001703 0.999999
64.240028858 0.410534 1.010155 0.000000 0.000000 0.000000 -0.001818 0.999998
64.291742325 0.421000 1.011283 0.000000 0.000000 0.000000 -0.001910 0.999998
64.384911537 0.438629 1.010202 0.000000 0.000000 0.000000 -0.001956 0.999998
64.438662767 0.449512 1.009400 0.000000 0.000000 0.000000 -0.001741 0.999998
64.529100657 0.467983 1.010656 0.000000 0.000000 0.000000 -0.001710 0.999999
64.581606388 0.478716 1.009400 0.000000 0.000000 0.000000 -0.001696 0.999999
64.666499376 0.494581 1.009423 0.000000 0.000000 0.000000 -0.001493 0.999999
64.719514608 0.505800 1.010230 0.000000 0.000000 0.000000 -0.001515 0.999999
64.801486015 0.522234 1.010760 0.000000 0.000000 0.000000 -0.001344 0.999999
64.853920698 0.533124 1.010589 0.000000 0.000000 0.000000 -0.001118 0.999999
64.943417788 0.551701 1.010003 0.000000 0.000000 0.000000 -0.001240 0.999999
64.995023489 0.564194 1.010558 0.000000 0.000000 0.000000 -0.000762 1.000000
65.076430798 0.579156 1.010166 0.000000 0.000000 0.000000 -0.000638 1.000000
65.137303352 0.591013 1.010252 0.000000 0.000000 0.000000 -0.000486 1.000000
65.235720634 0.610875 1.010833 0.000000 0.000000 0.000000 -0.000174 1.000000
65.286878586 0.620346 1.010865 0.000000 0.000000 0.000000 -0.000128 1.000000
65.388996363 0.640871 1.010799 0.000000 0.000000 0.000000 0.000293 1.000000
65.443364143 0.651743 1.010634 0.000000 0.000000 0.000000 0.000601 1.000000
65.533442974 0.668155 1.009114 0.000000 0.000000 0.000000 0.000887 1.000000
65.583643198 0.679001 1.009030 0.000000 0.000000 0.000000 0.001320 0.999999
65.666572094 0.694562 1.008745 0.000000 0.000000 0.000000 0.001611 0.999999
65.718314648 0.705657 1.008928 0.000000 0.000000 0.000000 0.001883 0.999998
65.813969851 0.724004 1.009119 0.000000 0.000000 0.000000 0.002101 0.999998
65.860479355 0.732671 1.010254 0.000000 0.000000 0.000000 0.002622 0.999997
65.949100494 0.750609 1.009794 0.000000 0.000000 0.000000 0.002655 0.999996
66.006313324 0.761361 1.009844 0.000000 0.000000 0.000000 0.002967 0.999996
66.091695070 0.777861 1.011013 0.000000 0.000000 0.000000 0.002964 0.999996
66.150105000 0.789320 1.010372 0.000000 0.000000 0.000000 0.003199 0.999995
66.245607138 0.806366 1.010227 0.000000 0.000000 0.000000 0.002958 0.999996
66.289936066 0.813689 1.010253 0.000000 0.000000 0.000000 0.003243 0.999995
66.374847174 0.829794 1.011124 0.000000 0.000000 0.000000 0.003501 0.999994
66.427448988 0.839608 1.014151 0.000000 0.000000 0.000000 0.003439 0.999994
66.515174389 0.857266 1.015525 0.000000 0.000000 0.000000 0.003498 0.999994
66.565155268 0.868335 1.016272 0.000000 0.000000 0.000000 0.003452 0.999994
66.668905973 0.887719 1.018277 0.000000 0.000000 0.000000 0.003511 0.999994
66.720251560 0.896189 1.018602 0.000000 0.000000 0.000000 0.003812 0.999993
66.818524122 0.915521 1.018777 0.000000 0.000000 0.000000 0.004128 0.999991
66.862034321 0.923849 1.019120 0.000000 0.000000 0.000000 0.004436 0.999990
66.948162079 0.939627 1.020540 0.000000 0.000000 0.000000 0.004633 0.999989
66.998103142 0.949373 1.019890 0.000000 0.000000 0.000000 0.004791 0.999989
67.100195885 0.967917 1.019681 0.000000 0.000000 0.000000 0.004808 0.999988
67.157076359 0.977505 1.019946 0.000000 0.000000 0.000000 0.005082 0.999987
67.269846916 1.000545 1.019260 0.000000 0.000000 0.000000 0.005399 0.999985
67.325706720 1.010748 1.019878 0.000000 0.000000 0.000000 0.005374 0.999986
67.417520761 1.028982 1.019146 0.000000 0.000000 0.000000 0.005678 0.999984
67.475314379 1.039667 1.018581 0.000000 0.000000 0.000000 0.005421 0.999985
67.587245464 1.062587 1.019952 0.000000 0.000000 0.000000 0.005503 0.999985
67.657504320 1.077509 1.019368 0.000000 0.000000 0.000000 0.005587 0.999984
67.744100571 1.096653 1.018395 0.000000 0.000000 0.000000 0.005256 0.999986
67.809964418 1.109533 1.019047 0.000000 0.000000 0.000000 0.005778 0.999983
67.907867193 1.129261 1.018688 0.000000 0.000000 0.000000 0.005955 0.999982
67.955658197 1.138973 1.018045 0.000000 0.000000 0.000000 0.005485 0.999985
68.043772697 1.153144 1.016898 0.000000 0.000000 0.000000 0.005249 0.999986
68.092056751 1.163243 1.016683 0.000000 0.000000 0.000000 0.005134 0.999987
68.198954105 1.184821 1.016691 0.000000 0.000000 0.000000 0.005182 0.999987
68.239401817 1.193768 1.015570 0.000000 0.000000 0.000000 0.005428 0.999985
68.334116697 1.213495 1.016203 0.000000 0.000000 0.000000 0.005898 0.999983
68.393169165 1.224448 1.016252 0.000000 0.000000 0.000000 0.005830 0.999983
68.488315105 1.243770 1.016629 0.000000 0.000000 0.000000 0.006084 0.999981
68.548655272 1.254990 1.016398 0.000000 0.000000 0.000000 0.005959 0.999982
68.628951550 1.271604 1.016207 0.000000 0.000000 0.000000 0.006014 0.999982
68.688163757 1.283329 1.015352 0.000000 0.000000 0.000000 0.005995 0.999982
68.771270037 1.299574 1.015763 0.000000 0.000000 0.000000 0.006397 0.999980
68.824939728 1.310855 1.015429 0.000000 0.000000 0.000000 0.006410 0.999979
68.927378178 1.330398 1.016059 0.000000 0.000000 0.000000 0.006318 0.999980
68.988554239 1.343146 1.017091 0.000000 0.000000 0.000000 0.006162 0.999981
69.091393948 1.363460 1.018336 0.000000 0.000000 0.000000 0.006080 0.999982
69.142657280 1.373632 1.017089 0.000000 0.000000 0.000000 0.006187 0.999981
69.226943970 1.390225 1.017737 0.000000 0.000000 0.000000 0.006258 0.999980
69.291504383 1.404108 1.016399 0.000000 0.000000 0.000000 0.006569 0.999978
69.395749092 1.425235 1.017660 0.000000 0.000000 0.000000 0.006628 0.999978
69.444655418 1.434743 1.017844 0.000000 0.000000 0.000000 0.006428 0.999979
69.543005466 1.456287 1.017253 0.000000 0.000000 0.000000 0.006322 0.999980
69.595045090 1.466584 1.016294 0.000000 0.000000 0.000000 0.007084 0.999975
69.695927858 1.486198 1.015321 0.000000 0.000000 0.000000 0.006856 0.999976
69.753221989 1.498148 1.015774 0.000000 0.000000 0.000000 0.006761 0.999977
69.852281094 1.517659 1.016522 0.000000 0.000000 0.000000 0.006612 0.999978
69.909631014 1.529626 1.017675 0.000000 0.000000 0.000000 0.006479 0.999979
70.003495455 1.547630 1.017128 0.000000 0.000000 0.000000 0.006610 0.999978
70.055417776 1.558299 1.018212 0.000000 0.000000 0.000000 0.006408 0.999979
70.137858391 1.574253 1.016868 0.000000 0.000000 0.000000 0.006316 0.999980
70.199167728 1.585813 1.017448 0.000000 0.000000 0.000000 0.006202 0.999981
70.302878618 1.605761 1.017069 0.000000 0.000000 0.000000 0.006448 0.999979
70.369396687 1.619360 1.016779 0.000000 0.000000 0.000000 0.006524 0.999979
70.461210728 1.637794 1.016291 0.000000 0.000000 0.000000 0.006660 0.999978
70.509778738 1.647559 1.015160 0.000000 0.000000 0.000000 0.006300 0.999980
70.599387646 1.665983 1.016618 0.000000 0.000000 0.000000 0.005959 0.999982
70.656033039 1.678336 1.015941 0.000000 0.000000 0.000000 0.005941 0.999982
70.768153429 1.701638 1.015557 0.000000 0.000000 0.000000 0.005921 0.999982
70.815999985 1.711610 1.015705 0.000000 0.000000 0.000000 0.005600 0.999984
70.900581121 1.727732 1.015527 0.000000 0.000000 0.000000 0.005161 0.999987
70.955633402 1.738964 1.015313 0.000000 0.000000 0.000000 0.005414 0.999985
71.042252779 1.756526 1.014944 0.000000 0.000000 0.000000 0.005527 0.999985
71.103641987 1.768713 1.016132 0.000000 0.000000 0.000000 0.005574 0.999984
71.186776161 1.786357 1.014952 0.000000 0.000000 0.000000 0.005358 0.999986
71.250498533 1.799919 1.015203 0.000000 0.000000 0.000000 0.005203 0.999986
71.341936827 1.806399 1.014644 0.000000 0.000000 0.000000 0.013446 0.999910
71.393325806 1.809505 1.014059 0.000000 0.000000 0.000000 0.018764 0.999824
71.487019539 1.815944 1.014153 0.000000 0.000000 0.000000 0.027646 0.999618
71.537977695 1.818717 1.015515 0.000000 0.000000 0.000000 0.032763 0.999463
71.626116753 1.823359 1.015929 0.000000 0.000000 0.000000 0.041672 0.999131
71.682151079 1.827289 1.015110 0.000000 0.000000 0.000000 0.046887 0.998900
71.763496399 1.831554 1.014802 0.000000 0.000000 0.000000 0.054741 0.998501
71.820455313 1.834591 1.015332 0.000000 0.000000 0.000000 0.060652 0.998159
71.918866396 1.838909 1.014219 0.000000 0.000000 0.000000 0.070106 0.997540
71.975845575 1.842094 1.013956 0.000000 0.000000 0.000000 0.075736 0.997128
72.068582535 1.847252 1.014088 0.000000 0.000000 0.000000 0.084827 0.996396
72.122643709 1.849588 1.014887 0.000000 0.000000 0.000000 0.090065 0.995936
72.217851877 1.867004 1.018943 0.000000 0.000000 0.000000 0.090316 0.995913
72.265589714 1.876248 1.020011 0.000000 0.000000 0.000000 0.090276 0.995917
72.354194641 1.892016 1.023524 0.000000 0.000000 0.000000 0.090464 0.995900
72.403216600 1.902406 1.024314 0.000000 0.000000 0.000000 0.091194 0.995833
72.504085302 1.920585 1.029525 0.000000 0.000000 0.000000 0.090914 0.995859
72.559812546 1.931477 1.031295 0.000000 0.000000 0.000000 0.090546 0.995892
72.641114473 1.947896 1.033323 0.000000 0.000000 0.000000 0.090449 0.995901
72.695553064 1.958663 1.033732 0.000000 0.000000 0.000000 0.090305 0.995914
72.784453154 1.976105 1.037678 0.000000 0.000000 0.000000 0.090468 0.995899
72.839464188 1.979871 1.037206 0.000000 0.000000 0.000000 0.095461 0.995433
72.931765556 1.984368 1.038444 0.000000 0.000000 0.000000 0.104598 0.994515
72.986810684 1.987626 1.039597 0.000000 0.000000 0.000000 0.110365 0.993891
73.071648121 1.992516 1.039925 0.000000 0.000000 0.000000 0.118271 0.992981
73.129702330 1.996069 1.042288 0.000000 0.000000 0.000000 0.124118 0.992267
73.227200508 2.000525 1.043217 0.000000 0.000000 0.000000 0.133323 0.991073
73.271549940 2.001269 1.042371 0.000000 0.000000 0.000000 0.137665 0.990479
73.365193605 2.018257 1.046968 0.000000 0.000000 0.000000 0.138325 0.990387
73.410813332 2.026891 1.049556 0.000000 0.000000 0.000000 0.138585 0.990351
73.495560646 2.043089 1.053606 0.000000 0.000000 0.000000 0.138576 0.990352
73.549853325 2.053149 1.057590 0.000000 0.000000 0.000000 0.138514 0.990360
73.635336399 2.068303 1.061365 0.000000 0.000000 0.000000 0.138605 0.990348
73.700213671 2.080655 1.063316 0.000000 0.000000 0.000000 0.138757 0.990326
73.794411182 2.096940 1.069343 0.000000 0.000000 0.000000 0.138693 0.990335
73.851395130 2.106048 1.072248 0.000000 0.000000 0.000000 0.138655 0.990341
73.934927464 2.124194 1.077517 0.000000 0.000000 0.000000 0.138447 0.990370
73.994324923 2.127483 1.079147 0.000000 0.000000 0.000000 0.143693 0.989622
74.076428652 2.132443 1.078368 0.000000 0.000000 0.000000 0.151193 0.988504
74.138641834 2.135930 1.080500 0.000000 0.000000 0.000000 0.157265 0.987556
74.232690811 2.140642 1.083161 0.000000 0.000000 0.000000 0.166267 0.986081
74.284757137 2.143762 1.082846 0.000000 0.000000 0.000000 0.171566 0.985173
74.368963718 2.147186 1.083073 0.000000 0.000000 0.000000 0.179841 0.983696
74.424954653 2.148999 1.083030 0.000000 0.000000 0.000000 0.185161 0.982708
74.512892008 2.151841 1.084597 0.000000 0.000000 0.000000 0.193519 0.981096
74.568120718 2.161444 1.087754 0.000000 0.000000 0.000000 0.193919 0.981018
74.659038782 2.177280 1.095619 0.000000 0.000000 0.000000 0.194490 0.980905
74.720528126 2.188578 1.099973 0.000000 0.000000 0.000000 0.194284 0.980945
74.807915449 2.204122 1.106769 0.000000 0.000000 0.000000 0.194438 0.980915
74.867791891 2.214598 1.111513 0.000000 0.000000 0.000000 0.194438 0.980915
74.956265450 2.230242 1.118900 0.000000 0.000000 0.000000 0.194402 0.980922
75.006022692 2.239915 1.122497 0.000000 0.000000 0.000000 0.194231 0.980956
75.093890429 2.257967 1.127869 0.000000 0.000000 0.000000 0.194304 0.980941
75.151803017 2.267651 1.130484 0.000000 0.000000 0.000000 0.194284 0.980945
75.237923384 2.283596 1.136941 0.000000 0.000000 0.000000 0.194089 0.980984
75.289012432 2.293354 1.140905 0.000000 0.000000 0.000000 0.194042 0.980993
75.377345324 2.311711 1.145676 0.000000 0.000000 0.000000 0.194436 0.980915
75.433693886 2.322953 1.151045 0.000000 0.000000 0.000000 0.194419 0.980919
75.537194490 2.341105 1.158214 0.000000 0.000000 0.000000 0.194268 0.980948
75.586070776 2.350448 1.162533 0.000000 0.000000 0.000000 0.194300 0.980942
75.689361572 2.368855 1.170016 0.000000 0.000000 0.000000 0.194174 0.980967
75.744805098 2.379965 1.175472 0.000000 0.000000 0.000000 0.194245 0.980953
75.826009274 2.395171 1.181270 0.000000 0.000000 0.000000 0.194187 0.980965
75.899021864 2.398982 1.183109 0.000000 0.000000 0.000000 0.200766 0.979639
75.992537260 2.405160 1.184962 0.000000 0.000000 0.000000 0.209815 0.977741
76.056124210 2.408091 1.187018 0.000000 0.000000 0.000000 0.215801 0.976437
76.141805172 2.412410 1.189867 0.000000 0.000000 0.000000 0.224153 0.974554
76.196712971 2.415053 1.191057 0.000000 0.000000 0.000000 0.229432 0.973325
76.279946327 2.420300 1.192536 0.000000 0.000000 0.000000 0.237432 0.971404
76.336917877 2.423476 1.193846 0.000000 0.000000 0.000000 0.243415 0.969922
76.431858301 2.427727 1.195301 0.000000 0.000000 0.000000 0.252298 0.967650
76.487337351 2.438655 1.199653 0.000000 0.000000 0.000000 0.253067 0.967449
76.576975346 2.453667 1.209288 0.000000 0.000000 0.000000 0.253301 0.967387
76.635664701 2.463582 1.215502 0.000000 0.000000 0.000000 0.253453 0.967348
76.736702204 2.480822 1.224291 0.000000 0.000000 0.000000 0.253135 0.967431
76.784813404 2.487128 1.230353 0.000000 0.000000 0.000000 0.253186 0.967418
76.872728825 2.502498 1.239579 0.000000 0.000000 0.000000 0.253165 0.967423
76.940669060 2.515586 1.246676 0.000000 0.000000 0.000000 0.253017 0.967462
77.039191484 2.532232 1.255344 0.000000 0.000000 0.000000 0.253250 0.967401
77.091496944 2.541648 1.260146 0.000000 0.000000 0.000000 0.253111 0.967437
77.178045034 2.546791 1.263022 0.000000 0.000000 0.000000 0.260808 0.965391
77.233334064 2.549962 1.264472 0.000000 0.000000 0.000000 0.265910 0.963998
77.321522951 2.554187 1.266990 0.000000 0.000000 0.000000 0.274334 0.961634
77.385615587 2.556875 1.268719 0.000000 0.000000 0.000000 0.280455 0.959867
77.482558012 2.572382 1.278046 0.000000 0.000000 0.000000 0.281173 0.959657
77.535058022 2.580013 1.283704 0.000000 0.000000 0.000000 0.281242 0.959637
77.635596514 2.596668 1.294886 0.000000 0.000000 0.000000 0.281124 0.959671
77.687636852 2.606326 1.299655 0.000000 0.000000 0.000000 0.280928 0.959729
77.783472538 2.623303 1.309132 0.000000 0.000000 0.000000 0.280846 0.959753
77.833787918 2.631349 1.315098 0.000000 0.000000 0.000000 0.280493 0.959856
77.940711260 2.648669 1.326197 0.000000 0.000000 0.000000 0.280745 0.959782
77.985099792 2.656931 1.330414 0.000000 0.000000 0.000000 0.280671 0.959804
78.074628830 2.672434 1.341021 0.000000 0.000000 0.000000 0.280394 0.959885
78.126539230 2.682370 1.346467 0.000000 0.000000 0.000000 0.280160 0.959953
78.225707769 2.684665 1.349545 0.000000 0.000000 0.000000 0.289014 0.957325
78.287621975 2.688072 1.350104 0.000000 0.000000 0.000000 0.295421 0.955367
78.371752024 2.700745 1.358221 0.000000 0.000000 0.000000 0.295630 0.955303
78.425225496 2.709275 1.363518 0.000000 0.000000 0.000000 0.295804 0.955249
78.525620699 2.724992 1.374689 0.000000 0.000000 0.000000 0.295953 0.955202
78.588539600 2.734629 1.379758 0.000000 0.000000 0.000000 0.295805 0.955248
78.670593977 2.746900 1.387489 0.000000 0.000000 0.000000 0.295922 0.955212
78.735427380 2.757255 1.394356 0.000000 0.000000 0.000000 0.296249 0.955111
78.827690363 2.772711 1.405364 0.000000 0.000000 0.000000 0.296439 0.955052
78.889282465 2.782668 1.412385 0.000000 0.000000 0.000000 0.296484 0.955038
78.986895561 2.797908 1.423552 0.000000 0.000000 0.000000 0.296128 0.955148
79.038242817 2.806720 1.430456 0.000000 0.000000 0.000000 0.295850 0.955234
79.133278370 2.811194 1.433284 0.000000 0.000000 0.000000 0.304250 0.952592
79.188038111 2.814051 1.435415 0.000000 0.000000 0.000000 0.309171 0.951007
79.274859905 2.817066 1.438862 0.000000 0.000000 0.000000 0.317361 0.948305
79.325020790 2.825733 1.445380 0.000000 0.000000 0.000000 0.317722 0.948184
79.419587612 2.840877 1.456887 0.000000 0.000000 0.000000 0.317688 0.948195
79.476016521 2.850226 1.463843 0.000000 0.000000 0.000000 0.317786 0.948163
79.572896481 2.863801 1.474395 0.000000 0.000000 0.000000 0.317694 0.948193
79.625355482 2.872766 1.480142 0.000000 0.000000 0.000000 0.317837 0.948145
79.715934038 2.885830 1.489995 0.000000 0.000000 0.000000 0.318093 0.948060
79.766192913 2.894238 1.495545 0.000000 0.000000 0.000000 0.318376 0.947965
79.851100206 2.907184 1.505422 0.000000 0.000000 0.000000 0.318352 0.947973
79.911969662 2.916265 1.514433 0.000000 0.000000 0.000000 0.318172 0.948033
80.005322218 2.931558 1.524241 0.000000 0.000000 0.000000 0.318145 0.948042
80.049822092 2.938803 1.528848 0.000000 0.000000 0.000000 0.318123 0.948050
80.144307137 2.953015 1.540247 0.000000 0.000000 0.000000 0.318215 0.948019
80.194717646 2.961778 1.546626 0.000000 0.000000 0.000000 0.318488 0.947927
80.283586025 2.965590 1.549374 0.000000 0.000000 0.000000 0.326424 0.945224
80.339012861 2.968045 1.551340 0.000000 0.000000 0.000000 0.331480 0.943462
80.432806969 2.970893 1.554594 0.000000 0.000000 0.000000 0.340066 0.940402
80.481657505 2.973200 1.555216 0.000000 0.000000 0.000000 0.345203 0.938528
80.570667744 2.976421 1.556836 0.000000 0.000000 0.000000 0.353810 0.935317
80.629180193 2.981081 1.558054 0.000000 0.000000 0.000000 0.359537 0.933131
80.725515127 2.985161 1.559598 0.000000 0.000000 0.000000 0.368077 0.929795
80.785824299 2.987109 1.560818 0.000000 0.000000 0.000000 0.373760 0.927526
80.885531425 2.992269 1.563970 0.000000 0.000000 0.000000 0.383282 0.923631
80.931448936 2.995058 1.562134 0.000000 0.000000 0.000000 0.388114 0.921612
81.023196459 3.006943 1.574095 0.000000 0.000000 0.000000 0.388667 0.921378
81.074112654 3.012653 1.580785 0.000000 0.000000 0.000000 0.388941 0.921263
81.169610262 3.025948 1.594184 0.000000 0.000000 0.000000 0.389037 0.921222
81.221564293 3.034132 1.602558 0.000000 0.000000 0.000000 0.388914 0.921274
81.317089081 3.047333 1.615706 0.000000 0.000000 0.000000 0.388792 0.921326
81.373459816 3.056584 1.624664 0.000000 0.000000 0.000000 0.388862 0.921296
81.468533754 3.069716 1.637919 0.000000 0.000000 0.000000 0.388719 0.921357
81.523016691 3.078158 1.645436 0.000000 0.000000 0.000000 0.388555 0.921425
81.598726511 3.088461 1.656508 0.000000 0.000000 0.000000 0.388502 0.921448
81.657386780 3.092502 1.659576 0.000000 0.000000 0.000000 0.393427 0.919356
81.743980408 3.096511 1.664259 0.000000 0.000000 0.000000 0.400658 0.916228
81.802433014 3.098756 1.666352 0.000000 0.000000 0.000000 0.406097 0.913830
81.892469883 3.101530 1.671116 0.000000 0.000000 0.000000 0.414538 0.910032
81.951400280 3.103849 1.672171 0.000000 0.000000 0.000000 0.419938 0.907553
82.051398516 3.106104 1.676281 0.000000 0.000000 0.000000 0.428653 0.903469
82.098116398 3.107805 1.677977 0.000000 0.000000 0.000000 0.432754 0.901512
82.188131332 3.118276 1.691112 0.000000 0.000000 0.000000 0.433422 0.901191
82.248149872 3.124857 1.699709 0.000000 0.000000 0.000000 0.433660 0.901077
82.336132288 3.135656 1.713260 0.000000 0.000000 0.000000 0.433122 0.901335
82.396090031 3.143103 1.722616 0.000000 0.000000 0.000000 0.433139 0.901327
82.493404388 3.154757 1.738198 0.000000 0.000000 0.000000 0.433037 0.901376
82.545469284 3.160743 1.746554 0.000000 0.000000 0.000000 0.433039 0.901375
82.645762682 3.173718 1.762149 0.000000 0.000000 0.000000 0.433227 0.901285
82.703368902 3.180905 1.771856 0.000000 0.000000 0.000000 0.433244 0.901276
82.786747932 3.191831 1.784877 0.000000 0.000000 0.000000 0.433474 0.901166
82.854153395 3.199811 1.796074 0.000000 0.000000 0.000000 0.433666 0.901074
82.943068027 3.210682 1.810478 0.000000 0.000000 0.000000 0.433674 0.901070
83.009804964 3.219223 1.821678 0.000000 0.000000 0.000000 0.433758 0.901030
83.085191727 3.227872 1.833812 0.000000 0.000000 0.000000 0.433562 0.901124
83.153803349 3.236454 1.843643 0.000000 0.000000 0.000000 0.433612 0.901099
83.241653681 3.247326 1.856857 0.000000 0.000000 0.000000 0.433604 0.901103
83.297069788 3.248994 1.860543 0.000000 0.000000 0.000000 0.438065 0.898944
83.389735460 3.251326 1.863434 0.000000 0.000000 0.000000 0.446085 0.894991
83.453119040 3.252783 1.865537 0.000000 0.000000 0.000000 0.451576 0.892233
83.537900448 3.254598 1.869413 0.000000 0.000000 0.000000 0.458777 0.888551
83.597048283 3.255855 1.870436 0.000000 0.000000 0.000000 0.463987 0.885842
83.717325926 3.260086 1.875040 0.000000 0.000000 0.000000 0.474526 0.880241
83.749479055 3.262180 1.873962 0.000000 0.000000 0.000000 0.477494 0.878635
83.838826418 3.263676 1.878175 0.000000 0.000000 0.000000 0.485179 0.874415
83.901724577 3.264500 1.880135 0.000000 0.000000 0.000000 0.490488 0.871448
83.992516994 3.265526 1.883629 0.000000 0.000000 0.000000 0.498442 0.866923
84.051721573 3.267875 1.886979 0.000000 0.000000 0.000000 0.503906 0.863759
84.156426907 3.270564 1.891742 0.000000 0.000000 0.000000 0.512911 0.858442
84.200500965 3.271158 1.894114 0.000000 0.000000 0.000000 0.517019 0.855974
84.283172131 3.277464 1.907022 0.000000 0.000000 0.000000 0.517604 0.855620
84.341853619 3.283431 1.918231 0.000000 0.000000 0.000000 0.517337 0.855782
84.440338135 3.292311 1.934874 0.000000 0.000000 0.000000 0.517720 0.855550
84.490278244 3.298045 1.944801 0.000000 0.000000 0.000000 0.517582 0.855634
84.590413809 3.307257 1.961972 0.000000 0.000000 0.000000 0.517626 0.855607
84.637861252 3.309110 1.964722 0.000000 0.000000 0.000000 0.521160 0.853459
84.731191397 3.310157 1.969343 0.000000 0.000000 0.000000 0.528772 0.848764
84.795961142 3.311590 1.972141 0.000000 0.000000 0.000000 0.534220 0.845345
84.885035038 3.312620 1.976809 0.000000 0.000000 0.000000 0.541667 0.840593
84.942189693 3.317253 1.985396 0.000000 0.000000 0.000000 0.541829 0.840489
85.035698891 3.323594 2.000389 0.000000 0.000000 0.000000 0.541930 0.840424
85.087255955 3.327746 2.008402 0.000000 0.000000 0.000000 0.542142 0.840287
85.177431345 3.335646 2.024186 0.000000 0.000000 0.000000 0.541925 0.840427
85.234461546 3.340072 2.034347 0.000000 0.000000 0.000000 0.541914 0.840434
85.317269802 3.346562 2.049693 0.000000 0.000000 0.000000 0.541561 0.840662
85.371974707 3.351594 2.058352 0.000000 0.000000 0.000000 0.541309 0.840824
85.478625298 3.353983 2.063353 0.000000 0.000000 0.000000 0.549812 0.835288
85.528799295 3.355530 2.065432 0.000000 0.000000 0.000000 0.554302 0.832316
85.623463392 3.357562 2.069880 0.000000 0.000000 0.000000 0.561736 0.827317
85.673765659 3.355635 2.072841 0.000000 0.000000 0.000000 0.565830 0.824522
85.763669968 3.362095 2.087940 0.000000 0.000000 0.000000 0.566331 0.824178
85.820935726 3.367169 2.098166 0.000000 0.000000 0.000000 0.566637 0.823968
85.910727024 3.372243 2.113423 0.000000 0.000000 0.000000 0.566752 0.823888
85.964876890 3.375378 2.123577 0.000000 0.000000 0.000000 0.566628 0.823974
86.051109076 3.381225 2.138679 0.000000 0.000000 0.000000 0.566389 0.824138
86.103527308 3.383986 2.147871 0.000000 0.000000 0.000000 0.566141 0.824308
86.201452255 3.390660 2.165236 0.000000 0.000000 0.000000 0.565922 0.824458
86.242657185 3.392822 2.173214 0.000000 0.000000 0.000000 0.565834 0.824519
86.334985495 3.398557 2.190661 0.000000 0.000000 0.000000 0.565870 0.824495
86.382092714 3.401078 2.194882 0.000000 0.000000 0.000000 0.569529 0.821971
86.472083092 3.402220 2.199083 0.000000 0.000000 0.000000 0.576689 0.816964
86.523828268 3.402851 2.202485 0.000000 0.000000 0.000000 0.580570 0.814210
86.615870237 3.404850 2.206854 0.000000 0.000000 0.000000 0.587660 0.809108
86.670076370 3.405127 2.208777 0.000000 0.000000 0.000000 0.592292 0.805724
86.774803400 3.409868 2.227434 0.000000 0.000000 0.000000 0.592782 0.805363
86.820199966 3.411287 2.235899 0.000000 0.000000 0.000000 0.593131 0.805106
86.919469357 3.417197 2.254594 0.000000 0.000000 0.000000 0.593275 0.805000
86.967871189 3.419880 2.263082 0.000000 0.000000 0.000000 0.593290 0.804989
87.056761026 3.424034 2.279946 0.000000 0.000000 0.000000 0.593177 0.805072
87.109259605 3.426733 2.290572 0.000000 0.000000 0.000000 0.593128 0.805108
87.192007065 3.431213 2.306562 0.000000 0.000000 0.000000 0.593287 0.804991
87.253980637 3.434166 2.318002 0.000000 0.000000 0.000000 0.593038 0.805174
87.349741697 3.436471 2.324722 0.000000 0.000000 0.000000 0.600400 0.799700
87.405018091 3.437721 2.329251 0.000000 0.000000 0.000000 0.604929 0.796279
87.485984564 3.438607 2.333682 0.000000 0.000000 0.000000 0.611179 0.791492
87.543567896 3.438268 2.336219 0.000000 0.000000 0.000000 0.615340 0.788262
87.634330273 3.438929 2.342242 0.000000 0.000000 0.000000 0.622358 0.782733
87.686902761 3.438696 2.344235 0.000000 0.000000 0.000000 0.626290 0.779590
87.787247896 3.439689 2.348906 0.000000 0.000000 0.000000 0.634355 0.773042
87.837472916 3.440768 2.358220 0.000000 0.000000 0.000000 0.634788 0.772686
87.916748285 3.443580 2.373306 0.000000 0.000000 0.000000 0.634790 0.772685
87.986268759 3.447965 2.386381 0.000000 0.000000 0.000000 0.634800 0.772677
88.086726427 3.451159 2.405129 0.000000 0.000000 0.000000 0.634833 0.772650
88.150101423 3.453931 2.417084 0.000000 0.000000 0.000000 0.634769 0.772702
88.240933418 3.454587 2.421766 0.000000 0.000000 0.000000 0.641233 0.767346
88.297403812 3.454050 2.426589 0.000000 0.000000 0.000000 0.645387 0.763856
88.386169910 3.453329 2.431027 0.000000 0.000000 0.000000 0.651664 0.758508
88.450335503 3.454240 2.433019 0.000000 0.000000 0.000000 0.656557 0.754276
88.535275698 3.454587 2.437966 0.000000 0.000000 0.000000 0.662835 0.748765
88.605426788 3.453771 2.442407 0.000000 0.000000 0.000000 0.668042 0.744124
88.683759212 3.454907 2.446132 0.000000 0.000000 0.000000 0.673658 0.739044
88.750116110 3.455680 2.457923 0.000000 0.000000 0.000000 0.673783 0.738929
88.851769447 3.457887 2.477949 0.000000 0.000000 0.000000 0.673526 0.739164
88.916266441 3.460384 2.490749 0.000000 0.000000 0.000000 0.673288 0.739381
89.002526760 3.463721 2.507185 0.000000 0.000000 0.000000 0.673542 0.739149
89.057895184 3.465724 2.517449 0.000000 0.000000 0.000000 0.673437 0.739245
89.140100241 3.468434 2.533806 0.000000 0.000000 0.000000 0.673363 0.739312
89.195465088 3.469164 2.539636 0.000000 0.000000 0.000000 0.677586 0.735443
89.289087772 3.469442 2.545096 0.000000 0.000000 0.000000 0.684129 0.729361
89.344048738 3.469697 2.547559 0.000000 0.000000 0.000000 0.688032 0.725680
89.440391302 3.469717 2.553167 0.000000 0.000000 0.000000 0.695065 0.718947
89.492968559 3.469918 2.555247 0.000000 0.000000 0.000000 0.698674 0.715440
89.607647657 3.470738 2.576831 0.000000 0.000000 0.000000 0.698918 0.715202
89.672281504 3.471627 2.589238 0.000000 0.000000 0.000000 0.698872 0.715246
89.768073082 3.472485 2.607852 0.000000 0.000000 0.000000 0.698848 0.715270
89.829360723 3.472801 2.619012 0.000000 0.000000 0.000000 0.698915 0.715204
89.918611765 3.474044 2.635844 0.000000 0.000000 0.000000 0.699200 0.714926
89.983339548 3.474948 2.648136 0.000000 0.000000 0.000000 0.699145 0.714980
90.075467348 3.475503 2.667083 0.000000 0.000000 0.000000 0.699239 0.714888
90.136802912 3.477665 2.679673 0.000000 0.000000 0.000000 0.698931 0.715189
90.217718840 3.478333 2.696017 0.000000 0.000000 0.000000 0.698969 0.715152
90.282570362 3.479412 2.708483 0.000000 0.000000 0.000000 0.699171 0.714954
90.377734184 3.481402 2.727127 0.000000 0.000000 0.000000 0.698916 0.715204
90.428593874 3.484460 2.736288 0.000000 0.000000 0.000000 0.698776 0.715341
90.510604858 3.486110 2.752782 0.000000 0.000000 0.000000 0.698880 0.715239
90.568803549 3.486643 2.764493 0.000000 0.000000 0.000000 0.698909 0.715210
90.669097900 3.487708 2.784922 0.000000 0.000000 0.000000 0.698782 0.715335
90.734403133 3.487809 2.798512 0.000000 0.000000 0.000000 0.698825 0.715292
90.817264557 3.488187 2.814638 0.000000 0.000000 0.000000 0.698837 0.715281
90.874949217 3.488171 2.826958 0.000000 0.000000 0.000000 0.699062 0.715061
90.977848291 3.489926 2.846760 0.000000 0.000000 0.000000 0.699193 0.714933
91.038990498 3.490051 2.860067 0.000000 0.000000 0.000000 0.699218 0.714908
91.132968187 3.490802 2.879277 0.000000 0.000000 0.000000 0.699196 0.714930
91.184181929 3.491025 2.890665 0.000000 0.000000 0.000000 0.698977 0.715145
91.277483940 3.490291 2.910674 0.000000 0.000000 0.000000 0.699198 0.714928
91.333750963 3.492310 2.921938 0.000000 0.000000 0.000000 0.699133 0.714992
91.435931683 3.493140 2.941815 0.000000 0.000000 0.000000 0.699072 0.715051
91.490885019 3.494224 2.955101 0.000000 0.000000 0.000000 0.699017 0.715105
91.596405983 3.493591 2.976231 0.000000 0.000000 0.000000 0.698960 0.715161
91.657889366 3.493512 2.989186 0.000000 0.000000 0.000000 0.699086 0.715038
91.744920015 3.494186 3.006599 0.000000 0.000000 0.000000 0.699103 0.715021
91.803375244 3.496790 3.018064 0.000000 0.000000 0.000000 0.699163 0.714962
91.889576912 3.495996 3.038289 0.000000 0.000000 0.000000 0.699590 0.714545
91.950321198 3.496224 3.051119 0.000000 0.000000 0.000000 0.699331 0.714798
92.040585995 3.496423 3.068173 0.000000 0.000000 0.000000 0.699518 0.714615
92.095539570 3.496071 3.078258 0.000000 0.000000 0.000000 0.699528 0.714606
92.180634975 3.495584 3.094442 0.000000 0.000000 0.000000 0.699826 0.714313
92.233907700 3.495699 3.104547 0.000000 0.000000 0.000000 0.700013 0.714130
92.324627161 3.495146 3.122652 0.000000 0.000000 0.000000 0.699786 0.714353
92.377721786 3.495271 3.134312 0.000000 0.000000 0.000000 0.699787 0.714351
92.477380037 3.495271 3.153384 0.000000 0.000000 0.000000 0.699759 0.714379
92.527386665 3.495147 3.164332 0.000000 0.000000 0.000000 0.699598 0.714537
92.615924358 3.495124 3.182222 0.000000 0.000000 0.000000 0.699444 0.714687
92.672314167 3.494407 3.193007 0.000000 0.000000 0.000000 0.699479 0.714653
92.773890257 3.494755 3.213147 0.000000 0.000000 0.000000 0.699502 0.714631
92.833395958 3.495670 3.226801 0.000000 0.000000 0.000000 0.699473 0.714659
92.924817085 3.496630 3.245465 0.000000 0.000000 0.000000 0.699404 0.714727
92.988978386 3.496919 3.258607 0.000000 0.000000 0.000000 0.699042 0.715081
93.100240469 3.497405 3.281482 0.000000 0.000000 0.000000 0.699206 0.714920
93.152472734 3.496933 3.291089 0.000000 0.000000 0.000000 0.699166 0.714960
93.248969555 3.494268 3.310283 0.000000 0.000000 0.000000 0.699044 0.715079
93.302347898 3.494068 3.321019 0.000000 0.000000 0.000000 0.698821 0.715297
93.402684212 3.493879 3.340117 0.000000 0.000000 0.000000 0.698667 0.715447
93.454676867 3.493296 3.348971 0.000000 0.000000 0.000000 0.698512 0.715599
93.552758694 3.493344 3.368070 0.000000 0.000000 0.000000 0.698588 0.715524
93.613630056 3.494330 3.378748 0.000000 0.000000 0.000000 0.698617 0.715496
93.707502604 3.494263 3.397334 0.000000 0.000000 0.000000 0.698475 0.715635
93.764230251 3.494585 3.408069 0.000000 0.000000 0.000000 0.698226 0.715877
93.873910427 3.494569 3.428666 0.000000 0.000000 0.000000 0.698341 0.715766
93.914932251 3.495957 3.437680 0.000000 0.000000 0.000000 0.698348 0.715759
94.005584240 3.497307 3.454292 0.000000 0.000000 0.000000 0.698077 0.716023
94.060539484 3.496961 3.464930 0.000000 0.000000 0.000000 0.697983 0.716114
94.156020403 3.498655 3.483218 0.000000 0.000000 0.000000 0.697829 0.716264
94.210253716 3.499467 3.494475 0.000000 0.000000 0.000000 0.697656 0.716433
94.306135893 3.499009 3.513518 0.000000 0.000000 0.000000 0.697612 0.716476
94.372974396 3.499123 3.523865 0.000000 0.000000 0.000000 0.697520 0.716565
94.471097946 3.499282 3.543344 0.000000 0.000000 0.000000 0.697579 0.716508
94.529613972 3.501363 3.554652 0.000000 0.000000 0.000000 0.697559 0.716527
94.627149820 3.502579 3.573826 0.000000 0.000000 0.000000 0.697374 0.716707
94.671769142 3.503243 3.582223 0.000000 0.000000 0.000000 0.697303 0.716776
94.763330460 3.503613 3.599193 0.000000 0.000000 0.000000 0.697242 0.716835
94.822440624 3.504200 3.611470 0.000000 0.000000 0.000000 0.697191 0.716885
94.912670851 3.505252 3.628536 0.000000 0.000000 0.000000 0.697161 0.716915
94.978972197 3.507057 3.640370 0.000000 0.000000 0.000000 0.697061 0.717012
95.068254471 3.507515 3.660258 0.000000 0.000000 0.000000 0.696872 0.717196
95.123470068 3.508352 3.672010 0.000000 0.000000 0.000000 0.697046 0.717027
95.210581541 3.508651 3.689234 0.000000 0.000000 0.000000 0.697047 0.717026
95.261231899 3.509349 3.699659 0.000000 0.000000 0.000000 0.697078 0.716995
95.358219862 3.510702 3.717473 0.000000 0.000000 0.000000 0.697171 0.716904
95.405269146 3.512231 3.728138 0.000000 0.000000 0.000000 0.697098 0.716976
95.495450497 3.511299 3.728323 0.000000 0.000000 0.000000 0.697100 0.716974
95.556711435 3.510297 3.728784 0.000000 0.000000 0.000000 0.697159 0.716916
95.654532194 3.509153 3.728315 0.000000 0.000000 0.000000 0.696964 0.717106
95.718507051 3.509842 3.730070 0.000000 0.000000 0.000000 0.696925 0.717144
95.809733868 3.511820 3.730146 0.000000 0.000000 0.000000 0.696867 0.717201
95.869915009 3.511302 3.730297 0.000000 0.000000 0.000000 0.696916 0.717153
95.968504429 3.511633 3.728760 0.000000 0.000000 0.000000 0.696933 0.717137
96.013655424 3.511851 3.728543 0.000000 0.000000 0.000000 0.696786 0.717279
96.105460644 3.512933 3.728193 0.000000 0.000000 0.000000 0.696725 0.717339
96.151817083 3.513464 3.727384 0.000000 0.000000 0.000000 0.696668 0.717393
96.249305487 3.513628 3.726813 0.000000 0.000000 0.000000 0.696934 0.717136
96.313171148 3.514274 3.726455 0.000000 0.000000 0.000000 0.697135 0.716940
96.411842108 3.513186 3.726507 0.000000 0.000000 0.000000 0.697028 0.717044
96.483254194 3.513774 3.726184 0.000000 0.000000 0.000000 0.697157 0.716918
96.576039553 3.515328 3.726127 0.000000 0.000000 0.000000 0.697242 0.716836
96.634468794 3.515173 3.727500 0.000000 0.000000 0.000000 0.697189 0.716887
96.723625898 3.515664 3.727086 0.000000 0.000000 0.000000 0.696997 0.717074
96.781600475 3.515815 3.726548 0.000000 0.000000 0.000000 0.697088 0.716985
96.866395235 3.514666 3.725965 0.000000 0.000000 0.000000 0.696812 0.717254
96.921135187 3.513829 3.724828 0.000000 0.000000 0.000000 0.696891 0.717177
97.019036293 3.515246 3.724971 0.000000 0.000000 0.000000 0.696970 0.717100
97.060910940 3.515667 3.724291 0.000000 0.000000 0.000000 0.697276 0.716803
97.153807163 3.514590 3.724571 0.000000 0.000000 0.000000 0.696889 0.717179
97.211027622 3.515204 3.724702 0.000000 0.000000 0.000000 0.696792 0.717273
97.305245876 3.515749 3.725369 0.000000 0.000000 0.000000 0.696855 0.717212
97.364989996 3.515819 3.726945 0.000000 0.000000 0.000000 0.697112 0.716962
97.465471268 3.516463 3.725993 0.000000 0.000000 0.000000 0.697099 0.716975
97.531141281 3.517439 3.725748 0.000000 0.000000 0.000000 0.697116 0.716958
97.607466698 3.519169 3.724603 0.000000 0.000000 0.000000 0.696885 0.717183
97.670571327 3.518237 3.725270 0.000000 0.000000 0.000000 0.696892 0.717176
97.761371374 3.518597 3.725042 0.000000 0.000000 0.000000 0.696716 0.717347
97.826786518 3.518913 3.725807 0.000000 0.000000 0.000000 0.696794 0.717271
97.904732704 3.519167 3.726780 0.000000 0.000000 0.000000 0.696792 0.717273
97.972033739 3.518745 3.726962 0.000000 0.000000 0.000000 0.696759 0.717305
98.065672398 3.518691 3.726768 0.000000 0.000000 0.000000 0.696525 0.717533
98.120881319 3.517939 3.726807 0.000000 0.000000 0.000000 0.696451 0.717605
98.209275961 3.517759 3.726874 0.000000 0.000000 0.000000 0.696499 0.717558
98.266049623 3.517052 3.726744 0.000000 0.000000 0.000000 0.696546 0.717512
98.353181839 3.517281 3.727960 0.000000 0.000000 0.000000 0.696403 0.717651
98.403073549 3.518145 3.728477 0.000000 0.000000 0.000000 0.696298 0.717753
98.490382910 3.518517 3.726891 0.000000 0.000000 0.000000 0.696192 0.717855
98.542252064 3.518590 3.725849 0.000000 0.000000 0.000000 0.696006 0.718036
98.624454260 3.518692 3.726319 0.000000 0.000000 0.000000 0.696028 0.718014
98.685510397 3.519458 3.726389 0.000000 0.000000 0.000000 0.695994 0.718047
98.779605627 3.520438 3.726318 0.000000 0.000000 0.000000 0.695857 0.718181
98.838194609 3.520308 3.726413 0.000000 0.000000 0.000000 0.695896 0.718142
98.929908276 3.519799 3.725096 0.000000 0.000000 0.000000 0.695898 0.718141
98.986426353 3.518490 3.724726 0.000000 0.000000 0.000000 0.696114 0.717931
99.090990067 3.518166 3.724428 0.000000 0.000000 0.000000 0.696093 0.717951
99.137984037 3.517490 3.724151 0.000000 0.000000 0.000000 0.696332 0.717719
99.222180128 3.517797 3.724777 0.000000 0.000000 0.000000 0.696323 0.717729
99.274515629 3.517397 3.725647 0.000000 0.000000 0.000000 0.696438 0.717617
99.372492313 3.517473 3.727318 0.000000 0.000000 0.000000 0.696492 0.717565
99.430688858 3.516878 3.727481 0.000000 0.000000 0.000000 0.696608 0.717452
99.544572830 3.516052 3.727371 0.000000 0.000000 0.000000 0.696715 0.717348
99.586899042 3.516171 3.728689 0.000000 0.000000 0.000000 0.696682 0.717380
99.684531927 3.515522 3.729008 0.000000 0.000000 0.000000 0.696851 0.717216
99.732462883 3.513646 3.728379 0.000000 0.000000 0.000000 0.696988 0.717083
99.817482233 3.511886 3.726684 0.000000 0.000000 0.000000 0.696963 0.717107
99.865893364 3.511149 3.726271 0.000000 0.000000 0.000000 0.696902 0.717167
99.974117994 3.511351 3.725874 0.000000 0.000000 0.000000 0.696774 0.717291
100.008396149 3.512382 3.724991 0.000000 0.000000 0.000000 0.696850 0.717217
100.099959850 3.512206 3.724584 0.000000 0.000000 0.000000 0.696848 0.717219
100.157341719 3.512020 3.724579 0.000000 0.000000 0.000000 0.696568 0.717491
100.251402378 3.511351 3.724800 0.000000 0.000000 0.000000 0.696461 0.717595
100.296842813 3.509910 3.726326 0.000000 0.000000 0.000000 0.696537 0.717521
100.386153460 3.508783 3.726710 0.000000 0.000000 0.000000 0.696392 0.717661
100.438560963 3.509202 3.725861 0.000000 0.000000 0.000000 0.696319 0.717732
100.523025513 3.510320 3.725500 0.000000 0.000000 0.000000 0.696151 0.717896
100.578892708 3.509939 3.726575 0.000000 0.000000 0.000000 0.696089 0.717956
100.666844606 3.509952 3.725980 0.000000 0.000000 0.000000 0.696128 0.717917
100.717916250 3.510273 3.726473 0.000000 0.000000 0.000000 0.695887 0.718151
100.814438343 3.510446 3.725476 0.000000 0.000000 0.000000 0.695857 0.718181
100.859156370 3.510320 3.724880 0.000000 0.000000 0.000000 0.695842 0.718195
100.952885628 3.510286 3.724039 0.000000 0.000000 0.000000 0.696035 0.718008
101.000487804 3.509616 3.723662 0.000000 0.000000 0.000000 0.695751 0.718283
101.085479736 3.510574 3.722332 0.000000 0.000000 0.000000 0.695451 0.718573
101.136031866 3.508864 3.719795 0.000000 0.000000 0.000000 0.695099 0.718914
101.229514122 3.508880 3.720006 0.000000 0.000000 0.000000 0.695124 0.718890
101.274351120 3.510080 3.719702 0.000000 0.000000 0.000000 0.695106 0.718907
101.373620749 3.510322 3.719757 0.000000 0.000000 0.000000 0.695172 0.718844
101.426921129 3.510486 3.718724 0.000000 0.000000 0.000000 0.695044 0.718967
101.521782160 3.510717 3.719655 0.000000 0.000000 0.000000 0.695128 0.718886
101.570658922 3.510778 3.720191 0.000000 0.000000 0.000000 0.695078 0.718934
101.657437325 3.509850 3.719768 0.000000 0.000000 0.000000 0.694961 0.719048
101.713495970 3.509249 3.719530 0.000000 0.000000 0.000000 0.694858 0.719147
101.799236774 3.509503 3.719087 0.000000 0.000000 0.000000 0.694817 0.719187
101.849389791 3.509839 3.719106 0.000000 0.000000 0.000000 0.695153 0.718862
101.945839167 3.509691 3.719368 0.000000 0.000000 0.000000 0.695158 0.718857
101.999189854 3.510945 3.719847 0.000000 0.000000 0.000000 0.694737 0.719263
102.086042404 3.510176 3.719574 0.000000 0.000000 0.000000 0.694756 0.719246
102.136522293 3.509983 3.720101 0.000000 0.000000 0.000000 0.694754 0.719247
102.221495152 3.511028 3.719779 0.000000 0.000000 0.000000 0.694788 0.719214
102.276251078 3.511000 3.719920 0.000000 0.000000 0.000000 0.694932 0.719075
102.367645025 3.512566 3.719739 0.000000 0.000000 0.000000 0.695105 0.718908
102.423708200 3.511498 3.720669 0.000000 0.000000 0.000000 0.695047 0.718964
102.525077105 3.511647 3.720247 0.000000 0.000000 0.000000 0.695069 0.718943
102.574762106 3.510025 3.720012 0.000000 0.000000 0.000000 0.695065 0.718947
102.674291134 3.509538 3.719677 0.000000 0.000000 0.000000 0.695014 0.718996
