56.000000000 0.002076 1.000298 0.000000 0.000000 0.000000 -0.001835 0.999998
56.092626333 -0.005473 1.003752 0.000000 0.000000 0.000000 -0.003300 0.999995
56.136488199 -0.004685 1.005512 0.000000 0.000000 0.000000 -0.004171 0.999991
56.234569073 -0.005405 1.005534 0.000000 0.000000 0.000000 -0.004977 0.999988
56.291095257 -0.005653 1.004799 0.000000 0.000000 0.000000 -0.005100 0.999987
56.384810448 -0.006662 1.004754 0.000000 0.000000 0.000000 -0.005248 0.999986
56.432573795 -0.007214 1.003362 0.000000 0.000000 0.000000 -0.005118 0.999987
56.517774343 -0.006941 1.003354 0.000000 0.000000 0.000000 -0.003317 0.999994
56.566277504 -0.007656 1.000594 0.000000 0.000000 0.000000 -0.003429 0.999994
56.658776283 -0.007529 0.999085 0.000000 0.000000 0.000000 -0.003429 0.999994
56.719421625 -0.006871 0.996190 0.000000 0.000000 0.000000 -0.003583 0.999994
56.806190968 -0.006471 0.995029 0.000000 0.000000 0.000000 -0.003698 0.999993
56.859033823 -0.007444 0.995710 0.000000 0.000000 0.000000 -0.003630 0.999993
56.956225157 -0.006779 0.995517 0.000000 0.000000 0.000000 -0.003539 0.999994
56.992516994 -0.006193 0.996378 0.000000 0.000000 0.000000 -0.003743 0.999993
57.085117579 -0.007960 0.994564 0.000000 0.000000 0.000000 -0.003587 0.999994
57.135342836 -0.009111 0.992672 0.000000 0.000000 0.000000 -0.003617 0.999993
57.226917267 -0.008542 0.990648 0.000000 0.000000 0.000000 -0.003476 0.999994
57.280653477 -0.011068 0.989696 0.000000 0.000000 0.000000 -0.003805 0.999993
57.376023293 -0.012132 0.989178 0.000000 0.000000 0.000000 -0.003815 0.999993
57.421943903 -0.011052 0.988942 0.000000 0.000000 0.000000 -0.003504 0.999994
57.506844759 -0.011742 0.988600 0.000000 0.000000 0.000000 -0.003788 0.999993
57.561612844 -0.011607 0.988707 0.000000 0.000000 0.000000 -0.003921 0.999992
57.661116600 -0.011835 0.987255 0.000000 0.000000 0.000000 -0.003216 0.999995
57.713097334 -0.011892 0.987069 0.000000 0.000000 0.000000 -0.003644 0.999993
57.818692207 -0.012647 0.986047 0.000000 0.000000 0.000000 -0.003623 0.999993
57.857132435 -0.012120 0.986967 0.000000 0.000000 0.000000 -0.003523 0.999994
57.942367077 -0.012304 0.987146 0.000000 0.000000 0.000000 -0.003385 0.999994
57.993121147 -0.012493 0.988947 0.000000 0.000000 0.000000 -0.003841 0.999993
58.084053516 -0.011273 0.990585 0.000000 0.000000 0.000000 -0.003802 0.999993
58.134043932 -0.011635 0.989962 0.000000 0.000000 0.000000 -0.003985 0.999992
58.226578236 -0.012565 0.989022 0.000000 0.000000 0.000000 -0.004296 0.999991
58.278188705 -0.013880 0.988520 0.000000 0.000000 0.000000 -0.004761 0.999989
58.375108480 -0.014873 0.989920 0.000000 0.000000 0.000000 -0.005016 0.999987
58.432198524 -0.014425 0.991706 0.000000 0.000000 0.000000 -0.005147 0.999987
58.513686180 -0.013513 0.991819 0.000000 0.000000 0.000000 -0.004946 0.999988
58.577755451 -0.011122 0.991874 0.000000 0.000000 0.000000 -0.004770 0.999989
58.663658381 -0.009318 0.990520 0.000000 0.000000 0.000000 -0.004421 0.999990
58.721382856 -0.009544 0.992105 0.000000 0.000000 0.000000 -0.004759 0.999989
58.811643362 -0.009554 0.991350 0.000000 0.000000 0.000000 -0.004561 0.999990
58.859117508 -0.006426 0.991712 0.000000 0.000000 0.000000 -0.005080 0.999987
58.954252720 -0.005062 0.993387 0.000000 0.000000 0.000000 -0.005168 0.999987
59.016629219 -0.007141 0.995204 0.000000 0.000000 0.000000 -0.004339 0.999991
59.106379747 -0.005004 0.995048 0.000000 0.000000 0.000000 -0.004175 0.999991
59.158839226 -0.002802 0.995129 0.000000 0.000000 0.000000 -0.004373 0.999990
59.239713192 -0.002243 0.995764 0.000000 0.000000 0.000000 -0.004055 0.999992
59.295119047 -0.002144 0.993593 0.000000 0.000000 0.000000 -0.004084 0.999992
59.400145054 -0.000802 0.993482 0.000000 0.000000 0.000000 -0.004394 0.999990
59.447155952 -0.000525 0.993516 0.000000 0.000000 0.000000 -0.004461 0.999990
59.543852329 0.000389 0.993682 0.000000 0.000000 0.000000 -0.004565 0.999990
59.590034962 0.001806 0.993571 0.000000 0.000000 0.000000 -0.004503 0.999990
59.665421247 0.001235 0.993844 0.000000 0.000000 0.000000 -0.004376 0.999990
59.720851421 0.001287 0.994340 0.000000 0.000000 0.000000 -0.004152 0.999991
59.805132151 0.002564 0.995211 0.000000 0.000000 0.000000 -0.004509 0.999990
59.860359430 0.002652 0.995526 0.000000 0.000000 0.000000 -0.004541 0.999990
59.957119226 0.000610 0.996438 0.000000 0.000000 0.000000 -0.004753 0.999989
60.005816936 0.001473 0.996012 0.000000 0.000000 0.000000 -0.004864 0.999988
60.089397669 0.001411 0.995849 0.000000 0.000000 0.000000 -0.004804 0.999988
60.138172865 0.000329 0.994628 0.000000 0.000000 0.000000 -0.004802 0.999988
60.220950127 0.001905 0.993060 0.000000 0.000000 0.000000 -0.004703 0.999989
60.272440672 0.001364 0.995858 0.000000 0.000000 0.000000 -0.004865 0.999988
60.365985632 0.003359 0.995050 0.000000 0.000000 0.000000 -0.005094 0.999987
60.419920921 0.008119 0.996834 0.000000 0.000000 0.000000 -0.004816 0.999988
60.517887354 0.007804 0.995118 0.000000 0.000000 0.000000 -0.004791 0.999989
60.576246977 0.007619 0.995035 0.000000 0.000000 0.000000 -0.004677 0.999989
60.661265135 0.008672 0.995018 0.000000 0.000000 0.000000 -0.004655 0.999989
60.720116138 0.007593 0.994987 0.000000 0.000000 0.000000 -0.004780 0.999989
60.806773424 0.009357 0.993633 0.000000 0.000000 0.000000 -0.004439 0.999990
60.856551170 0.011334 0.994640 0.000000 0.000000 0.000000 -0.004434 0.999990
60.954911470 0.011188 0.994830 0.000000 0.000000 0.000000 -0.004080 0.999992
61.012297630 0.010654 0.994641 0.000000 0.000000 0.000000 -0.004507 0.999990
61.109639168 0.010026 0.995000 0.000000 0.000000 0.000000 -0.004520 0.999990
61.157109976 0.011058 0.995409 0.000000 0.000000 0.000000 -0.004042 0.999992
61.239634752 0.010676 0.995920 0.000000 0.000000 0.000000 -0.003794 0.999993
61.291578770 0.008930 0.996533 0.000000 0.000000 0.000000 -0.003825 0.999993
61.377224922 0.007701 0.996538 0.000000 0.000000 0.000000 -0.003819 0.999993
61.424571276 0.009613 0.997296 0.000000 0.000000 0.000000 -0.004114 0.999992
61.517945051 0.008010 0.996073 0.000000 0.000000 0.000000 -0.004749 0.999989
61.571182013 0.007271 0.996530 0.000000 0.000000 0.000000 -0.004802 0.999988
61.674693108 0.007316 0.996070 0.000000 0.000000 0.000000 -0.005023 0.999987
61.731230259 0.007483 0.996908 0.000000 0.000000 0.000000 -0.005191 0.999987
61.823836803 0.009548 0.996575 0.000000 0.000000 0.000000 -0.005419 0.999985
61.867137194 0.009968 0.993180 0.000000 0.000000 0.000000 -0.005854 0.999983
61.957184315 0.009025 0.993679 0.000000 0.000000 0.000000 -0.005865 0.999983
62.007257462 0.006785 0.995292 0.000000 0.000000 0.000000 -0.005884 0.999983
62.096065044 0.006021 0.994818 0.000000 0.000000 0.000000 -0.005919 0.999982
62.149833441 0.005102 0.994793 0.000000 0.000000 0.000000 -0.006082 0.999982
62.231528997 0.020217 0.995772 0.000000 0.000000 0.000000 -0.005896 0.999983
62.288254261 0.029831 0.995960 0.000000 0.000000 0.000000 -0.005969 0.999982
62.372793436 0.044879 0.993021 0.000000 0.000000 0.000000 -0.006081 0.999982
62.437046528 0.056124 0.992610 0.000000 0.000000 0.000000 -0.005829 0.999983
62.518205643 0.072267 0.993595 0.000000 0.000000 0.000000 -0.005318 0.999986
62.573649645 0.083471 0.992660 0.000000 0.000000 0.000000 -0.005268 0.999986
62.658019066 0.101157 0.994275 0.000000 0.000000 0.000000 -0.005470 0.999985
62.708748341 0.111416 0.994143 0.000000 0.000000 0.000000 -0.005479 0.999985
62.802901506 0.130524 0.994197 0.000000 0.000000 0.000000 -0.005605 0.999984
62.862125397 0.140988 0.994082 0.000000 0.000000 0.000000 -0.005504 0.999985
62.944721937 0.157813 0.994990 0.000000 0.000000 0.000000 -0.004941 0.999988
63.001682520 0.170291 0.995204 0.000000 0.000000 0.000000 -0.004777 0.999989
63.096352816 0.187001 0.994989 0.000000 0.000000 0.000000 -0.004693 0.999989
63.140980959 0.197106 0.995528 0.000000 0.000000 0.000000 -0.004485 0.999990
63.224403381 0.214098 0.994855 0.000000 0.000000 0.000000 -0.004708 0.999989
63.278097630 0.224550 0.994879 0.000000 0.000000 0.000000 -0.004459 0.999990
63.378735542 0.244047 0.994259 0.000000 0.000000 0.000000 -0.004251 0.999991
63.429337263 0.251400 0.992262 0.000000 0.000000 0.000000 -0.003889 0.999992
63.507558107 0.266716 0.992860 0.000000 0.000000 0.000000 -0.003788 0.999993
63.561244726 0.278059 0.993407 0.000000 0.000000 0.000000 -0.003753 0.999993
63.651183605 0.296631 0.993920 0.000000 0.000000 0.000000 -0.003917 0.999992
63.722069025 0.309162 0.995242 0.000000 0.000000 0.000000 -0.003894 0.999992
63.818211794 0.326108 0.995529 0.000000 0.000000 0.000000 -0.003726 0.999993
63.867984533 0.335917 0.995731 0.000000 0.000000 0.000000 -0.003434 0.999994
63.954170942 0.350552 0.996013 0.000000 0.000000 0.000000 -0.003786 0.999993
64.007827759 0.361040 0.996070 0.000000 0.000000 0.000000 -0.003567 0.999994
64.098969221 0.377788 0.995248 0.000000 0.000000 0.000000 -0.003943 0.999992
64.150251389 0.388351 0.997288 0.000000 0.000000 0.000000 -0.003888 0.999992
64.240028858 0.406473 0.995968 0.000000 0.000000 0.000000 -0.004079 0.999992
64.291742325 0.415035 0.995855 0.000000 0.000000 0.000000 -0.004111 0.999992
64.384911537 0.435281 0.997072 0.000000 0.000000 0.000000 -0.004081 0.999992
64.438662767 0.445267 0.998290 0.000000 0.000000 0.000000 -0.004097 0.999992
64.529100657 0.462220 0.998386 0.000000 0.000000 0.000000 -0.004124 0.999991
64.581606388 0.472563 0.999831 0.000000 0.000000 0.000000 -0.004251 0.999991
64.666499376 0.488084 0.999328 0.000000 0.000000 0.000000 -0.004612 0.999989
64.719514608 0.498985 0.999443 0.000000 0.000000 0.000000 -0.004753 0.999989
64.801486015 0.513679 1.001090 0.000000 0.000000 0.000000 -0.004833 0.999988
64.853920698 0.526139 0.999135 0.000000 0.000000 0.000000 -0.004691 0.999989
64.943417788 0.543422 0.999589 0.000000 0.000000 0.000000 -0.004267 0.999991
64.995023489 0.553407 0.999326 0.000000 0.000000 0.000000 -0.003905 0.999992
65.076430798 0.570184 0.999126 0.000000 0.000000 0.000000 -0.003548 0.999994
65.137303352 0.581565 0.999105 0.000000 0.000000 0.000000 -0.003524 0.999994
65.235720634 0.600237 1.000290 0.000000 0.000000 0.000000 -0.002827 0.999996
65.286878586 0.610482 1.000925 0.000000 0.000000 0.000000 -0.002965 0.999996
65.388996363 0.629538 1.000838 0.000000 0.000000 0.000000 -0.003270 0.999995
65.443364143 0.640055 1.002443 0.000000 0.000000 0.000000 -0.002903 0.999996
65.533442974 0.657319 1.001873 0.000000 0.000000 0.000000 -0.002479 0.999997
65.583643198 0.669070 1.001597 0.000000 0.000000 0.000000 -0.002576 0.999997
65.666572094 0.685307 1.001511 0.000000 0.000000 0.000000 -0.002779 0.999996
65.718314648 0.695075 1.002857 0.000000 0.000000 0.000000 -0.002616 0.999997
65.813969851 0.713393 1.004207 0.000000 0.000000 0.000000 -0.002313 0.999997
65.860479355 0.722674 1.005450 0.000000 0.000000 0.000000 -0.002168 0.999998
65.949100494 0.739553 1.007428 0.000000 0.000000 0.000000 -0.002288 0.999997
66.006313324 0.749399 1.006988 0.000000 0.000000 0.000000 -0.002164 0.999998
66.091695070 0.764081 1.006791 0.000000 0.000000 0.000000 -0.002266 0.999997
66.150105000 0.774710 1.006777 0.000000 0.000000 0.000000 -0.001824 0.999998
66.245607138 0.791371 1.006644 0.000000 0.000000 0.000000 -0.001833 0.999998
66.289936066 0.799067 1.005485 0.000000 0.000000 0.000000 -0.001518 0.999999
66.374847174 0.813570 1.001720 0.000000 0.000000 0.000000 -0.001245 0.999999
66.427448988 0.824585 1.001684 0.000000 0.000000 0.000000 -0.000976 1.000000
66.515174389 0.840237 1.001680 0.000000 0.000000 0.000000 -0.001155 0.999999
66.565155268 0.850220 1.000998 0.000000 0.000000 0.000000 -0.001368 0.999999
66.668905973 0.870129 1.001090 0.000000 0.000000 0.000000 -0.001509 0.999999
66.720251560 0.880575 1.000743 0.000000 0.000000 0.000000 -0.001750 0.999998
66.818524122 0.899616 1.001324 0.000000 0.000000 0.000000 -0.002034 0.999998
66.862034321 0.908063 1.001652 0.000000 0.000000 0.000000 -0.002093 0.999998
66.948162079 0.924595 1.001176 0.000000 0.000000 0.000000 -0.002429 0.999997
66.998103142 0.935438 1.002986 0.000000 0.000000 0.000000 -0.002142 0.999998
67.100195885 0.955266 1.003240 0.000000 0.000000 0.000000 -0.001993 0.999998
67.157076359 0.965539 1.002940 0.000000 0.000000 0.000000 -0.001764 0.999998
67.269846916 0.986293 1.001037 0.000000 0.000000 0.000000 -0.001816 0.999998
67.325706720 0.996832 0.999910 0.000000 0.000000 0.000000 -0.001876 0.999998
67.417520761 1.013891 1.000312 0.000000 0.000000 0.000000 -0.002014 0.999998
67.475314379 1.023722 1.000720 0.000000 0.000000 0.000000 -0.002095 0.999998
67.587245464 1.045732 1.001843 0.000000 0.000000 0.000000 -0.002089 0.999998
67.657504320 1.060156 1.001244 0.000000 0.000000 0.000000 -0.002680 0.999996
67.744100571 1.076317 1.002292 0.000000 0.000000 0.000000 -0.002584 0.999997
67.809964418 1.089809 1.001411 0.000000 0.000000 0.000000 -0.002163 0.999998
67.907867193 1.106136 1.000442 0.000000 0.000000 0.000000 -0.001592 0.999999
67.955658197 1.114905 1.001520 0.000000 0.000000 0.000000 -0.001365 0.999999
68.043772697 1.133768 1.002226 0.000000 0.000000 0.000000 -0.001003 0.999999
68.092056751 1.142761 1.002760 0.000000 0.000000 0.000000 -0.000788 1.000000
68.198954105 1.163207 1.002334 0.000000 0.000000 0.000000 -0.000585 1.000000
68.239401817 1.172484 1.003478 0.000000 0.000000 0.000000 -0.000353 1.000000
68.334116697 1.189830 1.002858 0.000000 0.000000 0.000000 -0.000153 1.000000
68.393169165 1.200812 1.002255 0.000000 0.000000 0.000000 -0.000342 1.000000
68.488315105 1.221126 1.003206 0.000000 0.000000 0.000000 -0.000739 1.000000
68.548655272 1.233989 1.003146 0.000000 0.000000 0.000000 -0.000771 1.000000
68.628951550 1.249253 1.004384 0.000000 0.000000 0.000000 -0.000635 1.000000
68.688163757 1.262646 1.004551 0.000000 0.000000 0.000000 -0.000664 1.000000
68.771270037 1.278872 1.006469 0.000000 0.000000 0.000000 -0.000362 1.000000
68.824939728 1.289181 1.007492 0.000000 0.000000 0.000000 -0.000230 1.000000
68.927378178 1.309088 1.006572 0.000000 0.000000 0.000000 -0.000048 1.000000
68.988554239 1.320675 1.005037 0.000000 0.000000 0.000000 -0.000048 1.000000
69.091393948 1.341323 1.005465 0.000000 0.000000 0.000000 -0.000201 1.000000
69.142657280 1.355459 1.005605 0.000000 0.000000 0.000000 -0.000653 1.000000
69.226943970 1.370936 1.006552 0.000000 0.000000 0.000000 -0.000779 1.000000
69.291504383 1.384281 1.009337 0.000000 0.000000 0.000000 -0.000637 1.000000
69.395749092 1.405062 1.009537 0.000000 0.000000 0.000000 -0.000991 1.000000
69.444655418 1.412126 1.009842 0.000000 0.000000 0.000000 -0.000853 1.000000
69.543005466 1.431569 1.009701 0.000000 0.000000 0.000000 -0.000872 1.000000
69.595045090 1.441475 1.009220 0.000000 0.000000 0.000000 -0.000857 1.000000
69.695927858 1.460798 1.008886 0.000000 0.000000 0.000000 -0.000969 1.000000
69.753221989 1.473123 1.009991 0.000000 0.000000 0.000000 -0.001029 0.999999
69.852281094 1.493767 1.009251 0.000000 0.000000 0.000000 -0.001455 0.999999
69.909631014 1.506327 1.009851 0.000000 0.000000 0.000000 -0.001697 0.999999
70.003495455 1.524709 1.009301 0.000000 0.000000 0.000000 -0.002049 0.999998
70.055417776 1.534864 1.008100 0.000000 0.000000 0.000000 -0.002327 0.999997
70.137858391 1.550572 1.007429 0.000000 0.000000 0.000000 -0.002221 0.999998
70.199167728 1.562833 1.008158 0.000000 0.000000 0.000000 -0.001962 0.999998
70.302878618 1.582511 1.009996 0.000000 0.000000 0.000000 -0.002197 0.999998
70.369396687 1.596134 1.008633 0.000000 0.000000 0.000000 -0.002371 0.999997
70.461210728 1.612998 1.008381 0.000000 0.000000 0.000000 -0.002485 0.999997
70.509778738 1.623485 1.006502 0.000000 0.000000 0.000000 -0.002185 0.999998
70.599387646 1.643655 1.005108 0.000000 0.000000 0.000000 -0.001738 0.999998
70.656033039 1.656291 1.004776 0.000000 0.000000 0.000000 -0.001912 0.999998
70.768153429 1.678113 1.005247 0.000000 0.000000 0.000000 -0.002186 0.999998
70.815999985 1.686806 1.005526 0.000000 0.000000 0.000000 -0.002537 0.999997
70.900581121 1.704130 1.005308 0.000000 0.000000 0.000000 -0.002770 0.999996
70.955633402 1.714324 1.005999 0.000000 0.000000 0.000000 -0.004200 0.999991
71.042252779 1.732559 1.004507 0.000000 0.000000 0.000000 -0.004416 0.999990
71.103641987 1.745502 1.003457 0.000000 0.000000 0.000000 -0.004333 0.999991
71.186776161 1.761623 1.005129 0.000000 0.000000 0.000000 -0.004695 0.999989
71.250498533 1.773147 1.004752 0.000000 0.000000 0.000000 -0.005090 0.999987
71.341936827 1.778425 1.004055 0.000000 0.000000 0.000000 0.003353 0.999994
71.393325806 1.782265 1.004785 0.000000 0.000000 0.000000 0.008439 0.999964
71.487019539 1.785549 1.004301 0.000000 0.000000 0.000000 0.017230 0.999852
71.537977695 1.787690 1.004528 0.000000 0.000000 0.000000 0.022427 0.999748
71.626116753 1.791802 1.005742 0.000000 0.000000 0.000000 0.031201 0.999513
71.682151079 1.793989 1.004119 0.000000 0.000000 0.000000 0.036575 0.999331
71.763496399 1.798710 1.003045 0.000000 0.000000 0.000000 0.044461 0.999011
71.820455313 1.801074 1.005350 0.000000 0.000000 0.000000 0.050260 0.998736
71.918866396 1.805374 1.004995 0.000000 0.000000 0.000000 0.059863 0.998207
71.975845575 1.808471 1.004749 0.000000 0.000000 0.000000 0.065694 0.997840
72.068582535 1.811270 1.004449 0.000000 0.000000 0.000000 0.074603 0.997213
72.122643709 1.814231 1.005240 0.000000 0.000000 0.000000 0.080122 0.996785
72.217851877 1.831177 1.007151 0.000000 0.000000 0.000000 0.080193 0.996779
72.265589714 1.840066 1.006735 0.000000 0.000000 0.000000 0.079677 0.996821
72.354194641 1.860554 1.008938 0.000000 0.000000 0.000000 0.079521 0.996833
72.403216600 1.870966 1.010875 0.000000 0.000000 0.000000 0.080077 0.996789
72.504085302 1.890588 1.015551 0.000000 0.000000 0.000000 0.080249 0.996775
72.559812546 1.900537 1.015874 0.000000 0.000000 0.000000 0.079986 0.996796
72.641114473 1.918191 1.016914 0.000000 0.000000 0.000000 0.079975 0.996797
72.695553064 1.929392 1.018135 0.000000 0.000000 0.000000 0.079750 0.996815
72.784453154 1.947760 1.021029 0.000000 0.000000 0.000000 0.079847 0.996807
72.839464188 1.949330 1.020724 0.000000 0.000000 0.000000 0.085202 0.996364
72.931765556 1.955033 1.018873 0.000000 0.000000 0.000000 0.094129 0.995560
72.986810684 1.958167 1.019305 0.000000 0.000000 0.000000 0.099815 0.995006
73.071648121 1.962494 1.019693 0.000000 0.000000 0.000000 0.107753 0.994178
73.129702330 1.965671 1.020006 0.000000 0.000000 0.000000 0.113360 0.993554
73.227200508 1.969452 1.021027 0.000000 0.000000 0.000000 0.123202 0.992382
73.271549940 1.971925 1.022266 0.000000 0.000000 0.000000 0.127641 0.991820
73.365193605 1.989177 1.026736 0.000000 0.000000 0.000000 0.128068 0.991765
73.410813332 1.997105 1.030506 0.000000 0.000000 0.000000 0.128268 0.991739
73.495560646 2.013122 1.036330 0.000000 0.000000 0.000000 0.127618 0.991823
73.549853325 2.024886 1.039699 0.000000 0.000000 0.000000 0.127683 0.991815
73.635336399 2.043145 1.042842 0.000000 0.000000 0.000000 0.127853 0.991793
73.700213671 2.054567 1.046563 0.000000 0.000000 0.000000 0.127138 0.991885
73.794411182 2.072217 1.052407 0.000000 0.000000 0.000000 0.126949 0.991909
73.851395130 2.085069 1.055816 0.000000 0.000000 0.000000 0.126990 0.991904
73.934927464 2.100256 1.059420 0.000000 0.000000 0.000000 0.126847 0.991922
73.994324923 2.103899 1.061486 0.000000 0.000000 0.000000 0.132622 0.991167
74.076428652 2.107256 1.062174 0.000000 0.000000 0.000000 0.140350 0.990102
74.138641834 2.110439 1.063015 0.000000 0.000000 0.000000 0.146313 0.989238
74.232690811 2.114040 1.065238 0.000000 0.000000 0.000000 0.155630 0.987815
74.284757137 2.116988 1.066092 0.000000 0.000000 0.000000 0.160804 0.986986
74.368963718 2.121803 1.067421 0.000000 0.000000 0.000000 0.168990 0.985618
74.424954653 2.126525 1.069288 0.000000 0.000000 0.000000 0.174620 0.984636
74.512892008 2.131255 1.069680 0.000000 0.000000 0.000000 0.183057 0.983102
74.568120718 2.140596 1.072792 0.000000 0.000000 0.000000 0.183693 0.982984
74.659038782 2.157881 1.077770 0.000000 0.000000 0.000000 0.184256 0.982878
74.720528126 2.169091 1.080066 0.000000 0.000000 0.000000 0.184299 0.982870
74.807915449 2.184322 1.085101 0.000000 0.000000 0.000000 0.184377 0.982856
74.867791891 2.194860 1.090452 0.000000 0.000000 0.000000 0.184353 0.982860
74.956265450 2.210550 1.096500 0.000000 0.000000 0.000000 0.184283 0.982873
75.006022692 2.219587 1.100475 0.000000 0.000000 0.000000 0.184106 0.982906
75.093890429 2.238242 1.107363 0.000000 0.000000 0.000000 0.183998 0.982927
75.151803017 2.248158 1.109644 0.000000 0.000000 0.000000 0.183121 0.983090
75.237923384 2.264642 1.116234 0.000000 0.000000 0.000000 0.183197 0.983076
75.289012432 2.275132 1.121282 0.000000 0.000000 0.000000 0.183276 0.983061
75.377345324 2.291852 1.127116 0.000000 0.000000 0.000000 0.183170 0.983081
75.433693886 2.303235 1.131234 0.000000 0.000000 0.000000 0.183574 0.983006
75.537194490 2.323892 1.137288 0.000000 0.000000 0.000000 0.183688 0.982985
75.586070776 2.331548 1.141523 0.000000 0.000000 0.000000 0.183890 0.982947
75.689361572 2.348919 1.147275 0.000000 0.000000 0.000000 0.184022 0.982922
75.744805098 2.362024 1.150301 0.000000 0.000000 0.000000 0.184204 0.982888
75.826009274 2.377331 1.155910 0.000000 0.000000 0.000000 0.184274 0.982875
75.899021864 2.380877 1.156986 0.000000 0.000000 0.000000 0.191082 0.981574
75.992537260 2.384904 1.158827 0.000000 0.000000 0.000000 0.199201 0.979959
76.056124210 2.388380 1.160378 0.000000 0.000000 0.000000 0.205483 0.978661
76.141805172 2.393439 1.161938 0.000000 0.000000 0.000000 0.214189 0.976792
76.196712971 2.394827 1.163542 0.000000 0.000000 0.000000 0.219577 0.975595
76.279946327 2.397049 1.164677 0.000000 0.000000 0.000000 0.227680 0.973736
76.336917877 2.399816 1.167891 0.000000 0.000000 0.000000 0.233564 0.972341
76.431858301 2.402329 1.170923 0.000000 0.000000 0.000000 0.242861 0.970061
76.487337351 2.410528 1.178362 0.000000 0.000000 0.000000 0.243535 0.969892
76.576975346 2.425091 1.186557 0.000000 0.000000 0.000000 0.243513 0.969898
76.635664701 2.435731 1.192397 0.000000 0.000000 0.000000 0.243734 0.969842
76.736702204 2.451576 1.201189 0.000000 0.000000 0.000000 0.243610 0.969873
76.784813404 2.460444 1.204093 0.000000 0.000000 0.000000 0.243427 0.969919
76.872728825 2.476323 1.212299 0.000000 0.000000 0.000000 0.243607 0.969874
76.940669060 2.488265 1.219292 0.000000 0.000000 0.000000 0.243439 0.969916
77.039191484 2.505793 1.228151 0.000000 0.000000 0.000000 0.243908 0.969798
77.091496944 2.517655 1.232354 0.000000 0.000000 0.000000 0.243683 0.969855
77.178045034 2.522467 1.234975 0.000000 0.000000 0.000000 0.251046 0.967975
77.233334064 2.525813 1.237574 0.000000 0.000000 0.000000 0.255806 0.966728
77.321522951 2.531040 1.239197 0.000000 0.000000 0.000000 0.264304 0.964439
77.385615587 2.532418 1.240091 0.000000 0.000000 0.000000 0.269804 0.962915
77.482558012 2.547948 1.249369 0.000000 0.000000 0.000000 0.270007 0.962858
77.535058022 2.557079 1.255231 0.000000 0.000000 0.000000 0.270187 0.962808
77.635596514 2.574358 1.265048 0.000000 0.000000 0.000000 0.270158 0.962816
77.687636852 2.583014 1.272583 0.000000 0.000000 0.000000 0.270324 0.962769
77.783472538 2.598335 1.283024 0.000000 0.000000 0.000000 0.270856 0.962620
77.833787918 2.606202 1.289003 0.000000 0.000000 0.000000 0.270771 0.962644
77.940711260 2.624340 1.298745 0.000000 0.000000 0.000000 0.270412 0.962745
77.985099792 2.637358 1.303656 0.000000 0.000000 0.000000 0.269605 0.962971
78.074628830 2.650950 1.313131 0.000000 0.000000 0.000000 0.269637 0.962962
78.126539230 2.659900 1.318385 0.000000 0.000000 0.000000 0.269458 0.963012
78.225707769 2.664572 1.321580 0.000000 0.000000 0.000000 0.278930 0.960311
78.287621975 2.669373 1.323375 0.000000 0.000000 0.000000 0.284574 0.958654
78.371752024 2.682283 1.332856 0.000000 0.000000 0.000000 0.284654 0.958630
78.425225496 2.689480 1.336734 0.000000 0.000000 0.000000 0.284809 0.958584
78.525620699 2.703711 1.346866 0.000000 0.000000 0.000000 0.285182 0.958473
78.588539600 2.714608 1.353819 0.000000 0.000000 0.000000 0.285172 0.958476
78.670593977 2.729310 1.361670 0.000000 0.000000 0.000000 0.285455 0.958392
78.735427380 2.740819 1.367909 0.000000 0.000000 0.000000 0.285945 0.958246
78.827690363 2.755229 1.378190 0.000000 0.000000 0.000000 0.285604 0.958348
78.889282465 2.766986 1.383051 0.000000 0.000000 0.000000 0.285857 0.958272
78.986895561 2.783344 1.392924 0.000000 0.000000 0.000000 0.285470 0.958388
79.038242817 2.792480 1.399014 0.000000 0.000000 0.000000 0.285479 0.958385
79.133278370 2.795783 1.402761 0.000000 0.000000 0.000000 0.294547 0.955637
79.188038111 2.798531 1.405852 0.000000 0.000000 0.000000 0.299973 0.953948
79.274859905 2.801417 1.409142 0.000000 0.000000 0.000000 0.308611 0.951188
79.325020790 2.808329 1.413547 0.000000 0.000000 0.000000 0.308813 0.951123
79.419587612 2.820365 1.424913 0.000000 0.000000 0.000000 0.309023 0.951055
79.476016521 2.828552 1.431414 0.000000 0.000000 0.000000 0.308911 0.951091
79.572896481 2.843115 1.443060 0.000000 0.000000 0.000000 0.309318 0.950959
79.625355482 2.851441 1.448387 0.000000 0.000000 0.000000 0.309325 0.950956
79.715934038 2.865775 1.457912 0.000000 0.000000 0.000000 0.309388 0.950936
79.766192913 2.875478 1.464881 0.000000 0.000000 0.000000 0.309615 0.950862
79.851100206 2.889548 1.473885 0.000000 0.000000 0.000000 0.309798 0.950803
79.911969662 2.899736 1.479945 0.000000 0.000000 0.000000 0.310049 0.950721
80.005322218 2.915980 1.490800 0.000000 0.000000 0.000000 0.309701 0.950834
80.049822092 2.923432 1.496613 0.000000 0.000000 0.000000 0.309951 0.950752
80.144307137 2.939638 1.505968 0.000000 0.000000 0.000000 0.310419 0.950600
80.194717646 2.949398 1.510827 0.000000 0.000000 0.000000 0.310568 0.950551
80.283586025 2.952998 1.515020 0.000000 0.000000 0.000000 0.318674 0.947864
80.339012861 2.957609 1.517022 0.000000 0.000000 0.000000 0.323525 0.946220
80.432806969 2.960982 1.520481 0.000000 0.000000 0.000000 0.331826 0.943340
80.481657505 2.963902 1.523354 0.000000 0.000000 0.000000 0.336873 0.941550
80.570667744 2.967336 1.525146 0.000000 0.000000 0.000000 0.345208 0.938526
80.629180193 2.968963 1.526601 0.000000 0.000000 0.000000 0.351048 0.936358
80.725515127 2.969729 1.528447 0.000000 0.000000 0.000000 0.359915 0.932985
80.785824299 2.973151 1.529736 0.000000 0.000000 0.000000 0.365497 0.930813
80.885531425 2.976759 1.533988 0.000000 0.000000 0.000000 0.374393 0.927270
80.931448936 2.978550 1.535497 0.000000 0.000000 0.000000 0.379277 0.925283
81.023196459 2.990741 1.547131 0.000000 0.000000 0.000000 0.379810 0.925064
81.074112654 2.997548 1.553947 0.000000 0.000000 0.000000 0.380010 0.924983
81.169610262 3.010832 1.566020 0.000000 0.000000 0.000000 0.379529 0.925180
81.221564293 3.019217 1.572714 0.000000 0.000000 0.000000 0.379146 0.925337
81.317089081 3.031203 1.586435 0.000000 0.000000 0.000000 0.379334 0.925260
81.373459816 3.040097 1.595649 0.000000 0.000000 0.000000 0.379659 0.925126
81.468533754 3.054395 1.609870 0.000000 0.000000 0.000000 0.379690 0.925114
81.523016691 3.063072 1.618079 0.000000 0.000000 0.000000 0.379766 0.925082
81.598726511 3.072968 1.628184 0.000000 0.000000 0.000000 0.379691 0.925113
81.657386780 3.075466 1.630875 0.000000 0.000000 0.000000 0.385065 0.922889
81.743980408 3.079553 1.633558 0.000000 0.000000 0.000000 0.392827 0.919612
81.802433014 3.082193 1.636015 0.000000 0.000000 0.000000 0.398227 0.917287
81.892469883 3.085021 1.638070 0.000000 0.000000 0.000000 0.406470 0.913664
81.951400280 3.083848 1.641605 0.000000 0.000000 0.000000 0.411713 0.911314
82.051398516 3.085625 1.644485 0.000000 0.000000 0.000000 0.420642 0.907227
82.098116398 3.087557 1.648379 0.000000 0.000000 0.000000 0.424929 0.905227
82.188131332 3.099801 1.661906 0.000000 0.000000 0.000000 0.425488 0.904964
82.248149872 3.105880 1.671121 0.000000 0.000000 0.000000 0.425845 0.904796
82.336132288 3.117025 1.683755 0.000000 0.000000 0.000000 0.426003 0.904722
82.396090031 3.124015 1.691487 0.000000 0.000000 0.000000 0.426064 0.904693
82.493404388 3.135487 1.706930 0.000000 0.000000 0.000000 0.426080 0.904685
82.545469284 3.141816 1.714986 0.000000 0.000000 0.000000 0.425974 0.904735
82.645762682 3.156397 1.730201 0.000000 0.000000 0.000000 0.425941 0.904751
82.703368902 3.165179 1.740235 0.000000 0.000000 0.000000 0.425377 0.905016
82.786747932 3.175639 1.754689 0.000000 0.000000 0.000000 0.425653 0.904886
82.854153395 3.185998 1.765846 0.000000 0.000000 0.000000 0.425558 0.904931
82.943068027 3.198017 1.779351 0.000000 0.000000 0.000000 0.425202 0.905099
83.009804964 3.207038 1.789448 0.000000 0.000000 0.000000 0.425177 0.905110
83.085191727 3.217429 1.801554 0.000000 0.000000 0.000000 0.425809 0.904813
83.153803349 3.225072 1.811267 0.000000 0.000000 0.000000 0.425626 0.904899
83.241653681 3.235684 1.823744 0.000000 0.000000 0.000000 0.425423 0.904995
83.297069788 3.239944 1.827488 0.000000 0.000000 0.000000 0.429813 0.902918
83.389735460 3.243203 1.831711 0.000000 0.000000 0.000000 0.438158 0.898898
83.453119040 3.243855 1.831454 0.000000 0.000000 0.000000 0.442797 0.896622
83.537900448 3.246037 1.834992 0.000000 0.000000 0.000000 0.450455 0.892799
83.597048283 3.246470 1.837778 0.000000 0.000000 0.000000 0.455777 0.890094
83.717325926 3.249200 1.843907 0.000000 0.000000 0.000000 0.466110 0.884727
83.749479055 3.249260 1.845630 0.000000 0.000000 0.000000 0.469367 0.883003
83.838826418 3.252218 1.850662 0.000000 0.000000 0.000000 0.476930 0.878942
83.901724577 3.253219 1.852552 0.000000 0.000000 0.000000 0.482533 0.875878
83.992516994 3.255631 1.855243 0.000000 0.000000 0.000000 0.490477 0.871454
84.051721573 3.256210 1.858150 0.000000 0.000000 0.000000 0.495642 0.868527
84.156426907 3.258102 1.862470 0.000000 0.000000 0.000000 0.504525 0.863397
84.200500965 3.259483 1.864295 0.000000 0.000000 0.000000 0.508261 0.861203
84.283172131 3.266719 1.878074 0.000000 0.000000 0.000000 0.508290 0.861186
84.341853619 3.273556 1.888009 0.000000 0.000000 0.000000 0.507926 0.861401
84.440338135 3.282269 1.904356 0.000000 0.000000 0.000000 0.508039 0.861334
84.490278244 3.285905 1.911991 0.000000 0.000000 0.000000 0.507772 0.861491
84.590413809 3.297265 1.928417 0.000000 0.000000 0.000000 0.507559 0.861617
84.637861252 3.297995 1.930545 0.000000 0.000000 0.000000 0.511527 0.859267
84.731191397 3.301126 1.935359 0.000000 0.000000 0.000000 0.519450 0.854501
84.795961142 3.301645 1.934563 0.000000 0.000000 0.000000 0.524620 0.851337
84.885035038 3.303854 1.939330 0.000000 0.000000 0.000000 0.532076 0.846697
84.942189693 3.308140 1.949934 0.000000 0.000000 0.000000 0.532296 0.846558
85.035698891 3.314789 1.966718 0.000000 0.000000 0.000000 0.532477 0.846444
85.087255955 3.319126 1.976155 0.000000 0.000000 0.000000 0.532496 0.846433
85.177431345 3.326382 1.991184 0.000000 0.000000 0.000000 0.532494 0.846434
85.234461546 3.330957 2.003201 0.000000 0.000000 0.000000 0.532655 0.846332
85.317269802 3.338652 2.019885 0.000000 0.000000 0.000000 0.532901 0.846178
85.371974707 3.344570 2.030306 0.000000 0.000000 0.000000 0.532949 0.846147
85.478625298 3.346888 2.036763 0.000000 0.000000 0.000000 0.541471 0.840720
85.528799295 3.349390 2.039952 0.000000 0.000000 0.000000 0.545966 0.837807
85.623463392 3.352790 2.043901 0.000000 0.000000 0.000000 0.553285 0.832992
85.673765659 3.354600 2.046355 0.000000 0.000000 0.000000 0.557507 0.830172
85.763669968 3.362374 2.061357 0.000000 0.000000 0.000000 0.557886 0.829917
85.820935726 3.369384 2.071859 0.000000 0.000000 0.000000 0.557817 0.829964
85.910727024 3.375353 2.086697 0.000000 0.000000 0.000000 0.558284 0.829650
85.964876890 3.379473 2.097752 0.000000 0.000000 0.000000 0.558499 0.829505
86.051109076 3.384800 2.111819 0.000000 0.000000 0.000000 0.558901 0.829234
86.103527308 3.388464 2.120309 0.000000 0.000000 0.000000 0.558575 0.829454
86.201452255 3.396151 2.136505 0.000000 0.000000 0.000000 0.558271 0.829658
86.242657185 3.398991 2.142359 0.000000 0.000000 0.000000 0.558159 0.829734
86.334985495 3.404559 2.157575 0.000000 0.000000 0.000000 0.558413 0.829563
86.382092714 3.404596 2.158879 0.000000 0.000000 0.000000 0.561899 0.827206
86.472083092 3.405255 2.163507 0.000000 0.000000 0.000000 0.569493 0.821996
86.523828268 3.406711 2.166273 0.000000 0.000000 0.000000 0.573742 0.819036
86.615870237 3.408953 2.169170 0.000000 0.000000 0.000000 0.581107 0.813827
86.670076370 3.407558 2.170024 0.000000 0.000000 0.000000 0.586180 0.810181
86.774803400 3.414113 2.187044 0.000000 0.000000 0.000000 0.586491 0.809956
86.820199966 3.417031 2.195405 0.000000 0.000000 0.000000 0.586909 0.809653
86.919469357 3.420940 2.213558 0.000000 0.000000 0.000000 0.586728 0.809784
86.967871189 3.426014 2.223099 0.000000 0.000000 0.000000 0.586777 0.809749
87.056761026 3.432062 2.239228 0.000000 0.000000 0.000000 0.586180 0.810181
87.109259605 3.437822 2.250697 0.000000 0.000000 0.000000 0.585991 0.810318
87.192007065 3.442245 2.266963 0.000000 0.000000 0.000000 0.585903 0.810381
87.253980637 3.445100 2.277809 0.000000 0.000000 0.000000 0.586234 0.810142
87.349741697 3.447235 2.282884 0.000000 0.000000 0.000000 0.593708 0.804680
87.405018091 3.448670 2.288299 0.000000 0.000000 0.000000 0.597997 0.801498
87.485984564 3.449271 2.294394 0.000000 0.000000 0.000000 0.604144 0.796875
87.543567896 3.450153 2.297104 0.000000 0.000000 0.000000 0.608688 0.793410
87.634330273 3.450974 2.302215 0.000000 0.000000 0.000000 0.615941 0.787792
87.686902761 3.450128 2.302506 0.000000 0.000000 0.000000 0.620498 0.784208
87.787247896 3.452853 2.305673 0.000000 0.000000 0.000000 0.627811 0.778366
87.837472916 3.453223 2.315359 0.000000 0.000000 0.000000 0.628320 0.777955
87.916748285 3.456681 2.332133 0.000000 0.000000 0.000000 0.628465 0.777838
87.986268759 3.457328 2.344942 0.000000 0.000000 0.000000 0.628310 0.777963
88.086726427 3.460765 2.363695 0.000000 0.000000 0.000000 0.628182 0.778067
88.150101423 3.462372 2.374703 0.000000 0.000000 0.000000 0.628096 0.778136
88.240933418 3.461921 2.381418 0.000000 0.000000 0.000000 0.634556 0.772877
88.297403812 3.461060 2.384432 0.000000 0.000000 0.000000 0.639014 0.769195
88.386169910 3.460884 2.389680 0.000000 0.000000 0.000000 0.645727 0.763568
88.450335503 3.461880 2.393189 0.000000 0.000000 0.000000 0.651003 0.759075
88.535275698 3.460607 2.398504 0.000000 0.000000 0.000000 0.657129 0.753778
88.605426788 3.459079 2.404255 0.000000 0.000000 0.000000 0.662394 0.749156
88.683759212 3.460202 2.408778 0.000000 0.000000 0.000000 0.668362 0.743836
88.750116110 3.462236 2.418315 0.000000 0.000000 0.000000 0.668693 0.743538
88.851769447 3.461725 2.437112 0.000000 0.000000 0.000000 0.668769 0.743470
88.916266441 3.463033 2.448337 0.000000 0.000000 0.000000 0.669169 0.743110
89.002526760 3.464281 2.464938 0.000000 0.000000 0.000000 0.669212 0.743072
89.057895184 3.465832 2.475803 0.000000 0.000000 0.000000 0.669519 0.742795
89.140100241 3.467166 2.491475 0.000000 0.000000 0.000000 0.669854 0.742493
89.195465088 3.466664 2.495751 0.000000 0.000000 0.000000 0.674099 0.738641
89.289087772 3.467714 2.499561 0.000000 0.000000 0.000000 0.680535 0.732716
89.344048738 3.467873 2.500220 0.000000 0.000000 0.000000 0.684611 0.728908
89.440391302 3.468067 2.505197 0.000000 0.000000 0.000000 0.691525 0.722353
89.492968559 3.468506 2.507435 0.000000 0.000000 0.000000 0.695725 0.718308
89.607647657 3.468319 2.526910 0.000000 0.000000 0.000000 0.696215 0.717834
89.672281504 3.470242 2.539599 0.000000 0.000000 0.000000 0.696200 0.717848
89.768073082 3.472355 2.556888 0.000000 0.000000 0.000000 0.696242 0.717807
89.829360723 3.472342 2.568675 0.000000 0.000000 0.000000 0.696376 0.717677
89.918611765 3.472773 2.585156 0.000000 0.000000 0.000000 0.696421 0.717634
89.983339548 3.472660 2.596144 0.000000 0.000000 0.000000 0.696503 0.717554
90.075467348 3.473174 2.615445 0.000000 0.000000 0.000000 0.696353 0.717699
90.136802912 3.471802 2.628025 0.000000 0.000000 0.000000 0.695745 0.718289
90.217718840 3.471601 2.642859 0.000000 0.000000 0.000000 0.695796 0.718240
90.282570362 3.472575 2.655935 0.000000 0.000000 0.000000 0.695685 0.718347
90.377734184 3.474325 2.674285 0.000000 0.000000 0.000000 0.695882 0.718156
90.428593874 3.474346 2.685204 0.000000 0.000000 0.000000 0.695698 0.718334
90.510604858 3.475331 2.701148 0.000000 0.000000 0.000000 0.695746 0.718288
90.568803549 3.474657 2.713904 0.000000 0.000000 0.000000 0.695889 0.718149
90.669097900 3.475087 2.732938 0.000000 0.000000 0.000000 0.695712 0.718321
90.734403133 3.475585 2.748000 0.000000 0.000000 0.000000 0.695601 0.718428
90.817264557 3.475184 2.765515 0.000000 0.000000 0.000000 0.695996 0.718046
90.874949217 3.475491 2.777718 0.000000 0.000000 0.000000 0.695867 0.718171
90.977848291 3.476726 2.799805 0.000000 0.000000 0.000000 0.695636 0.718394
91.038990498 3.477153 2.811836 0.000000 0.000000 0.000000 0.695614 0.718416
91.132968187 3.478172 2.831185 0.000000 0.000000 0.000000 0.695317 0.718703
91.184181929 3.478706 2.841085 0.000000 0.000000 0.000000 0.695329 0.718691
91.277483940 3.479346 2.856788 0.000000 0.000000 0.000000 0.695441 0.718584
91.333750963 3.478837 2.868557 0.000000 0.000000 0.000000 0.695263 0.718756
91.435931683 3.480396 2.889352 0.000000 0.000000 0.000000 0.695180 0.718836
91.490885019 3.477549 2.899818 0.000000 0.000000 0.000000 0.695603 0.718427
91.596405983 3.477606 2.921082 0.000000 0.000000 0.000000 0.695584 0.718445
91.657889366 3.478369 2.934362 0.000000 0.000000 0.000000 0.695447 0.718578
91.744920015 3.478775 2.953198 0.000000 0.000000 0.000000 0.695431 0.718593
91.803375244 3.481007 2.965374 0.000000 0.000000 0.000000 0.695752 0.718282
91.889576912 3.482062 2.982474 0.000000 0.000000 0.000000 0.695960 0.718080
91.950321198 3.482799 2.993885 0.000000 0.000000 0.000000 0.695919 0.718120
92.040585995 3.483070 3.012563 0.000000 0.000000 0.000000 0.695984 0.718057
92.095539570 3.483342 3.025169 0.000000 0.000000 0.000000 0.696238 0.717811
92.180634975 3.484914 3.043693 0.000000 0.000000 0.000000 0.696390 0.717663
92.233907700 3.484927 3.055075 0.000000 0.000000 0.000000 0.696272 0.717778
92.324627161 3.484844 3.073779 0.000000 0.000000 0.000000 0.696152 0.717895
92.377721786 3.485309 3.086627 0.000000 0.000000 0.000000 0.696112 0.717933
92.477380037 3.484763 3.106756 0.000000 0.000000 0.000000 0.696109 0.717936
92.527386665 3.484662 3.118515 0.000000 0.000000 0.000000 0.695840 0.718197
92.615924358 3.485637 3.136083 0.000000 0.000000 0.000000 0.695642 0.718388
92.672314167 3.487101 3.145823 0.000000 0.000000 0.000000 0.695835 0.718202
92.773890257 3.487264 3.166796 0.000000 0.000000 0.000000 0.696068 0.717976
92.833395958 3.489116 3.179049 0.000000 0.000000 0.000000 0.695415 0.718608
92.924817085 3.488439 3.197256 0.000000 0.000000 0.000000 0.695446 0.718578
92.988978386 3.487264 3.211178 0.000000 0.000000 0.000000 0.695632 0.718399
93.100240469 3.486720 3.233487 0.000000 0.000000 0.000000 0.695889 0.718149
93.152472734 3.485586 3.243735 0.000000 0.000000 0.000000 0.696117 0.717928
93.248969555 3.486863 3.263808 0.000000 0.000000 0.000000 0.696237 0.717812
93.302347898 3.488020 3.274837 0.000000 0.000000 0.000000 0.696274 0.717776
93.402684212 3.487479 3.293786 0.000000 0.000000 0.000000 0.696249 0.717801
93.454676867 3.489101 3.303998 0.000000 0.000000 0.000000 0.695975 0.718066
93.552758694 3.487266 3.323206 0.000000 0.000000 0.000000 0.696112 0.717933
93.613630056 3.486862 3.334182 0.000000 0.000000 0.000000 0.696147 0.717899
93.707502604 3.488639 3.352972 0.000000 0.000000 0.000000 0.696171 0.717876
93.764230251 3.489205 3.364519 0.000000 0.000000 0.000000 0.696037 0.718005
93.873910427 3.491061 3.385624 0.000000 0.000000 0.000000 0.696077 0.717967
93.914932251 3.491473 3.394963 0.000000 0.000000 0.000000 0.696253 0.717796
94.005584240 3.489891 3.411167 0.000000 0.000000 0.000000 0.696346 0.717707
94.060539484 3.490581 3.421204 0.000000 0.000000 0.000000 0.696419 0.717635
94.156020403 3.490875 3.439217 0.000000 0.000000 0.000000 0.696239 0.717810
94.210253716 3.491362 3.450114 0.000000 0.000000 0.000000 0.696182 0.717866
94.306135893 3.491003 3.467475 0.000000 0.000000 0.000000 0.696118 0.717928
94.372974396 3.491163 3.478253 0.000000 0.000000 0.000000 0.696225 0.717823
94.471097946 3.492187 3.497421 0.000000 0.000000 0.000000 0.696298 0.717753
94.529613972 3.492530 3.508398 0.000000 0.000000 0.000000 0.696352 0.717700
94.627149820 3.492557 3.525821 0.000000 0.000000 0.000000 0.696217 0.717832
94.671769142 3.492824 3.534191 0.000000 0.000000 0.000000 0.696099 0.717946
94.763330460 3.492184 3.553018 0.000000 0.000000 0.000000 0.696050 0.717994
94.822440624 3.492289 3.564345 0.000000 0.000000 0.000000 0.695806 0.718229
94.912670851 3.491885 3.581062 0.000000 0.000000 0.000000 0.696025 0.718018
94.978972197 3.492784 3.592890 0.000000 0.000000 0.000000 0.696172 0.717875
95.068254471 3.495857 3.611206 0.000000 0.000000 0.000000 0.695810 0.718226
95.123470068 3.495081 3.620647 0.000000 0.000000 0.000000 0.695879 0.718159
95.210581541 3.495835 3.637256 0.000000 0.000000 0.000000 0.696102 0.717943
95.261231899 3.497871 3.646343 0.000000 0.000000 0.000000 0.696092 0.717952
95.358219862 3.499670 3.664440 0.000000 0.000000 0.000000 0.696214 0.717834
95.405269146 3.500841 3.673076 0.000000 0.000000 0.000000 0.696598 0.717462
95.495450497 3.502286 3.677429 0.000000 0.000000 0.000000 0.696606 0.717454
95.556711435 3.503006 3.677415 0.000000 0.000000 0.000000 0.696164 0.717883
95.654532194 3.501410 3.678030 0.000000 0.000000 0.000000 0.696187 0.717860
95.718507051 3.500697 3.678406 0.000000 0.000000 0.000000 0.696136 0.717910
95.809733868 3.499596 3.679171 0.000000 0.000000 0.000000 0.696294 0.717756
95.869915009 3.501047 3.676715 0.000000 0.000000 0.000000 0.696310 0.717741
95.968504429 3.499938 3.676362 0.000000 0.000000 0.000000 0.696166 0.717880
96.013655424 3.500205 3.676717 0.000000 0.000000 0.000000 0.695994 0.718048
96.105460644 3.500342 3.675979 0.000000 0.000000 0.000000 0.695888 0.718151
96.151817083 3.502223 3.675756 0.000000 0.000000 0.000000 0.696119 0.717926
96.249305487 3.502214 3.674903 0.000000 0.000000 0.000000 0.696272 0.717778
96.313171148 3.501360 3.674493 0.000000 0.000000 0.000000 0.696570 0.717489
96.411842108 3.502480 3.675516 0.000000 0.000000 0.000000 0.696566 0.717493
96.483254194 3.501418 3.677082 0.000000 0.000000 0.000000 0.696559 0.717499
96.576039553 3.500973 3.678322 0.000000 0.000000 0.000000 0.696968 0.717102
96.634468794 3.500689 3.678384 0.000000 0.000000 0.000000 0.696807 0.717259
96.723625898 3.500567 3.679116 0.000000 0.000000 0.000000 0.696883 0.717184
96.781600475 3.499921 3.679017 0.000000 0.000000 0.000000 0.696740 0.717324
96.866395235 3.496480 3.677448 0.000000 0.000000 0.000000 0.696294 0.717757
96.921135187 3.496737 3.677426 0.000000 0.000000 0.000000 0.696380 0.717673
97.019036293 3.496773 3.676879 0.000000 0.000000 0.000000 0.696630 0.717430
97.060910940 3.496772 3.676831 0.000000 0.000000 0.000000 0.696429 0.717626
97.153807163 3.495705 3.677734 0.000000 0.000000 0.000000 0.696225 0.717823
97.211027622 3.496751 3.677440 0.000000 0.000000 0.000000 0.696267 0.717783
97.305245876 3.497376 3.675875 0.000000 0.000000 0.000000 0.696419 0.717635
97.364989996 3.497826 3.676861 0.000000 0.000000 0.000000 0.696611 0.717449
97.465471268 3.498315 3.678427 0.000000 0.000000 0.000000 0.696516 0.717541
97.531141281 3.498700 3.677992 0.000000 0.000000 0.000000 0.696659 0.717402
97.607466698 3.498936 3.677811 0.000000 0.000000 0.000000 0.696596 0.717464
97.670571327 3.499173 3.677595 0.000000 0.000000 0.000000 0.696736 0.717327
97.761371374 3.498293 3.678587 0.000000 0.000000 0.000000 0.696948 0.717122
97.826786518 3.498604 3.678161 0.000000 0.000000 0.000000 0.697083 0.716990
97.904732704 3.497162 3.679489 0.000000 0.000000 0.000000 0.697170 0.716906
97.972033739 3.497341 3.680970 0.000000 0.000000 0.000000 0.697216 0.716861
98.065672398 3.495546 3.682607 0.000000 0.000000 0.000000 0.696939 0.717130
98.120881319 3.496072 3.682685 0.000000 0.000000 0.000000 0.696756 0.717308
98.209275961 3.497180 3.678373 0.000000 0.000000 0.000000 0.696331 0.717721
98.266049623 3.495981 3.678028 0.000000 0.000000 0.000000 0.696157 0.717890
98.353181839 3.495222 3.678804 0.000000 0.000000 0.000000 0.696166 0.717881
98.403073549 3.494262 3.679051 0.000000 0.000000 0.000000 0.696643 0.717418
98.490382910 3.493614 3.681010 0.000000 0.000000 0.000000 0.696771 0.717294
98.542252064 3.493108 3.681411 0.000000 0.000000 0.000000 0.696770 0.717295
98.624454260 3.491888 3.681175 0.000000 0.000000 0.000000 0.696954 0.717116
98.685510397 3.490735 3.681070 0.000000 0.000000 0.000000 0.697004 0.717067
98.779605627 3.489536 3.679787 0.000000 0.000000 0.000000 0.697088 0.716986
98.838194609 3.489415 3.680150 0.000000 0.000000 0.000000 0.696914 0.717155
98.929908276 3.489265 3.678363 0.000000 0.000000 0.000000 0.696943 0.717127
98.986426353 3.489637 3.677185 0.000000 0.000000 0.000000 0.697071 0.717003
99.090990067 3.488886 3.676389 0.000000 0.000000 0.000000 0.697254 0.716825
99.137984037 3.487711 3.675625 0.000000 0.000000 0.000000 0.697323 0.716757
99.222180128 3.487029 3.675068 0.000000 0.000000 0.000000 0.697262 0.716816
99.274515629 3.488622 3.676346 0.000000 0.000000 0.000000 0.697226 0.716851
99.372492313 3.488038 3.675828 0.000000 0.000000 0.000000 0.696883 0.717185
99.430688858 3.487285 3.674036 0.000000 0.000000 0.000000 0.697026 0.717046
99.544572830 3.489037 3.672915 0.000000 0.000000 0.000000 0.696765 0.717300
99.586899042 3.486448 3.672652 0.000000 0.000000 0.000000 0.696758 0.717306
99.684531927 3.486640 3.673191 0.000000 0.000000 0.000000 0.697050 0.717022
99.732462883 3.485741 3.674402 0.000000 0.000000 0.000000 0.696954 0.717116
99.817482233 3.485439 3.675678 0.000000 0.000000 0.000000 0.697169 0.716906
99.865893364 3.484301 3.676594 0.000000 0.000000 0.000000 0.697041 0.717031
99.974117994 3.483468 3.677093 0.000000 0.000000 0.000000 0.697218 0.716859
100.008396149 3.483854 3.678828 0.000000 0.000000 0.000000 0.697012 0.717059
100.099959850 3.484308 3.678394 0.000000 0.000000 0.000000 0.697027 0.717045
100.157341719 3.484018 3.677834 0.000000 0.000000 0.000000 0.697212 0.716865
100.251402378 3.483788 3.679153 0.000000 0.000000 0.000000 0.697530 0.716556
100.296842813 3.484620 3.682096 0.000000 0.000000 0.000000 0.697315 0.716765
100.386153460 3.482595 3.684184 0.000000 0.000000 0.000000 0.697733 0.716358
100.438560963 3.482435 3.684749 0.000000 0.000000 0.000000 0.697663 0.716426
100.523025513 3.482759 3.684902 0.000000 0.000000 0.000000 0.697939 0.716157
100.578892708 3.483506 3.684504 0.000000 0.000000 0.000000 0.698072 0.716027
100.666844606 3.482799 3.685036 0.000000 0.000000 0.000000 0.698044 0.716055
100.717916250 3.482913 3.685736 0.000000 0.000000 0.000000 0.698263 0.715842
100.814438343 3.482556 3.687058 0.000000 0.000000 0.000000 0.698138 0.715964
100.859156370 3.481640 3.686738 0.000000 0.000000 0.000000 0.698547 0.715564
100.952885628 3.483765 3.683964 0.000000 0.000000 0.000000 0.697869 0.716225
101.000487804 3.484507 3.684142 0.000000 0.000000 0.000000 0.697891 0.716204
101.085479736 3.484897 3.684633 0.000000 0.000000 0.000000 0.697761 0.716331
101.136031866 3.485140 3.685134 0.000000 0.000000 0.000000 0.697787 0.716305
101.229514122 3.485355 3.683315 0.000000 0.000000 0.000000 0.697944 0.716152
101.274351120 3.485601 3.684088 0.000000 0.000000 0.000000 0.697975 0.716122
101.373620749 3.485482 3.683870 0.000000 0.000000 0.000000 0.698027 0.716071
101.426921129 3.484251 3.683379 0.000000 0.000000 0.000000 0.698216 0.715887
101.521782160 3.485430 3.682986 0.000000 0.000000 0.000000 0.698544 0.715567
101.570658922 3.485954 3.682732 0.000000 0.000000 0.000000 0.698592 0.715520
101.657437325 3.484974 3.683880 0.000000 0.000000 0.000000 0.698777 0.715339
101.713495970 3.485804 3.684064 0.000000 0.000000 0.000000 0.698814 0.715303
101.799236774 3.484897 3.684843 0.000000 0.000000 0.000000 0.698815 0.715302
101.849389791 3.484635 3.684474 0.000000 0.000000 0.000000 0.698456 0.715653
101.945839167 3.485642 3.682168 0.000000 0.000000 0.000000 0.698373 0.715734
101.999189854 3.485692 3.682876 0.000000 0.000000 0.000000 0.697820 0.716273
102.086042404 3.486058 3.681794 0.000000 0.000000 0.000000 0.697818 0.716276
102.136522293 3.488513 3.680254 0.000000 0.000000 0.000000 0.697300 0.716780
102.221495152 3.488281 3.680257 0.000000 0.000000 0.000000 0.697127 0.716948
102.276251078 3.488377 3.680758 0.000000 0.000000 0.000000 0.697238 0.716840
102.367645025 3.487944 3.679663 0.000000 0.000000 0.000000 0.697148 0.716927
102.423708200 3.487561 3.679634 0.000000 0.000000 0.000000 0.696893 0.717175
102.525077105 3.487508 3.680596 0.000000 0.000000 0.000000 0.696931 0.717139
102.574762106 3.488670 3.680904 0.000000 0.000000 0.000000 0.696778 0.717287
102.674291134 3.488956 3.679525 0.000000 0.000000 0.000000 0.696288 0.717762
