56.000000000 0.000588 1.000224 0.000000 0.000000 0.000000 0.005649 0.999984
56.092626333 0.000839 1.001905 0.000000 0.000000 0.000000 0.003349 0.999994
56.136488199 0.000567 1.002113 0.000000 0.000000 0.000000 0.003339 0.999994
56.234569073 0.001849 1.000819 0.000000 0.000000 0.000000 0.001678 0.999999
56.291095257 0.001454 1.000423 0.000000 0.000000 0.000000 0.001800 0.999998
56.384810448 0.002093 1.000516 0.000000 0.000000 0.000000 0.001826 0.999998
56.432573795 0.001843 1.000620 0.000000 0.000000 0.000000 0.001764 0.999998
56.517774343 0.001373 0.999707 0.000000 0.000000 0.000000 0.001633 0.999999
56.566277504 0.001367 0.999093 0.000000 0.000000 0.000000 0.001477 0.999999
56.658776283 0.001674 0.999288 0.000000 0.000000 0.000000 0.001252 0.999999
56.719421625 0.002187 0.999288 0.000000 0.000000 0.000000 0.000934 1.000000
56.806190968 0.002266 0.998444 0.000000 0.000000 0.000000 0.000821 1.000000
56.859033823 0.001233 0.998637 0.000000 0.000000 0.000000 0.000857 1.000000
56.956225157 0.000890 0.998801 0.000000 0.000000 0.000000 0.000847 1.000000
56.992516994 0.000607 0.998745 0.000000 0.000000 0.000000 0.000762 1.000000
57.085117579 0.000034 0.998328 0.000000 0.000000 0.000000 0.000756 1.000000
57.135342836 0.000279 0.998451 0.000000 0.000000 0.000000 0.000674 1.000000
57.226917267 0.000603 0.998090 0.000000 0.000000 0.000000 0.000528 1.000000
57.280653477 -0.000461 0.998160 0.000000 0.000000 0.000000 0.000245 1.000000
57.376023293 -0.000360 0.999260 0.000000 0.000000 0.000000 0.000001 1.000000
57.421943903 -0.001010 1.000312 0.000000 0.000000 0.000000 0.000108 1.000000
57.506844759 0.000090 0.999442 0.000000 0.000000 0.000000 0.000499 1.000000
57.561612844 0.000072 0.999786 0.000000 0.000000 0.000000 0.000201 1.000000
57.661116600 -0.000661 1.000954 0.000000 0.000000 0.000000 -0.000006 1.000000
57.713097334 -0.000644 1.001033 0.000000 0.000000 0.000000 -0.000123 1.000000
57.818692207 -0.000891 1.000776 0.000000 0.000000 0.000000 -0.000146 1.000000
57.857132435 -0.001271 1.000244 0.000000 0.000000 0.000000 -0.000350 1.000000
57.942367077 -0.000738 1.001105 0.000000 0.000000 0.000000 -0.000358 1.000000
57.993121147 -0.000758 1.001040 0.000000 0.000000 0.000000 -0.000311 1.000000
58.084053516 -0.001110 1.001300 0.000000 0.000000 0.000000 -0.000460 1.000000
58.134043932 -0.001677 1.001863 0.000000 0.000000 0.000000 -0.000506 1.000000
58.226578236 -0.001197 1.001617 0.000000 0.000000 0.000000 -0.000471 1.000000
58.278188705 -0.000952 1.000871 0.000000 0.000000 0.000000 -0.000504 1.000000
58.375108480 -0.000703 1.000478 0.000000 0.000000 0.000000 -0.000419 1.000000
58.432198524 -0.000546 1.001836 0.000000 0.000000 0.000000 -0.000324 1.000000
58.513686180 -0.000764 1.000954 0.000000 0.000000 0.000000 -0.000454 1.000000
58.577755451 -0.000291 1.000608 0.000000 0.000000 0.000000 -0.000473 1.000000
58.663658381 -0.000566 1.000587 0.000000 0.000000 0.000000 -0.000513 1.000000
58.721382856 0.000111 1.001379 0.000000 0.000000 0.000000 -0.000659 1.000000
58.811643362 0.000078 1.001265 0.000000 0.000000 0.000000 -0.000671 1.000000
58.859117508 0.000632 1.001871 0.000000 0.000000 0.000000 -0.000671 1.000000
58.954252720 0.000805 1.001870 0.000000 0.000000 0.000000 -0.000712 1.000000
59.016629219 0.000926 1.002301 0.000000 0.000000 0.000000 -0.000654 1.000000
59.106379747 0.000155 1.002058 0.000000 0.000000 0.000000 -0.000769 1.000000
59.158839226 -0.000186 1.002667 0.000000 0.000000 0.000000 -0.000693 1.000000
59.239713192 -0.001076 1.002727 0.000000 0.000000 0.000000 -0.000748 1.000000
59.295119047 -0.001140 1.002658 0.000000 0.000000 0.000000 -0.000836 1.000000
59.400145054 -0.000752 1.002357 0.000000 0.000000 0.000000 -0.000830 1.000000
59.447155952 -0.000594 1.002969 0.000000 0.000000 0.000000 -0.000898 1.000000
59.543852329 -0.001458 1.003323 0.000000 0.000000 0.000000 -0.000734 1.000000
59.590034962 -0.002197 1.004221 0.000000 0.000000 0.000000 -0.001008 0.999999
59.665421247 -0.002609 1.004399 0.000000 0.000000 0.000000 -0.001030 0.999999
59.720851421 -0.002202 1.005593 0.000000 0.000000 0.000000 -0.001349 0.999999
59.805132151 -0.002332 1.005668 0.000000 0.000000 0.000000 -0.001625 0.999999
59.860359430 -0.002242 1.005915 0.000000 0.000000 0.000000 -0.001655 0.999999
59.957119226 -0.003076 1.005064 0.000000 0.000000 0.000000 -0.001552 0.999999
60.005816936 -0.003145 1.005029 0.000000 0.000000 0.000000 -0.001462 0.999999
60.089397669 -0.004316 1.004800 0.000000 0.000000 0.000000 -0.001726 0.999999
60.138172865 -0.004286 1.004925 0.000000 0.000000 0.000000 -0.001794 0.999998
60.220950127 -0.005271 1.005040 0.000000 0.000000 0.000000 -0.001666 0.999999
60.272440672 -0.005791 1.005410 0.000000 0.000000 0.000000 -0.001595 0.999999
60.365985632 -0.005844 1.005427 0.000000 0.000000 0.000000 -0.001564 0.999999
60.419920921 -0.005786 1.005889 0.000000 0.000000 0.000000 -0.001581 0.999999
60.517887354 -0.006067 1.005969 0.000000 0.000000 0.000000 -0.001723 0.999999
60.576246977 -0.006072 1.006079 0.000000 0.000000 0.000000 -0.001722 0.999999
60.661265135 -0.006086 1.005402 0.000000 0.000000 0.000000 -0.001846 0.999998
60.720116138 -0.005761 1.006251 0.000000 0.000000 0.000000 -0.001875 0.999998
60.806773424 -0.006227 1.006275 0.000000 0.000000 0.000000 -0.001805 0.999998
60.856551170 -0.006505 1.006839 0.000000 0.000000 0.000000 -0.001896 0.999998
60.954911470 -0.006643 1.006727 0.000000 0.000000 0.000000 -0.001926 0.999998
61.012297630 -0.006874 1.007313 0.000000 0.000000 0.000000 -0.002033 0.999998
61.109639168 -0.006902 1.008691 0.000000 0.000000 0.000000 -0.002110 0.999998
61.157109976 -0.006061 1.008870 0.000000 0.000000 0.000000 -0.002107 0.999998
61.239634752 -0.006107 1.008949 0.000000 0.000000 0.000000 -0.002120 0.999998
61.291578770 -0.006749 1.008812 0.000000 0.000000 0.000000 -0.001881 0.999998
61.377224922 -0.006538 1.009311 0.000000 0.000000 0.000000 -0.001877 0.999998
61.424571276 -0.006321 1.008970 0.000000 0.000000 0.000000 -0.001807 0.999998
61.517945051 -0.006224 1.008434 0.000000 0.000000 0.000000 -0.001697 0.999999
61.571182013 -0.006624 1.008899 0.000000 0.000000 0.000000 -0.001980 0.999998
61.674693108 -0.006826 1.009425 0.000000 0.000000 0.000000 -0.001856 0.999998
61.731230259 -0.007394 1.008503 0.000000 0.000000 0.000000 -0.001832 0.999998
61.823836803 -0.007065 1.008956 0.000000 0.000000 0.000000 -0.001853 0.999998
61.867137194 -0.006551 1.009054 0.000000 0.000000 0.000000 -0.001905 0.999998
61.957184315 -0.007366 1.009558 0.000000 0.000000 0.000000 -0.001858 0.999998
62.007257462 -0.008148 1.009560 0.000000 0.000000 0.000000 -0.001729 0.999999
62.096065044 -0.007597 1.009704 0.000000 0.000000 0.000000 -0.001806 0.999998
62.149833441 -0.007751 1.009350 0.000000 0.000000 0.000000 -0.001942 0.999998
62.231528997 0.008185 1.010034 0.000000 0.000000 0.000000 -0.001681 0.999999
62.288254261 0.019314 1.010040 0.000000 0.000000 0.000000 -0.001589 0.999999
62.372793436 0.035922 1.010406 0.000000 0.000000 0.000000 -0.001677 0.999999
62.437046528 0.047776 1.010074 0.000000 0.000000 0.000000 -0.001686 0.999999
62.518205643 0.063398 1.009757 0.000000 0.000000 0.000000 -0.001770 0.999998
62.573649645 0.074519 1.009928 0.000000 0.000000 0.000000 -0.001971 0.999998
62.658019066 0.090177 1.009993 0.000000 0.000000 0.000000 -0.001823 0.999998
62.708748341 0.099991 1.009886 0.000000 0.000000 0.000000 -0.001991 0.999998
62.802901506 0.118201 1.010378 0.000000 0.000000 0.000000 -0.001779 0.999998
62.862125397 0.130437 1.010232 0.000000 0.000000 0.000000 -0.001564 0.999999
62.944721937 0.146201 1.010196 0.000000 0.000000 0.000000 -0.001369 0.999999
63.001682520 0.157983 1.011181 0.000000 0.000000 0.000000 -0.001510 0.999999
63.096352816 0.176538 1.010312 0.000000 0.000000 0.000000 -0.001446 0.999999
63.140980959 0.186315 1.011079 0.000000 0.000000 0.000000 -0.001128 0.999999
63.224403381 0.203162 1.011035 0.000000 0.000000 0.000000 -0.001238 0.999999
63.278097630 0.213898 1.010931 0.000000 0.000000 0.000000 -0.001337 0.999999
63.378735542 0.233771 1.010478 0.000000 0.000000 0.000000 -0.001312 0.999999
63.429337263 0.243719 1.011954 0.000000 0.000000 0.000000 -0.001470 0.999999
63.507558107 0.258327 1.012690 0.000000 0.000000 0.000000 -0.001574 0.999999
63.561244726 0.268565 1.011850 0.000000 0.000000 0.000000 -0.001778 0.999998
63.651183605 0.285616 1.012194 0.000000 0.000000 0.000000 -0.001934 0.999998
63.722069025 0.299920 1.011707 0.000000 0.000000 0.000000 -0.002022 0.999998
63.818211794 0.317942 1.011509 0.000000 0.000000 0.000000 -0.002094 0.999998
63.867984533 0.328317 1.011786 0.000000 0.000000 0.000000 -0.002024 0.999998
63.954170942 0.345019 1.011816 0.000000 0.000000 0.000000 -0.002141 0.999998
64.007827759 0.355527 1.012343 0.000000 0.000000 0.000000 -0.002121 0.999998
64.098969221 0.373428 1.011528 0.000000 0.000000 0.000000 -0.002243 0.999997
64.150251389 0.382974 1.011837 0.000000 0.000000 0.000000 -0.002301 0.999997
64.240028858 0.400479 1.010581 0.000000 0.000000 0.000000 -0.002244 0.999997
64.291742325 0.410101 1.010601 0.000000 0.000000 0.000000 -0.002221 0.999998
64.384911537 0.427897 1.010883 0.000000 0.000000 0.000000 -0.002271 0.999997
64.438662767 0.437152 1.011046 0.000000 0.000000 0.000000 -0.002232 0.999998
64.529100657 0.454773 1.011642 0.000000 0.000000 0.000000 -0.002284 0.999997
64.581606388 0.465155 1.010659 0.000000 0.000000 0.000000 -0.002227 0.999998
64.666499376 0.481315 1.010121 0.000000 0.000000 0.000000 -0.002197 0.999998
64.719514608 0.492749 1.010453 0.000000 0.000000 0.000000 -0.002177 0.999998
64.801486015 0.508091 1.010351 0.000000 0.000000 0.000000 -0.002592 0.999997
64.853920698 0.518330 1.009532 0.000000 0.000000 0.000000 -0.002546 0.999997
64.943417788 0.536879 1.009367 0.000000 0.000000 0.000000 -0.002774 0.999996
64.995023489 0.547467 1.008914 0.000000 0.000000 0.000000 -0.002815 0.999996
65.076430798 0.564236 1.008442 0.000000 0.000000 0.000000 -0.002615 0.999997
65.137303352 0.576274 1.008615 0.000000 0.000000 0.000000 -0.002430 0.999997
65.235720634 0.594649 1.009027 0.000000 0.000000 0.000000 -0.002539 0.999997
65.286878586 0.604728 1.008802 0.000000 0.000000 0.000000 -0.002534 0.999997
65.388996363 0.625478 1.008449 0.000000 0.000000 0.000000 -0.002472 0.999997
65.443364143 0.636722 1.008659 0.000000 0.000000 0.000000 -0.002717 0.999996
65.533442974 0.654381 1.008792 0.000000 0.000000 0.000000 -0.002659 0.999996
65.583643198 0.663177 1.008565 0.000000 0.000000 0.000000 -0.002559 0.999997
65.666572094 0.679933 1.007640 0.000000 0.000000 0.000000 -0.002353 0.999997
65.718314648 0.691468 1.007205 0.000000 0.000000 0.000000 -0.002297 0.999997
65.813969851 0.709565 1.006580 0.000000 0.000000 0.000000 -0.002375 0.999997
65.860479355 0.719282 1.005594 0.000000 0.000000 0.000000 -0.002213 0.999998
65.949100494 0.737031 1.005569 0.000000 0.000000 0.000000 -0.001550 0.999999
66.006313324 0.748481 1.005573 0.000000 0.000000 0.000000 -0.001606 0.999999
66.091695070 0.765179 1.005017 0.000000 0.000000 0.000000 -0.001590 0.999999
66.150105000 0.776833 1.004738 0.000000 0.000000 0.000000 -0.001667 0.999999
66.245607138 0.795832 1.004510 0.000000 0.000000 0.000000 -0.001774 0.999998
66.289936066 0.804494 1.004673 0.000000 0.000000 0.000000 -0.002001 0.999998
66.374847174 0.821867 1.005622 0.000000 0.000000 0.000000 -0.001918 0.999998
66.427448988 0.831638 1.005959 0.000000 0.000000 0.000000 -0.002003 0.999998
66.515174389 0.849197 1.005898 0.000000 0.000000 0.000000 -0.002036 0.999998
66.565155268 0.859399 1.005572 0.000000 0.000000 0.000000 -0.001908 0.999998
66.668905973 0.880085 1.005442 0.000000 0.000000 0.000000 -0.001855 0.999998
66.720251560 0.890281 1.005646 0.000000 0.000000 0.000000 -0.002013 0.999998
66.818524122 0.909825 1.005495 0.000000 0.000000 0.000000 -0.001913 0.999998
66.862034321 0.918397 1.005184 0.000000 0.000000 0.000000 -0.001918 0.999998
66.948162079 0.935231 1.004902 0.000000 0.000000 0.000000 -0.001971 0.999998
66.998103142 0.945785 1.004315 0.000000 0.000000 0.000000 -0.001953 0.999998
67.100195885 0.965578 1.004155 0.000000 0.000000 0.000000 -0.001850 0.999998
67.157076359 0.976081 1.003783 0.000000 0.000000 0.000000 -0.001891 0.999998
67.269846916 0.997625 1.005815 0.000000 0.000000 0.000000 -0.001667 0.999999
67.325706720 1.007905 1.005739 0.000000 0.000000 0.000000 -0.001754 0.999998
67.417520761 1.025646 1.005662 0.000000 0.000000 0.000000 -0.001876 0.999998
67.475314379 1.036728 1.005938 0.000000 0.000000 0.000000 -0.001693 0.999999
67.587245464 1.060201 1.005730 0.000000 0.000000 0.000000 -0.001680 0.999999
67.657504320 1.074676 1.005847 0.000000 0.000000 0.000000 -0.001558 0.999999
67.744100571 1.091992 1.005727 0.000000 0.000000 0.000000 -0.001770 0.999998
67.809964418 1.104983 1.006098 0.000000 0.000000 0.000000 -0.001816 0.999998
67.907867193 1.124107 1.006003 0.000000 0.000000 0.000000 -0.001741 0.999998
67.955658197 1.133880 1.005597 0.000000 0.000000 0.000000 -0.001890 0.999998
68.043772697 1.152343 1.005814 0.000000 0.000000 0.000000 -0.001852 0.999998
68.092056751 1.162236 1.005898 0.000000 0.000000 0.000000 -0.001957 0.999998
68.198954105 1.183074 1.005642 0.000000 0.000000 0.000000 -0.001796 0.999998
68.239401817 1.192127 1.006160 0.000000 0.000000 0.000000 -0.001865 0.999998
68.334116697 1.210348 1.006453 0.000000 0.000000 0.000000 -0.001724 0.999999
68.393169165 1.221793 1.005971 0.000000 0.000000 0.000000 -0.001665 0.999999
68.488315105 1.239196 1.005619 0.000000 0.000000 0.000000 -0.001623 0.999999
68.548655272 1.251883 1.004854 0.000000 0.000000 0.000000 -0.001809 0.999998
68.628951550 1.267982 1.005116 0.000000 0.000000 0.000000 -0.001763 0.999998
68.688163757 1.279962 1.005634 0.000000 0.000000 0.000000 -0.001981 0.999998
68.771270037 1.296703 1.006280 0.000000 0.000000 0.000000 -0.002196 0.999998
68.824939728 1.308129 1.005855 0.000000 0.000000 0.000000 -0.002462 0.999997
68.927378178 1.326200 1.003916 0.000000 0.000000 0.000000 -0.002556 0.999997
68.988554239 1.338591 1.002936 0.000000 0.000000 0.000000 -0.002849 0.999996
69.091393948 1.358662 1.001682 0.000000 0.000000 0.000000 -0.002931 0.999996
69.142657280 1.369371 1.001378 0.000000 0.000000 0.000000 -0.002868 0.999996
69.226943970 1.386003 1.001012 0.000000 0.000000 0.000000 -0.002953 0.999996
69.291504383 1.398036 1.000417 0.000000 0.000000 0.000000 -0.003033 0.999995
69.395749092 1.418920 1.000495 0.000000 0.000000 0.000000 -0.003192 0.999995
69.444655418 1.429904 1.000486 0.000000 0.000000 0.000000 -0.003384 0.999994
69.543005466 1.449619 0.999770 0.000000 0.000000 0.000000 -0.003437 0.999994
69.595045090 1.459420 0.999317 0.000000 0.000000 0.000000 -0.003399 0.999994
69.695927858 1.479939 0.999272 0.000000 0.000000 0.000000 -0.003365 0.999994
69.753221989 1.491592 0.999439 0.000000 0.000000 0.000000 -0.003555 0.999994
69.852281094 1.511113 0.999586 0.000000 0.000000 0.000000 -0.003594 0.999994
69.909631014 1.522914 0.998637 0.000000 0.000000 0.000000 -0.003515 0.999994
70.003495455 1.542175 0.998825 0.000000 0.000000 0.000000 -0.003764 0.999993
70.055417776 1.552362 0.998878 0.000000 0.000000 0.000000 -0.003834 0.999993
70.137858391 1.568975 0.998767 0.000000 0.000000 0.000000 -0.004053 0.999992
70.199167728 1.580976 0.998687 0.000000 0.000000 0.000000 -0.004234 0.999991
70.302878618 1.601727 0.998352 0.000000 0.000000 0.000000 -0.004506 0.999990
70.369396687 1.615162 0.998493 0.000000 0.000000 0.000000 -0.004721 0.999989
70.461210728 1.633161 0.997623 0.000000 0.000000 0.000000 -0.004729 0.999989
70.509778738 1.642143 0.996331 0.000000 0.000000 0.000000 -0.004588 0.999989
70.599387646 1.660310 0.996619 0.000000 0.000000 0.000000 -0.004481 0.999990
70.656033039 1.672108 0.997168 0.000000 0.000000 0.000000 -0.004464 0.999990
70.768153429 1.694795 0.997094 0.000000 0.000000 0.000000 -0.004518 0.999990
70.815999985 1.703569 0.996699 0.000000 0.000000 0.000000 -0.004547 0.999990
70.900581121 1.720592 0.995660 0.000000 0.000000 0.000000 -0.004572 0.999990
70.955633402 1.731272 0.996021 0.000000 0.000000 0.000000 -0.004377 0.999990
71.042252779 1.747573 0.995974 0.000000 0.000000 0.000000 -0.004106 0.999992
71.103641987 1.760698 0.995761 0.000000 0.000000 0.000000 -0.003980 0.999992
71.186776161 1.777224 0.995584 0.000000 0.000000 0.000000 -0.004003 0.999992
71.250498533 1.789623 0.996812 0.000000 0.000000 0.000000 -0.004288 0.999991
71.341936827 1.795773 0.996403 0.000000 0.000000 0.000000 0.004479 0.999990
71.393325806 1.798837 0.996233 0.000000 0.000000 0.000000 0.009750 0.999952
71.487019539 1.803109 0.996071 0.000000 0.000000 0.000000 0.018840 0.999823
71.537977695 1.805823 0.994789 0.000000 0.000000 0.000000 0.024081 0.999710
71.626116753 1.809826 0.994436 0.000000 0.000000 0.000000 0.033081 0.999453
71.682151079 1.812916 0.995070 0.000000 0.000000 0.000000 0.038768 0.999248
71.763496399 1.818108 0.995380 0.000000 0.000000 0.000000 0.047046 0.998893
71.820455313 1.820475 0.996135 0.000000 0.000000 0.000000 0.052912 0.998599
71.918866396 1.826209 0.997538 0.000000 0.000000 0.000000 0.062465 0.998047
71.975845575 1.828283 0.997335 0.000000 0.000000 0.000000 0.068196 0.997672
72.068582535 1.831700 0.999021 0.000000 0.000000 0.000000 0.077480 0.996994
72.122643709 1.832670 0.997885 0.000000 0.000000 0.000000 0.083102 0.996541
72.217851877 1.851341 1.001794 0.000000 0.000000 0.000000 0.083302 0.996524
72.265589714 1.860639 1.004367 0.000000 0.000000 0.000000 0.083386 0.996517
72.354194641 1.877638 1.007634 0.000000 0.000000 0.000000 0.083418 0.996515
72.403216600 1.887666 1.010131 0.000000 0.000000 0.000000 0.083550 0.996504
72.504085302 1.907830 1.013932 0.000000 0.000000 0.000000 0.083661 0.996494
72.559812546 1.918165 1.016365 0.000000 0.000000 0.000000 0.083186 0.996534
72.641114473 1.934549 1.020332 0.000000 0.000000 0.000000 0.083139 0.996538
72.695553064 1.945679 1.022145 0.000000 0.000000 0.000000 0.083091 0.996542
72.784453154 1.963716 1.024409 0.000000 0.000000 0.000000 0.083064 0.996544
72.839464188 1.966862 1.024944 0.000000 0.000000 0.000000 0.088462 0.996080
72.931765556 1.971033 1.026932 0.000000 0.000000 0.000000 0.097524 0.995233
72.986810684 1.974469 1.027763 0.000000 0.000000 0.000000 0.102935 0.994688
73.071648121 1.978439 1.028376 0.000000 0.000000 0.000000 0.111356 0.993781
73.129702330 1.980834 1.028803 0.000000 0.000000 0.000000 0.117106 0.993119
73.227200508 1.985401 1.029534 0.000000 0.000000 0.000000 0.126661 0.991946
73.271549940 1.986116 1.030252 0.000000 0.000000 0.000000 0.131300 0.991343
73.365193605 2.004044 1.034547 0.000000 0.000000 0.000000 0.131723 0.991287
73.410813332 2.013238 1.036661 0.000000 0.000000 0.000000 0.131966 0.991254
73.495560646 2.029112 1.041684 0.000000 0.000000 0.000000 0.131915 0.991261
73.549853325 2.039020 1.043907 0.000000 0.000000 0.000000 0.132005 0.991249
73.635336399 2.056128 1.048019 0.000000 0.000000 0.000000 0.132022 0.991247
73.700213671 2.068649 1.051189 0.000000 0.000000 0.000000 0.132272 0.991214
73.794411182 2.086084 1.055740 0.000000 0.000000 0.000000 0.132250 0.991216
73.851395130 2.097976 1.059410 0.000000 0.000000 0.000000 0.132369 0.991201
73.934927464 2.114855 1.065484 0.000000 0.000000 0.000000 0.132501 0.991183
73.994324923 2.117809 1.065765 0.000000 0.000000 0.000000 0.138119 0.990416
74.076428652 2.121831 1.067111 0.000000 0.000000 0.000000 0.146157 0.989261
74.138641834 2.125017 1.067763 0.000000 0.000000 0.000000 0.152214 0.988348
74.232690811 2.128739 1.069427 0.000000 0.000000 0.000000 0.161459 0.986879
74.284757137 2.131214 1.069952 0.000000 0.000000 0.000000 0.166949 0.985966
74.368963718 2.135032 1.071130 0.000000 0.000000 0.000000 0.175205 0.984532
74.424954653 2.136991 1.073266 0.000000 0.000000 0.000000 0.180701 0.983538
74.512892008 2.141249 1.075833 0.000000 0.000000 0.000000 0.189143 0.981950
74.568120718 2.150610 1.080055 0.000000 0.000000 0.000000 0.189292 0.981921
74.659038782 2.166853 1.086785 0.000000 0.000000 0.000000 0.189584 0.981864
74.720528126 2.177990 1.091256 0.000000 0.000000 0.000000 0.189796 0.981824
74.807915449 2.194559 1.098711 0.000000 0.000000 0.000000 0.190004 0.981783
74.867791891 2.205376 1.104347 0.000000 0.000000 0.000000 0.190147 0.981756
74.956265450 2.221731 1.110632 0.000000 0.000000 0.000000 0.190477 0.981692
75.006022692 2.230251 1.114787 0.000000 0.000000 0.000000 0.190576 0.981672
75.093890429 2.246311 1.120929 0.000000 0.000000 0.000000 0.190695 0.981649
75.151803017 2.256783 1.125590 0.000000 0.000000 0.000000 0.190837 0.981622
75.237923384 2.272979 1.132717 0.000000 0.000000 0.000000 0.190857 0.981618
75.289012432 2.283131 1.135828 0.000000 0.000000 0.000000 0.190913 0.981607
75.377345324 2.299545 1.142127 0.000000 0.000000 0.000000 0.191008 0.981588
75.433693886 2.310984 1.146593 0.000000 0.000000 0.000000 0.191155 0.981560
75.537194490 2.330675 1.153434 0.000000 0.000000 0.000000 0.191233 0.981545
75.586070776 2.340457 1.156406 0.000000 0.000000 0.000000 0.191292 0.981533
75.689361572 2.359299 1.164097 0.000000 0.000000 0.000000 0.191270 0.981538
75.744805098 2.369303 1.167891 0.000000 0.000000 0.000000 0.191348 0.981522
75.826009274 2.384336 1.173441 0.000000 0.000000 0.000000 0.191175 0.981556
75.899021864 2.388478 1.174533 0.000000 0.000000 0.000000 0.198049 0.980192
75.992537260 2.392418 1.177170 0.000000 0.000000 0.000000 0.206830 0.978377
76.056124210 2.395395 1.178318 0.000000 0.000000 0.000000 0.213056 0.977040
76.141805172 2.398367 1.180190 0.000000 0.000000 0.000000 0.221443 0.975173
76.196712971 2.401582 1.180741 0.000000 0.000000 0.000000 0.226645 0.973977
76.279946327 2.405983 1.182969 0.000000 0.000000 0.000000 0.234469 0.972124
76.336917877 2.408613 1.184459 0.000000 0.000000 0.000000 0.240215 0.970720
76.431858301 2.412880 1.186660 0.000000 0.000000 0.000000 0.249280 0.968431
76.487337351 2.422099 1.191637 0.000000 0.000000 0.000000 0.249351 0.968413
76.576975346 2.436719 1.201488 0.000000 0.000000 0.000000 0.249334 0.968418
76.635664701 2.447365 1.207900 0.000000 0.000000 0.000000 0.249383 0.968405
76.736702204 2.465190 1.217356 0.000000 0.000000 0.000000 0.249111 0.968475
76.784813404 2.473065 1.221328 0.000000 0.000000 0.000000 0.248935 0.968520
76.872728825 2.488421 1.229782 0.000000 0.000000 0.000000 0.248872 0.968536
76.940669060 2.499485 1.235882 0.000000 0.000000 0.000000 0.249030 0.968496
77.039191484 2.516639 1.245823 0.000000 0.000000 0.000000 0.248929 0.968522
77.091496944 2.525893 1.251018 0.000000 0.000000 0.000000 0.248729 0.968573
77.178045034 2.529602 1.252748 0.000000 0.000000 0.000000 0.256809 0.966462
77.233334064 2.531845 1.254363 0.000000 0.000000 0.000000 0.262010 0.965065
77.321522951 2.536717 1.257770 0.000000 0.000000 0.000000 0.270557 0.962704
77.385615587 2.540091 1.259467 0.000000 0.000000 0.000000 0.276834 0.960918
77.482558012 2.555830 1.267672 0.000000 0.000000 0.000000 0.276961 0.960881
77.535058022 2.564416 1.272856 0.000000 0.000000 0.000000 0.276904 0.960898
77.635596514 2.581903 1.283277 0.000000 0.000000 0.000000 0.276882 0.960904
77.687636852 2.590410 1.288701 0.000000 0.000000 0.000000 0.276989 0.960873
77.783472538 2.606777 1.299168 0.000000 0.000000 0.000000 0.277286 0.960788
77.833787918 2.615762 1.304955 0.000000 0.000000 0.000000 0.277393 0.960757
77.940711260 2.636146 1.317380 0.000000 0.000000 0.000000 0.277293 0.960785
77.985099792 2.643927 1.323275 0.000000 0.000000 0.000000 0.277477 0.960732
78.074628830 2.659186 1.332747 0.000000 0.000000 0.000000 0.277392 0.960757
78.126539230 2.667984 1.338119 0.000000 0.000000 0.000000 0.277266 0.960793
78.225707769 2.672846 1.341519 0.000000 0.000000 0.000000 0.286653 0.958034
78.287621975 2.675218 1.343921 0.000000 0.000000 0.000000 0.292857 0.956156
78.371752024 2.689365 1.352532 0.000000 0.000000 0.000000 0.293221 0.956045
78.425225496 2.697817 1.357970 0.000000 0.000000 0.000000 0.293347 0.956006
78.525620699 2.713955 1.369394 0.000000 0.000000 0.000000 0.293486 0.955963
78.588539600 2.724123 1.376151 0.000000 0.000000 0.000000 0.293404 0.955989
78.670593977 2.736915 1.385254 0.000000 0.000000 0.000000 0.293555 0.955942
78.735427380 2.748482 1.392419 0.000000 0.000000 0.000000 0.293480 0.955965
78.827690363 2.763714 1.403181 0.000000 0.000000 0.000000 0.293487 0.955963
78.889282465 2.774500 1.409424 0.000000 0.000000 0.000000 0.293555 0.955942
78.986895561 2.790306 1.420189 0.000000 0.000000 0.000000 0.293521 0.955953
79.038242817 2.799234 1.426296 0.000000 0.000000 0.000000 0.293578 0.955935
79.133278370 2.803378 1.429647 0.000000 0.000000 0.000000 0.302461 0.953162
79.188038111 2.805392 1.432122 0.000000 0.000000 0.000000 0.307594 0.951518
79.274859905 2.809133 1.435666 0.000000 0.000000 0.000000 0.315856 0.948807
79.325020790 2.817474 1.441614 0.000000 0.000000 0.000000 0.315781 0.948832
79.419587612 2.832924 1.453315 0.000000 0.000000 0.000000 0.315823 0.948818
79.476016521 2.842095 1.459978 0.000000 0.000000 0.000000 0.315800 0.948826
79.572896481 2.857875 1.471595 0.000000 0.000000 0.000000 0.315643 0.948878
79.625355482 2.867171 1.477747 0.000000 0.000000 0.000000 0.315558 0.948906
79.715934038 2.880858 1.489034 0.000000 0.000000 0.000000 0.315547 0.948910
79.766192913 2.889884 1.495654 0.000000 0.000000 0.000000 0.315544 0.948911
79.851100206 2.903385 1.506065 0.000000 0.000000 0.000000 0.315638 0.948880
79.911969662 2.913074 1.514352 0.000000 0.000000 0.000000 0.315574 0.948901
80.005322218 2.928515 1.525752 0.000000 0.000000 0.000000 0.315408 0.948956
80.049822092 2.934646 1.532191 0.000000 0.000000 0.000000 0.315697 0.948860
80.144307137 2.949680 1.542253 0.000000 0.000000 0.000000 0.315829 0.948816
80.194717646 2.956789 1.548889 0.000000 0.000000 0.000000 0.315806 0.948824
80.283586025 2.960530 1.551986 0.000000 0.000000 0.000000 0.323801 0.946125
80.339012861 2.962127 1.553208 0.000000 0.000000 0.000000 0.328824 0.944391
80.432806969 2.966719 1.557771 0.000000 0.000000 0.000000 0.337482 0.941332
80.481657505 2.968319 1.560158 0.000000 0.000000 0.000000 0.342317 0.939584
80.570667744 2.970166 1.561955 0.000000 0.000000 0.000000 0.350838 0.936436
80.629180193 2.973206 1.561420 0.000000 0.000000 0.000000 0.356450 0.934314
80.725515127 2.976570 1.565075 0.000000 0.000000 0.000000 0.365154 0.930947
80.785824299 2.978536 1.566720 0.000000 0.000000 0.000000 0.371014 0.928627
80.885531425 2.981696 1.570976 0.000000 0.000000 0.000000 0.380221 0.924896
80.931448936 2.982810 1.573025 0.000000 0.000000 0.000000 0.384494 0.923127
81.023196459 2.996015 1.585692 0.000000 0.000000 0.000000 0.384877 0.922968
81.074112654 3.002021 1.593326 0.000000 0.000000 0.000000 0.384804 0.922998
81.169610262 3.015614 1.606582 0.000000 0.000000 0.000000 0.384834 0.922986
81.221564293 3.022518 1.614294 0.000000 0.000000 0.000000 0.384779 0.923009
81.317089081 3.035723 1.628418 0.000000 0.000000 0.000000 0.384579 0.923092
81.373459816 3.043206 1.636623 0.000000 0.000000 0.000000 0.384639 0.923067
81.468533754 3.056717 1.649839 0.000000 0.000000 0.000000 0.384735 0.923027
81.523016691 3.064666 1.658062 0.000000 0.000000 0.000000 0.384789 0.923004
81.598726511 3.075935 1.669279 0.000000 0.000000 0.000000 0.384736 0.923027
81.657386780 3.077374 1.671893 0.000000 0.000000 0.000000 0.389866 0.920872
81.743980408 3.081044 1.676504 0.000000 0.000000 0.000000 0.397691 0.917519
81.802433014 3.083469 1.679252 0.000000 0.000000 0.000000 0.403095 0.915158
81.892469883 3.086368 1.683116 0.000000 0.000000 0.000000 0.411286 0.911506
81.951400280 3.088168 1.686020 0.000000 0.000000 0.000000 0.416871 0.908966
82.051398516 3.091111 1.690192 0.000000 0.000000 0.000000 0.425774 0.904829
82.098116398 3.093257 1.692025 0.000000 0.000000 0.000000 0.430120 0.902772
82.188131332 3.102875 1.706371 0.000000 0.000000 0.000000 0.430614 0.902536
82.248149872 3.109680 1.716129 0.000000 0.000000 0.000000 0.430781 0.902457
82.336132288 3.121267 1.729758 0.000000 0.000000 0.000000 0.430913 0.902394
82.396090031 3.128286 1.739022 0.000000 0.000000 0.000000 0.430999 0.902352
82.493404388 3.140623 1.755332 0.000000 0.000000 0.000000 0.431160 0.902275
82.545469284 3.146268 1.763249 0.000000 0.000000 0.000000 0.431205 0.902254
82.645762682 3.159903 1.779347 0.000000 0.000000 0.000000 0.431093 0.902308
82.703368902 3.166592 1.789684 0.000000 0.000000 0.000000 0.431127 0.902291
82.786747932 3.177863 1.803215 0.000000 0.000000 0.000000 0.431117 0.902296
82.854153395 3.186958 1.813990 0.000000 0.000000 0.000000 0.431255 0.902230
82.943068027 3.198222 1.827840 0.000000 0.000000 0.000000 0.431082 0.902313
83.009804964 3.205667 1.839330 0.000000 0.000000 0.000000 0.430790 0.902452
83.085191727 3.215022 1.850991 0.000000 0.000000 0.000000 0.430676 0.902506
83.153803349 3.223903 1.862122 0.000000 0.000000 0.000000 0.430870 0.902414
83.241653681 3.235576 1.875385 0.000000 0.000000 0.000000 0.430998 0.902353
83.297069788 3.235795 1.878279 0.000000 0.000000 0.000000 0.435798 0.900044
83.389735460 3.238686 1.882293 0.000000 0.000000 0.000000 0.444187 0.895934
83.453119040 3.240526 1.884418 0.000000 0.000000 0.000000 0.449840 0.893109
83.537900448 3.245927 1.890189 0.000000 0.000000 0.000000 0.457609 0.889153
83.597048283 3.247100 1.891736 0.000000 0.000000 0.000000 0.462773 0.886477
83.717325926 3.250185 1.896755 0.000000 0.000000 0.000000 0.473111 0.881003
83.749479055 3.250289 1.897984 0.000000 0.000000 0.000000 0.476128 0.879376
83.838826418 3.253088 1.901479 0.000000 0.000000 0.000000 0.483887 0.875130
83.901724577 3.255386 1.903627 0.000000 0.000000 0.000000 0.489330 0.872098
83.992516994 3.258558 1.908075 0.000000 0.000000 0.000000 0.497140 0.867670
84.051721573 3.259656 1.910808 0.000000 0.000000 0.000000 0.502476 0.864591
84.156426907 3.261162 1.915650 0.000000 0.000000 0.000000 0.511487 0.859291
84.200500965 3.262058 1.917392 0.000000 0.000000 0.000000 0.515303 0.857008
84.283172131 3.270104 1.932438 0.000000 0.000000 0.000000 0.515598 0.856830
84.341853619 3.276466 1.942415 0.000000 0.000000 0.000000 0.515504 0.856887
84.440338135 3.285373 1.959745 0.000000 0.000000 0.000000 0.515488 0.856897
84.490278244 3.289749 1.968069 0.000000 0.000000 0.000000 0.515515 0.856881
84.590413809 3.298988 1.984511 0.000000 0.000000 0.000000 0.515598 0.856831
84.637861252 3.300131 1.987542 0.000000 0.000000 0.000000 0.519464 0.854492
84.731191397 3.302506 1.991871 0.000000 0.000000 0.000000 0.527199 0.849742
84.795961142 3.303878 1.995031 0.000000 0.000000 0.000000 0.532705 0.846301
84.885035038 3.305224 1.999387 0.000000 0.000000 0.000000 0.539998 0.841666
84.942189693 3.310440 2.010419 0.000000 0.000000 0.000000 0.540169 0.841557
85.035698891 3.317094 2.026570 0.000000 0.000000 0.000000 0.540294 0.841476
85.087255955 3.320592 2.035754 0.000000 0.000000 0.000000 0.540170 0.841556
85.177431345 3.327797 2.052354 0.000000 0.000000 0.000000 0.540058 0.841628
85.234461546 3.332944 2.062978 0.000000 0.000000 0.000000 0.540178 0.841551
85.317269802 3.339449 2.077167 0.000000 0.000000 0.000000 0.540111 0.841594
85.371974707 3.343391 2.086499 0.000000 0.000000 0.000000 0.540093 0.841605
85.478625298 3.346154 2.091679 0.000000 0.000000 0.000000 0.548755 0.835983
85.528799295 3.346756 2.093283 0.000000 0.000000 0.000000 0.552828 0.833295
85.623463392 3.348663 2.098764 0.000000 0.000000 0.000000 0.560377 0.828238
85.673765659 3.349803 2.102084 0.000000 0.000000 0.000000 0.564402 0.825500
85.763669968 3.357180 2.117986 0.000000 0.000000 0.000000 0.564574 0.825383
85.820935726 3.361441 2.128407 0.000000 0.000000 0.000000 0.564516 0.825422
85.910727024 3.366852 2.143999 0.000000 0.000000 0.000000 0.564461 0.825460
85.964876890 3.370063 2.154878 0.000000 0.000000 0.000000 0.564510 0.825427
86.051109076 3.376392 2.170182 0.000000 0.000000 0.000000 0.564387 0.825510
86.103527308 3.380425 2.180079 0.000000 0.000000 0.000000 0.564540 0.825405
86.201452255 3.387127 2.199563 0.000000 0.000000 0.000000 0.564282 0.825582
86.242657185 3.391057 2.208050 0.000000 0.000000 0.000000 0.564285 0.825580
86.334985495 3.398576 2.225798 0.000000 0.000000 0.000000 0.564015 0.825765
86.382092714 3.399710 2.227359 0.000000 0.000000 0.000000 0.568028 0.823009
86.472083092 3.401329 2.231607 0.000000 0.000000 0.000000 0.575427 0.817853
86.523828268 3.402930 2.233797 0.000000 0.000000 0.000000 0.579487 0.814982
86.615870237 3.404667 2.237652 0.000000 0.000000 0.000000 0.586893 0.809664
86.670076370 3.405168 2.240790 0.000000 0.000000 0.000000 0.591493 0.806310
86.774803400 3.410886 2.259821 0.000000 0.000000 0.000000 0.591643 0.806200
86.820199966 3.413795 2.269289 0.000000 0.000000 0.000000 0.591940 0.805982
86.919469357 3.420394 2.287897 0.000000 0.000000 0.000000 0.591953 0.805973
86.967871189 3.424414 2.297010 0.000000 0.000000 0.000000 0.592101 0.805864
87.056761026 3.430198 2.313194 0.000000 0.000000 0.000000 0.592139 0.805835
87.109259605 3.433880 2.323747 0.000000 0.000000 0.000000 0.592183 0.805803
87.192007065 3.439262 2.339854 0.000000 0.000000 0.000000 0.592148 0.805829
87.253980637 3.443567 2.351682 0.000000 0.000000 0.000000 0.592238 0.805763
87.349741697 3.446022 2.356069 0.000000 0.000000 0.000000 0.599748 0.800189
87.405018091 3.447454 2.358849 0.000000 0.000000 0.000000 0.603953 0.797020
87.485984564 3.449127 2.363060 0.000000 0.000000 0.000000 0.609981 0.792416
87.543567896 3.450217 2.365041 0.000000 0.000000 0.000000 0.614648 0.788801
87.634330273 3.451866 2.369595 0.000000 0.000000 0.000000 0.621811 0.783167
87.686902761 3.453005 2.372535 0.000000 0.000000 0.000000 0.626084 0.779756
87.787247896 3.454628 2.376708 0.000000 0.000000 0.000000 0.633797 0.773500
87.837472916 3.456316 2.386666 0.000000 0.000000 0.000000 0.633984 0.773346
87.916748285 3.459763 2.402568 0.000000 0.000000 0.000000 0.634244 0.773133
87.986268759 3.462740 2.416402 0.000000 0.000000 0.000000 0.634179 0.773187
88.086726427 3.467714 2.436517 0.000000 0.000000 0.000000 0.634157 0.773204
88.150101423 3.470707 2.448812 0.000000 0.000000 0.000000 0.634245 0.773132
88.240933418 3.472273 2.452597 0.000000 0.000000 0.000000 0.641006 0.767536
88.297403812 3.472443 2.455905 0.000000 0.000000 0.000000 0.645228 0.763990
88.386169910 3.473997 2.460356 0.000000 0.000000 0.000000 0.651733 0.758449
88.450335503 3.474764 2.463934 0.000000 0.000000 0.000000 0.656652 0.754193
88.535275698 3.474389 2.467893 0.000000 0.000000 0.000000 0.662813 0.748785
88.605426788 3.475071 2.471211 0.000000 0.000000 0.000000 0.668099 0.744072
88.683759212 3.475049 2.475898 0.000000 0.000000 0.000000 0.673827 0.738889
88.750116110 3.475980 2.489417 0.000000 0.000000 0.000000 0.673972 0.738757
88.851769447 3.478535 2.509793 0.000000 0.000000 0.000000 0.673726 0.738981
88.916266441 3.481013 2.522592 0.000000 0.000000 0.000000 0.673784 0.738928
89.002526760 3.481462 2.540184 0.000000 0.000000 0.000000 0.674019 0.738714
89.057895184 3.482125 2.551239 0.000000 0.000000 0.000000 0.674152 0.738592
89.140100241 3.486350 2.566464 0.000000 0.000000 0.000000 0.673803 0.738911
89.195465088 3.486412 2.569663 0.000000 0.000000 0.000000 0.677897 0.735157
89.289087772 3.486267 2.574676 0.000000 0.000000 0.000000 0.684636 0.728885
89.344048738 3.486919 2.577491 0.000000 0.000000 0.000000 0.688473 0.725262
89.440391302 3.486937 2.582272 0.000000 0.000000 0.000000 0.695413 0.718610
89.492968559 3.487217 2.584331 0.000000 0.000000 0.000000 0.698970 0.715151
89.607647657 3.487431 2.605800 0.000000 0.000000 0.000000 0.699191 0.714935
89.672281504 3.486890 2.618656 0.000000 0.000000 0.000000 0.699138 0.714987
89.768073082 3.487390 2.638899 0.000000 0.000000 0.000000 0.699149 0.714976
89.829360723 3.488413 2.651057 0.000000 0.000000 0.000000 0.699154 0.714972
89.918611765 3.488396 2.668528 0.000000 0.000000 0.000000 0.699275 0.714852
89.983339548 3.489780 2.680461 0.000000 0.000000 0.000000 0.699359 0.714770
90.075467348 3.490398 2.698777 0.000000 0.000000 0.000000 0.699235 0.714892
90.136802912 3.491228 2.711513 0.000000 0.000000 0.000000 0.699151 0.714974
90.217718840 3.491777 2.728291 0.000000 0.000000 0.000000 0.699082 0.715042
90.282570362 3.492316 2.741266 0.000000 0.000000 0.000000 0.698918 0.715202
90.377734184 3.492431 2.759996 0.000000 0.000000 0.000000 0.699004 0.715117
90.428593874 3.492701 2.768739 0.000000 0.000000 0.000000 0.698948 0.715173
90.510604858 3.492741 2.785180 0.000000 0.000000 0.000000 0.698991 0.715131
90.568803549 3.492502 2.797151 0.000000 0.000000 0.000000 0.698990 0.715131
90.669097900 3.492808 2.816339 0.000000 0.000000 0.000000 0.698879 0.715240
90.734403133 3.492277 2.828952 0.000000 0.000000 0.000000 0.698756 0.715360
90.817264557 3.492939 2.845487 0.000000 0.000000 0.000000 0.698827 0.715290
90.874949217 3.492899 2.857252 0.000000 0.000000 0.000000 0.698634 0.715480
90.977848291 3.493553 2.877910 0.000000 0.000000 0.000000 0.698717 0.715398
91.038990498 3.494277 2.889991 0.000000 0.000000 0.000000 0.698595 0.715518
91.132968187 3.495047 2.907096 0.000000 0.000000 0.000000 0.698563 0.715549
91.184181929 3.495921 2.918203 0.000000 0.000000 0.000000 0.698327 0.715779
91.277483940 3.496195 2.936102 0.000000 0.000000 0.000000 0.698358 0.715749
91.333750963 3.497387 2.946942 0.000000 0.000000 0.000000 0.698456 0.715653
91.435931683 3.497328 2.966576 0.000000 0.000000 0.000000 0.698222 0.715881
91.490885019 3.498283 2.978116 0.000000 0.000000 0.000000 0.698050 0.716049
91.596405983 3.499288 2.998591 0.000000 0.000000 0.000000 0.697976 0.716122
91.657889366 3.499141 3.010395 0.000000 0.000000 0.000000 0.698060 0.716039
91.744920015 3.499691 3.028509 0.000000 0.000000 0.000000 0.698062 0.716037
91.803375244 3.500232 3.040574 0.000000 0.000000 0.000000 0.698166 0.715936
91.889576912 3.501687 3.057655 0.000000 0.000000 0.000000 0.698260 0.715844
91.950321198 3.501905 3.069896 0.000000 0.000000 0.000000 0.698156 0.715946
92.040585995 3.501285 3.087225 0.000000 0.000000 0.000000 0.698147 0.715954
92.095539570 3.501797 3.098441 0.000000 0.000000 0.000000 0.698090 0.716010
92.180634975 3.502041 3.115815 0.000000 0.000000 0.000000 0.698208 0.715895
92.233907700 3.502617 3.127139 0.000000 0.000000 0.000000 0.698203 0.715900
92.324627161 3.502456 3.145126 0.000000 0.000000 0.000000 0.698201 0.715901
92.377721786 3.502359 3.156679 0.000000 0.000000 0.000000 0.698177 0.715925
92.477380037 3.502777 3.175940 0.000000 0.000000 0.000000 0.698253 0.715851
92.527386665 3.503051 3.186552 0.000000 0.000000 0.000000 0.698339 0.715767
92.615924358 3.503700 3.204896 0.000000 0.000000 0.000000 0.698390 0.715717
92.672314167 3.503930 3.215662 0.000000 0.000000 0.000000 0.698427 0.715681
92.773890257 3.505247 3.235990 0.000000 0.000000 0.000000 0.698552 0.715559
92.833395958 3.505696 3.248688 0.000000 0.000000 0.000000 0.698455 0.715654
92.924817085 3.506577 3.266820 0.000000 0.000000 0.000000 0.698610 0.715503
92.988978386 3.506502 3.279490 0.000000 0.000000 0.000000 0.698592 0.715520
93.100240469 3.507418 3.300983 0.000000 0.000000 0.000000 0.698507 0.715604
93.152472734 3.508298 3.311128 0.000000 0.000000 0.000000 0.698448 0.715661
93.248969555 3.509561 3.330760 0.000000 0.000000 0.000000 0.698425 0.715683
93.302347898 3.509842 3.341441 0.000000 0.000000 0.000000 0.698402 0.715706
93.402684212 3.509632 3.361345 0.000000 0.000000 0.000000 0.698394 0.715713
93.454676867 3.508970 3.371351 0.000000 0.000000 0.000000 0.698358 0.715749
93.552758694 3.509571 3.390296 0.000000 0.000000 0.000000 0.698548 0.715563
93.613630056 3.509735 3.401785 0.000000 0.000000 0.000000 0.698586 0.715527
93.707502604 3.509108 3.421668 0.000000 0.000000 0.000000 0.698449 0.715660
93.764230251 3.509614 3.433241 0.000000 0.000000 0.000000 0.698423 0.715685
93.873910427 3.509540 3.454911 0.000000 0.000000 0.000000 0.698354 0.715753
93.914932251 3.510377 3.464080 0.000000 0.000000 0.000000 0.698509 0.715601
94.005584240 3.509827 3.482223 0.000000 0.000000 0.000000 0.698409 0.715699
94.060539484 3.510140 3.491827 0.000000 0.000000 0.000000 0.698601 0.715512
94.156020403 3.511181 3.510701 0.000000 0.000000 0.000000 0.698442 0.715666
94.210253716 3.511168 3.521670 0.000000 0.000000 0.000000 0.698633 0.715480
94.306135893 3.510052 3.539931 0.000000 0.000000 0.000000 0.698625 0.715488
94.372974396 3.510176 3.552443 0.000000 0.000000 0.000000 0.698656 0.715458
94.471097946 3.510655 3.572224 0.000000 0.000000 0.000000 0.698692 0.715422
94.529613972 3.510301 3.583882 0.000000 0.000000 0.000000 0.698633 0.715480
94.627149820 3.510307 3.603046 0.000000 0.000000 0.000000 0.698552 0.715559
94.671769142 3.509044 3.612755 0.000000 0.000000 0.000000 0.698082 0.716018
94.763330460 3.509557 3.631391 0.000000 0.000000 0.000000 0.698138 0.715963
94.822440624 3.509668 3.643139 0.000000 0.000000 0.000000 0.698092 0.716008
94.912670851 3.509705 3.660559 0.000000 0.000000 0.000000 0.698123 0.715978
94.978972197 3.509904 3.673749 0.000000 0.000000 0.000000 0.698191 0.715911
95.068254471 3.511070 3.692251 0.000000 0.000000 0.000000 0.698261 0.715843
95.123470068 3.511451 3.703363 0.000000 0.000000 0.000000 0.698332 0.715774
95.210581541 3.512015 3.720811 0.000000 0.000000 0.000000 0.698477 0.715633
95.261231899 3.512344 3.731462 0.000000 0.000000 0.000000 0.698552 0.715559
95.358219862 3.512490 3.750287 0.000000 0.000000 0.000000 0.698568 0.715543
95.405269146 3.512317 3.759370 0.000000 0.000000 0.000000 0.698575 0.715537
95.495450497 3.511413 3.760556 0.000000 0.000000 0.000000 0.698417 0.715691
95.556711435 3.511146 3.760917 0.000000 0.000000 0.000000 0.698496 0.715614
95.654532194 3.511896 3.760991 0.000000 0.000000 0.000000 0.698560 0.715551
95.718507051 3.510950 3.761018 0.000000 0.000000 0.000000 0.698473 0.715636
95.809733868 3.510652 3.761082 0.000000 0.000000 0.000000 0.698530 0.715581
95.869915009 3.510792 3.761213 0.000000 0.000000 0.000000 0.698628 0.715485
95.968504429 3.510825 3.760654 0.000000 0.000000 0.000000 0.698692 0.715423
96.013655424 3.511181 3.760332 0.000000 0.000000 0.000000 0.698482 0.715627
96.105460644 3.510713 3.760353 0.000000 0.000000 0.000000 0.698561 0.715550
96.151817083 3.510616 3.759980 0.000000 0.000000 0.000000 0.698569 0.715542
96.249305487 3.510826 3.760065 0.000000 0.000000 0.000000 0.698837 0.715281
96.313171148 3.510455 3.759700 0.000000 0.000000 0.000000 0.698888 0.715231
96.411842108 3.510685 3.759614 0.000000 0.000000 0.000000 0.699044 0.715079
96.483254194 3.510859 3.760158 0.000000 0.000000 0.000000 0.699071 0.715052
96.576039553 3.510908 3.760505 0.000000 0.000000 0.000000 0.699132 0.714993
96.634468794 3.512032 3.760349 0.000000 0.000000 0.000000 0.699159 0.714966
96.723625898 3.511419 3.759811 0.000000 0.000000 0.000000 0.699109 0.715016
96.781600475 3.511980 3.760029 0.000000 0.000000 0.000000 0.699157 0.714968
96.866395235 3.512536 3.760433 0.000000 0.000000 0.000000 0.699332 0.714797
96.921135187 3.512217 3.759986 0.000000 0.000000 0.000000 0.699309 0.714819
97.019036293 3.511937 3.759974 0.000000 0.000000 0.000000 0.699403 0.714727
97.060910940 3.512715 3.761393 0.000000 0.000000 0.000000 0.699561 0.714573
97.153807163 3.512957 3.760971 0.000000 0.000000 0.000000 0.699539 0.714595
97.211027622 3.513085 3.762171 0.000000 0.000000 0.000000 0.699601 0.714534
97.305245876 3.512968 3.761556 0.000000 0.000000 0.000000 0.699565 0.714569
97.364989996 3.511994 3.761524 0.000000 0.000000 0.000000 0.699680 0.714457
97.465471268 3.511108 3.762638 0.000000 0.000000 0.000000 0.699733 0.714404
97.531141281 3.512433 3.762841 0.000000 0.000000 0.000000 0.699826 0.714314
97.607466698 3.512789 3.763206 0.000000 0.000000 0.000000 0.699964 0.714178
97.670571327 3.512754 3.763868 0.000000 0.000000 0.000000 0.699924 0.714218
97.761371374 3.512972 3.763315 0.000000 0.000000 0.000000 0.700020 0.714123
97.826786518 3.513078 3.763258 0.000000 0.000000 0.000000 0.699969 0.714173
97.904732704 3.512524 3.762529 0.000000 0.000000 0.000000 0.700039 0.714105
97.972033739 3.512309 3.762235 0.000000 0.000000 0.000000 0.700125 0.714021
98.065672398 3.512266 3.761839 0.000000 0.000000 0.000000 0.700068 0.714076
98.120881319 3.511663 3.761398 0.000000 0.000000 0.000000 0.700101 0.714044
98.209275961 3.512358 3.761965 0.000000 0.000000 0.000000 0.700092 0.714052
98.266049623 3.512444 3.761669 0.000000 0.000000 0.000000 0.700026 0.714117
98.353181839 3.511805 3.761829 0.000000 0.000000 0.000000 0.700006 0.714137
98.403073549 3.512184 3.761954 0.000000 0.000000 0.000000 0.700148 0.713998
98.490382910 3.512163 3.762249 0.000000 0.000000 0.000000 0.700067 0.714077
98.542252064 3.511211 3.762010 0.000000 0.000000 0.000000 0.699903 0.714238
98.624454260 3.511078 3.763101 0.000000 0.000000 0.000000 0.699949 0.714193
98.685510397 3.511035 3.764173 0.000000 0.000000 0.000000 0.699853 0.714287
98.779605627 3.510366 3.763660 0.000000 0.000000 0.000000 0.699941 0.714201
98.838194609 3.511150 3.764796 0.000000 0.000000 0.000000 0.699977 0.714166
98.929908276 3.510683 3.766061 0.000000 0.000000 0.000000 0.700042 0.714102
98.986426353 3.510965 3.764660 0.000000 0.000000 0.000000 0.700053 0.714091
99.090990067 3.510243 3.764582 0.000000 0.000000 0.000000 0.700176 0.713970
99.137984037 3.510092 3.764398 0.000000 0.000000 0.000000 0.700084 0.714060
99.222180128 3.510271 3.764254 0.000000 0.000000 0.000000 0.700157 0.713989
99.274515629 3.510368 3.763917 0.000000 0.000000 0.000000 0.700130 0.714016
99.372492313 3.510374 3.764365 0.000000 0.000000 0.000000 0.700036 0.714108
99.430688858 3.510741 3.763936 0.000000 0.000000 0.000000 0.699995 0.714148
99.544572830 3.510355 3.763788 0.000000 0.000000 0.000000 0.699932 0.714209
99.586899042 3.509371 3.763231 0.000000 0.000000 0.000000 0.700187 0.713959
99.684531927 3.509072 3.763810 0.000000 0.000000 0.000000 0.700230 0.713917
99.732462883 3.508277 3.763733 0.000000 0.000000 0.000000 0.700150 0.713996
99.817482233 3.507298 3.764841 0.000000 0.000000 0.000000 0.700216 0.713931
99.865893364 3.507568 3.763196 0.000000 0.000000 0.000000 0.700083 0.714061
99.974117994 3.507161 3.762690 0.000000 0.000000 0.000000 0.700055 0.714089
100.008396149 3.506957 3.762250 0.000000 0.000000 0.000000 0.700091 0.714054
100.099959850 3.505731 3.762353 0.000000 0.000000 0.000000 0.700091 0.714053
100.157341719 3.505570 3.762102 0.000000 0.000000 0.000000 0.700031 0.714112
100.251402378 3.504936 3.761246 0.000000 0.000000 0.000000 0.700283 0.713865
100.296842813 3.505282 3.761348 0.000000 0.000000 0.000000 0.700235 0.713913
100.386153460 3.505548 3.760997 0.000000 0.000000 0.000000 0.700221 0.713926
100.438560963 3.505707 3.761187 0.000000 0.000000 0.000000 0.700198 0.713949
100.523025513 3.505320 3.760754 0.000000 0.000000 0.000000 0.700250 0.713898
100.578892708 3.505499 3.759970 0.000000 0.000000 0.000000 0.700346 0.713804
100.666844606 3.505329 3.759599 0.000000 0.000000 0.000000 0.700567 0.713587
100.717916250 3.505317 3.759619 0.000000 0.000000 0.000000 0.700499 0.713654
100.814438343 3.505067 3.759039 0.000000 0.000000 0.000000 0.700461 0.713691
100.859156370 3.504642 3.758649 0.000000 0.000000 0.000000 0.700466 0.713686
100.952885628 3.504234 3.759038 0.000000 0.000000 0.000000 0.700409 0.713741
101.000487804 3.504094 3.759395 0.000000 0.000000 0.000000 0.700400 0.713751
101.085479736 3.503350 3.759364 0.000000 0.000000 0.000000 0.700447 0.713705
101.136031866 3.504154 3.759267 0.000000 0.000000 0.000000 0.700491 0.713662
101.229514122 3.503494 3.758878 0.000000 0.000000 0.000000 0.700464 0.713688
101.274351120 3.503628 3.759207 0.000000 0.000000 0.000000 0.700474 0.713678
101.373620749 3.504231 3.759071 0.000000 0.000000 0.000000 0.700571 0.713583
101.426921129 3.504955 3.758362 0.000000 0.000000 0.000000 0.700555 0.713598
101.521782160 3.504704 3.758443 0.000000 0.000000 0.000000 0.700697 0.713459
101.570658922 3.504411 3.758238 0.000000 0.000000 0.000000 0.700633 0.713522
101.657437325 3.503477 3.758496 0.000000 0.000000 0.000000 0.700670 0.713486
101.713495970 3.502659 3.758765 0.000000 0.000000 0.000000 0.700753 0.713404
101.799236774 3.502329 3.758981 0.000000 0.000000 0.000000 0.700779 0.713379
101.849389791 3.501859 3.759538 0.000000 0.000000 0.000000 0.700848 0.713311
101.945839167 3.501300 3.760546 0.000000 0.000000 0.000000 0.700879 0.713280
101.999189854 3.502038 3.760628 0.000000 0.000000 0.000000 0.700824 0.713334
102.086042404 3.502087 3.760385 0.000000 0.000000 0.000000 0.700814 0.713345
102.136522293 3.502408 3.761217 0.000000 0.000000 0.000000 0.700756 0.713401
102.221495152 3.502511 3.761450 0.000000 0.000000 0.000000 0.700588 0.713566
102.276251078 3.503415 3.760626 0.000000 0.000000 0.000000 0.700639 0.713516
102.367645025 3.503076 3.760465 0.000000 0.000000 0.000000 0.700580 0.713574
102.423708200 3.502635 3.759848 0.000000 0.000000 0.000000 0.700726 0.713430
102.525077105 3.503475 3.760775 0.000000 0.000000 0.000000 0.700752 0.713405
102.574762106 3.504710 3.760088 0.000000 0.000000 0.000000 0.700807 0.713351
102.674291134 3.504397 3.760173 0.000000 0.000000 0.000000 0.700964 0.713197
